2017.02.03 09:00:00.525,0.76323,0.76342,1.00,3.00
2017.02.03 09:00:02.167,0.76324,0.76342,1.00,3.00
2017.02.03 09:00:02.484,0.76324,0.76339,1.00,2.25
2017.02.03 09:00:02.764,0.76322,0.76339,1.12,2.25
2017.02.03 09:00:02.865,0.7632,0.76338,1.12,2.25
2017.02.03 09:00:02.965,0.7632,0.76339,1.37,2.25
2017.02.03 09:00:03.484,0.76321,0.7634,1.37,2.25
2017.02.03 09:00:04.022,0.7632,0.7634,1.37,2.25
2017.02.03 09:00:04.089,0.76321,0.7634,1.37,2.25
2017.02.03 09:00:04.139,0.7632,0.76338,1.12,2.25
2017.02.03 09:00:04.341,0.76321,0.7634,1.37,2.25
2017.02.03 09:00:04.865,0.76322,0.7634,1.37,2.25
2017.02.03 09:00:05.578,0.76323,0.76341,1.12,3.22
2017.02.03 09:00:06.441,0.76323,0.76342,1.37,3.00
2017.02.03 09:00:07.488,0.76324,0.76341,1.00,2.25
2017.02.03 09:00:08.046,0.76323,0.76341,1.12,3.00
2017.02.03 09:00:10.865,0.76324,0.76341,1.37,1.37
2017.02.03 09:00:11.253,0.76324,0.76341,1.00,2.25
2017.02.03 09:00:11.354,0.76322,0.76339,1.12,2.25
2017.02.03 09:00:11.465,0.76323,0.7634,1.00,1.37
2017.02.03 09:00:11.565,0.76323,0.76339,1.00,2.25
2017.02.03 09:00:12.119,0.76322,0.76339,1.12,3.00
2017.02.03 09:00:12.836,0.76321,0.76339,1.00,3.00
2017.02.03 09:00:14.146,0.76322,0.76339,1.00,2.25
2017.02.03 09:00:14.359,0.76323,0.76342,1.12,3.97
2017.02.03 09:00:14.474,0.76323,0.76341,1.12,2.25
2017.02.03 09:00:14.574,0.76323,0.76342,1.37,3.22
2017.02.03 09:00:15.030,0.76326,0.76343,1.00,3.00
2017.02.03 09:00:15.181,0.76327,0.76344,1.12,2.25
2017.02.03 09:00:16.187,0.76324,0.76342,1.37,1.67
2017.02.03 09:00:16.287,0.76324,0.76342,1.12,2.25
2017.02.03 09:00:16.880,0.76325,0.76342,1.00,2.25
2017.02.03 09:00:17.721,0.76325,0.76342,1.12,2.25
2017.02.03 09:00:18.227,0.76325,0.76344,1.37,3.22
2017.02.03 09:00:18.277,0.76327,0.76345,1.00,1.37
2017.02.03 09:00:18.814,0.76327,0.76345,1.37,2.25
2017.02.03 09:00:19.065,0.7633,0.76347,1.00,2.25
2017.02.03 09:00:21.409,0.76331,0.76347,1.00,2.25
2017.02.03 09:00:22.573,0.7633,0.76347,1.00,2.25
2017.02.03 09:00:23.710,0.76329,0.76346,1.00,1.37
2017.02.03 09:00:25.026,0.76327,0.76345,1.12,1.37
2017.02.03 09:00:25.126,0.76326,0.76344,1.37,1.37
2017.02.03 09:00:26.797,0.76327,0.76344,1.00,3.97
2017.02.03 09:00:26.958,0.76325,0.76342,1.00,1.37
2017.02.03 09:00:27.109,0.76324,0.76341,1.00,2.25
2017.02.03 09:00:27.783,0.76324,0.76341,1.00,2.25
2017.02.03 09:00:28.288,0.76323,0.76341,1.12,2.25
2017.02.03 09:00:28.865,0.76324,0.76342,1.12,3.00
2017.02.03 09:00:30.121,0.76324,0.76342,1.12,1.37
2017.02.03 09:00:31.077,0.76325,0.76342,1.00,1.37
2017.02.03 09:00:31.596,0.76324,0.76342,1.12,3.00
2017.02.03 09:00:32.140,0.76324,0.76342,1.00,1.67
2017.02.03 09:00:32.463,0.76324,0.7634,1.00,2.25
2017.02.03 09:00:32.616,0.76324,0.76342,1.37,2.25
2017.02.03 09:00:33.120,0.76324,0.76342,1.37,1.37
2017.02.03 09:00:34.006,0.76323,0.76341,1.37,1.67
2017.02.03 09:00:34.107,0.76323,0.7634,1.00,3.00
2017.02.03 09:00:34.613,0.76324,0.76342,1.12,3.00
2017.02.03 09:00:35.218,0.76325,0.76343,1.12,2.25
2017.02.03 09:00:35.542,0.76323,0.76341,1.12,1.67
2017.02.03 09:00:35.642,0.76321,0.7634,1.12,1.37
2017.02.03 09:00:35.967,0.7632,0.76337,1.12,1.37
2017.02.03 09:00:36.311,0.76322,0.76338,1.00,2.25
2017.02.03 09:00:36.878,0.76321,0.76338,1.00,2.25
2017.02.03 09:00:37.698,0.7632,0.76338,1.12,2.25
2017.02.03 09:00:38.456,0.7632,0.76338,1.37,2.25
2017.02.03 09:00:39.014,0.7632,0.76338,1.12,2.62
2017.02.03 09:00:39.546,0.76316,0.76336,1.37,2.62
2017.02.03 09:00:40.049,0.76315,0.76335,1.12,4.35
2017.02.03 09:00:40.647,0.76314,0.76334,1.12,3.00
2017.02.03 09:00:40.859,0.76314,0.76331,1.12,2.25
2017.02.03 09:00:41.641,0.76313,0.76331,1.12,2.25
2017.02.03 09:00:42.283,0.76313,0.76332,1.37,2.25
2017.02.03 09:00:42.718,0.76314,0.76333,1.37,1.87
2017.02.03 09:00:43.020,0.76314,0.76334,1.12,3.75
2017.02.03 09:00:43.120,0.76314,0.76334,3.00,1.37
2017.02.03 09:00:43.554,0.76315,0.76332,1.12,1.37
2017.02.03 09:00:43.855,0.76314,0.76332,2.25,1.37
2017.02.03 09:00:44.157,0.76315,0.76333,1.12,2.25
2017.02.03 09:00:44.258,0.76315,0.76334,1.37,3.00
2017.02.03 09:00:44.745,0.76314,0.76332,1.37,2.25
2017.02.03 09:00:45.282,0.76315,0.76333,1.37,1.50
2017.02.03 09:00:45.884,0.76315,0.76333,1.37,1.37
2017.02.03 09:00:46.429,0.76315,0.76333,1.37,1.37
2017.02.03 09:00:47.432,0.76315,0.76333,1.37,1.37
2017.02.03 09:00:47.953,0.76315,0.76333,1.37,1.37
2017.02.03 09:00:49.271,0.76315,0.76333,1.37,1.12
2017.02.03 09:00:50.281,0.76318,0.76334,1.12,1.37
2017.02.03 09:00:50.381,0.76319,0.76334,1.12,1.12
2017.02.03 09:00:50.595,0.76321,0.76338,1.00,1.87
2017.02.03 09:00:51.152,0.76319,0.76337,1.37,1.37
2017.02.03 09:00:51.840,0.76319,0.76337,1.37,1.37
2017.02.03 09:00:52.668,0.76319,0.76337,1.37,1.37
2017.02.03 09:00:53.170,0.76319,0.76337,1.37,2.25
2017.02.03 09:00:56.693,0.7632,0.76336,1.00,1.37
2017.02.03 09:00:56.894,0.76317,0.76335,1.37,1.37
2017.02.03 09:00:57.422,0.76317,0.76335,1.00,1.37
2017.02.03 09:00:58.281,0.76315,0.76333,1.37,2.25
2017.02.03 09:00:58.505,0.76315,0.76335,1.37,1.72
2017.02.03 09:01:02.720,0.76317,0.76334,1.00,1.37
2017.02.03 09:01:03.773,0.76318,0.76334,1.00,3.00
2017.02.03 09:01:04.072,0.76316,0.76331,1.12,1.37
2017.02.03 09:01:07.582,0.76316,0.76331,1.37,1.12
2017.02.03 09:01:09.750,0.76314,0.76333,1.37,3.00
2017.02.03 09:01:10.001,0.76318,0.76333,1.00,1.12
2017.02.03 09:01:10.504,0.76316,0.76335,1.37,1.37
2017.02.03 09:01:11.023,0.76316,0.76335,1.37,1.37
2017.02.03 09:01:12.222,0.76318,0.76333,1.12,1.87
2017.02.03 09:01:12.625,0.76319,0.76338,1.37,3.75
2017.02.03 09:01:13.764,0.76319,0.76338,1.37,1.87
2017.02.03 09:01:13.814,0.76319,0.76338,1.37,3.75
2017.02.03 09:01:13.915,0.76317,0.76337,1.37,2.85
2017.02.03 09:01:14.016,0.76317,0.76336,1.37,2.25
2017.02.03 09:01:14.519,0.76317,0.76335,1.12,3.00
2017.02.03 09:01:15.052,0.76316,0.76332,1.12,1.00
2017.02.03 09:01:15.416,0.76318,0.76336,1.00,1.87
2017.02.03 09:01:16.512,0.76319,0.76336,1.00,2.62
2017.02.03 09:01:17.517,0.76318,0.76335,1.00,1.37
2017.02.03 09:01:18.185,0.76318,0.76337,1.12,5.47
2017.02.03 09:01:18.916,0.76319,0.76336,1.00,1.37
2017.02.03 09:01:19.806,0.76321,0.76337,1.00,3.00
2017.02.03 09:01:21.881,0.7632,0.76335,1.12,1.37
2017.02.03 09:01:22.647,0.76319,0.76335,1.12,1.37
2017.02.03 09:01:25.875,0.7632,0.76335,1.00,1.37
2017.02.03 09:01:27.522,0.7632,0.76337,1.00,1.37
2017.02.03 09:01:29.710,0.76317,0.76334,1.37,1.00
2017.02.03 09:01:29.760,0.76317,0.76336,1.37,3.00
2017.02.03 09:01:30.118,0.76319,0.76336,1.12,1.37
2017.02.03 09:01:31.762,0.76319,0.76337,1.37,2.62
2017.02.03 09:01:34.135,0.76319,0.76336,1.37,1.37
2017.02.03 09:01:34.665,0.76319,0.76336,1.00,3.00
2017.02.03 09:01:34.942,0.76319,0.76336,1.37,1.37
2017.02.03 09:01:35.717,0.76318,0.76337,1.37,3.00
2017.02.03 09:01:36.167,0.7632,0.76337,1.12,1.37
2017.02.03 09:01:36.562,0.76318,0.76336,1.37,2.25
2017.02.03 09:01:37.391,0.76319,0.76336,1.37,1.37
2017.02.03 09:01:37.934,0.76319,0.76336,1.12,3.00
2017.02.03 09:01:38.442,0.76318,0.76335,1.12,1.37
2017.02.03 09:01:38.944,0.76318,0.76335,1.00,3.00
2017.02.03 09:01:39.058,0.76318,0.76335,1.00,1.37
2017.02.03 09:01:41.961,0.76319,0.76336,1.00,1.37
2017.02.03 09:01:42.011,0.76321,0.76337,1.00,3.22
2017.02.03 09:01:42.262,0.76321,0.76338,1.00,4.50
2017.02.03 09:01:44.075,0.7632,0.76337,1.00,3.00
2017.02.03 09:01:44.619,0.76319,0.76335,1.12,1.37
2017.02.03 09:01:47.363,0.76319,0.76335,1.37,1.37
2017.02.03 09:01:47.898,0.76319,0.76335,1.00,3.75
2017.02.03 09:01:48.268,0.76319,0.76335,1.00,1.37
2017.02.03 09:01:48.832,0.76318,0.76336,1.12,3.00
2017.02.03 09:01:49.417,0.76319,0.76335,1.00,1.87
2017.02.03 09:01:50.001,0.76319,0.76335,1.00,1.37
2017.02.03 09:01:50.102,0.76317,0.76333,1.12,1.37
2017.02.03 09:01:50.303,0.76318,0.76333,1.12,1.12
2017.02.03 09:01:50.841,0.76317,0.76332,1.37,1.00
2017.02.03 09:01:54.866,0.76318,0.76333,1.12,1.00
2017.02.03 09:01:55.018,0.76319,0.76334,1.37,1.12
2017.02.03 09:01:56.287,0.76318,0.76333,1.37,1.00
2017.02.03 09:01:56.337,0.76318,0.76335,1.37,1.37
2017.02.03 09:01:56.588,0.7632,0.76336,1.37,1.37
2017.02.03 09:02:00.296,0.76319,0.76335,1.37,1.37
2017.02.03 09:02:02.121,0.76321,0.76336,1.00,1.37
2017.02.03 09:02:02.828,0.76321,0.76336,1.12,1.37
2017.02.03 09:02:05.996,0.7632,0.76336,1.12,1.37
2017.02.03 09:02:06.770,0.76321,0.76336,1.00,1.37
2017.02.03 09:02:07.294,0.76319,0.76336,1.37,1.37
2017.02.03 09:02:08.504,0.76321,0.76336,1.00,1.37
2017.02.03 09:02:09.285,0.7632,0.76336,1.12,1.37
2017.02.03 09:02:12.241,0.76319,0.76335,1.37,1.37
2017.02.03 09:02:13.101,0.76319,0.76337,1.37,1.37
2017.02.03 09:02:13.723,0.76319,0.76337,1.37,1.37
2017.02.03 09:02:13.918,0.76319,0.76337,1.37,1.37
2017.02.03 09:02:16.126,0.76321,0.76337,1.37,1.37
2017.02.03 09:02:16.679,0.76322,0.76337,1.37,1.12
2017.02.03 09:02:18.962,0.76322,0.76336,1.37,1.00
2017.02.03 09:02:24.389,0.76321,0.76336,1.00,1.12
2017.02.03 09:02:26.969,0.76319,0.76338,1.37,1.37
2017.02.03 09:02:27.494,0.76321,0.76336,1.12,1.37
2017.02.03 09:02:28.248,0.76321,0.76336,1.37,1.12
2017.02.03 09:02:28.579,0.76324,0.76339,1.00,1.37
2017.02.03 09:02:28.881,0.76328,0.76344,1.37,1.37
2017.02.03 09:02:29.450,0.76329,0.76345,1.00,3.00
2017.02.03 09:02:29.719,0.76327,0.76343,1.12,1.37
2017.02.03 09:02:29.780,0.76327,0.76343,1.00,1.37
2017.02.03 09:02:29.854,0.76327,0.76343,1.00,1.37
2017.02.03 09:02:30.055,0.76324,0.7634,1.37,1.00
2017.02.03 09:02:30.559,0.76325,0.76341,1.37,1.37
2017.02.03 09:02:30.974,0.76325,0.76341,1.00,3.75
2017.02.03 09:02:31.589,0.76324,0.7634,1.00,1.37
2017.02.03 09:02:32.113,0.76322,0.76338,1.37,1.12
2017.02.03 09:02:32.753,0.76322,0.76338,1.37,1.37
2017.02.03 09:02:34.294,0.76323,0.76338,1.12,1.00
2017.02.03 09:02:36.455,0.76323,0.76339,1.12,1.12
2017.02.03 09:02:38.411,0.76323,0.76339,1.12,1.37
2017.02.03 09:02:38.959,0.76323,0.76339,1.00,1.37
2017.02.03 09:02:39.468,0.76323,0.76339,1.12,1.37
2017.02.03 09:02:40.594,0.76323,0.76338,1.00,1.37
2017.02.03 09:02:42.214,0.76322,0.76337,1.12,1.37
2017.02.03 09:02:42.972,0.76322,0.76337,1.00,1.37
2017.02.03 09:02:43.181,0.76322,0.76337,1.12,1.12
2017.02.03 09:02:45.687,0.76322,0.76337,1.37,1.12
2017.02.03 09:02:46.459,0.76322,0.76337,1.12,1.00
2017.02.03 09:02:46.727,0.76319,0.76333,2.25,1.00
2017.02.03 09:02:46.938,0.76317,0.76332,1.12,1.00
2017.02.03 09:02:47.491,0.76317,0.76332,1.37,1.00
2017.02.03 09:02:47.726,0.76317,0.76333,1.37,1.37
2017.02.03 09:02:48.170,0.7632,0.76335,1.00,1.37
2017.02.03 09:02:48.321,0.7632,0.76335,1.00,1.12
2017.02.03 09:02:48.536,0.76317,0.76331,2.25,1.00
2017.02.03 09:02:48.835,0.76314,0.7633,3.00,1.00
2017.02.03 09:02:49.197,0.76314,0.7633,1.37,1.37
2017.02.03 09:02:53.401,0.76313,0.76328,1.37,1.00
2017.02.03 09:02:53.552,0.76312,0.76327,1.12,1.37
2017.02.03 09:02:53.753,0.76312,0.76327,3.00,1.00
2017.02.03 09:02:54.527,0.76312,0.76327,1.37,1.00
2017.02.03 09:02:57.136,0.76313,0.7633,1.37,1.37
2017.02.03 09:02:57.446,0.76317,0.76332,1.12,1.00
2017.02.03 09:02:58.313,0.76317,0.76332,1.12,1.37
2017.02.03 09:02:59.922,0.76318,0.76332,1.00,1.37
2017.02.03 09:03:00.165,0.76319,0.76334,1.00,1.12
2017.02.03 09:03:00.766,0.76318,0.76333,1.12,1.00
2017.02.03 09:03:00.968,0.76321,0.76336,1.00,1.37
2017.02.03 09:03:01.019,0.76318,0.76335,1.12,1.37
2017.02.03 09:03:01.293,0.76317,0.76332,1.37,1.00
2017.02.03 09:03:01.956,0.76317,0.76332,1.00,1.37
2017.02.03 09:03:05.760,0.76314,0.76329,1.37,1.00
2017.02.03 09:03:06.272,0.76314,0.76329,1.37,1.00
2017.02.03 09:03:06.373,0.76311,0.76328,2.25,1.12
2017.02.03 09:03:06.543,0.7631,0.76328,1.37,1.37
2017.02.03 09:03:06.844,0.76312,0.76331,1.37,1.37
2017.02.03 09:03:07.546,0.76313,0.76333,1.37,3.00
2017.02.03 09:03:08.378,0.76313,0.76331,1.37,1.37
2017.02.03 09:03:08.958,0.76314,0.76331,1.12,3.00
2017.02.03 09:03:09.664,0.76315,0.76331,1.00,3.00
2017.02.03 09:03:09.765,0.76316,0.76332,1.00,1.37
2017.02.03 09:03:10.665,0.76317,0.76333,1.12,1.37
2017.02.03 09:03:12.585,0.76317,0.76332,1.37,1.00
2017.02.03 09:03:12.836,0.76315,0.7633,1.37,1.00
2017.02.03 09:03:13.244,0.76313,0.76328,1.37,1.12
2017.02.03 09:03:13.363,0.76313,0.76328,1.00,1.37
2017.02.03 09:03:14.034,0.76313,0.76328,1.12,1.37
2017.02.03 09:03:16.218,0.76312,0.76326,1.37,1.00
2017.02.03 09:03:16.886,0.76309,0.76324,1.37,1.00
2017.02.03 09:03:17.319,0.76309,0.76326,1.37,1.12
2017.02.03 09:03:17.877,0.7631,0.76324,1.00,1.00
2017.02.03 09:03:18.775,0.7631,0.76325,1.00,1.12
2017.02.03 09:03:20.419,0.76311,0.76326,1.00,1.37
2017.02.03 09:03:21.052,0.7631,0.76325,1.00,1.12
2017.02.03 09:03:21.437,0.76312,0.76328,1.00,1.37
2017.02.03 09:03:21.724,0.76314,0.76329,1.00,1.37
2017.02.03 09:03:22.255,0.76313,0.76328,1.12,1.12
2017.02.03 09:03:22.406,0.76313,0.76328,1.00,1.37
2017.02.03 09:03:22.482,0.76313,0.76328,1.00,1.12
2017.02.03 09:03:24.260,0.76312,0.76327,1.12,1.00
2017.02.03 09:03:24.826,0.76312,0.76327,1.00,1.37
2017.02.03 09:03:25.366,0.76311,0.76325,1.12,1.12
2017.02.03 09:03:25.417,0.76311,0.76325,1.00,1.37
2017.02.03 09:03:26.286,0.7631,0.76325,1.00,1.37
2017.02.03 09:03:27.618,0.7631,0.76325,1.12,1.37
2017.02.03 09:03:30.243,0.76311,0.76327,1.00,1.37
2017.02.03 09:03:30.800,0.76311,0.76327,1.12,1.12
2017.02.03 09:03:31.740,0.76311,0.76325,1.12,1.00
2017.02.03 09:03:32.799,0.76309,0.76326,1.37,1.00
2017.02.03 09:03:33.349,0.7631,0.76324,1.37,1.00
2017.02.03 09:03:33.609,0.76309,0.76323,1.12,1.00
2017.02.03 09:03:33.990,0.76307,0.76322,1.12,1.00
2017.02.03 09:03:34.424,0.76306,0.76321,1.12,1.37
2017.02.03 09:03:34.781,0.76305,0.76319,1.00,1.37
2017.02.03 09:03:35.322,0.76305,0.76319,1.37,1.00
2017.02.03 09:03:35.510,0.76304,0.76318,1.12,1.00
2017.02.03 09:03:35.772,0.76306,0.76321,1.00,1.37
2017.02.03 09:03:35.934,0.76306,0.76321,1.00,1.00
2017.02.03 09:03:36.719,0.76307,0.76322,1.00,1.12
2017.02.03 09:03:36.820,0.76306,0.76321,1.00,1.37
2017.02.03 09:03:37.381,0.76307,0.76321,1.12,1.12
2017.02.03 09:03:37.977,0.76306,0.76321,1.12,1.12
2017.02.03 09:03:38.318,0.76303,0.7632,1.37,1.37
2017.02.03 09:03:44.187,0.76306,0.7632,1.00,1.37
2017.02.03 09:03:44.688,0.76305,0.7632,1.37,1.00
2017.02.03 09:03:45.626,0.76305,0.7632,1.12,1.12
2017.02.03 09:03:46.299,0.76306,0.76321,1.37,1.12
2017.02.03 09:03:46.819,0.76306,0.76321,1.00,1.12
2017.02.03 09:03:47.387,0.76307,0.76322,1.00,1.37
2017.02.03 09:03:48.451,0.76305,0.76322,1.12,1.37
2017.02.03 09:03:48.832,0.76306,0.76321,1.12,1.00
2017.02.03 09:03:49.548,0.76306,0.7632,1.12,1.00
2017.02.03 09:03:50.336,0.76306,0.76323,1.12,1.37
2017.02.03 09:03:50.937,0.76306,0.76323,1.37,1.37
2017.02.03 09:03:51.471,0.76306,0.76323,1.37,1.37
2017.02.03 09:03:51.629,0.76305,0.7632,3.00,1.00
2017.02.03 09:03:51.785,0.76305,0.7632,1.12,1.37
2017.02.03 09:03:52.057,0.76307,0.76321,1.00,1.37
2017.02.03 09:03:53.643,0.76306,0.76321,1.12,1.37
2017.02.03 09:03:54.244,0.76305,0.7632,1.00,1.12
2017.02.03 09:03:54.745,0.76305,0.7632,1.00,1.37
2017.02.03 09:03:55.359,0.76306,0.7632,1.00,1.37
2017.02.03 09:03:55.460,0.76305,0.76322,1.37,1.37
2017.02.03 09:03:55.934,0.76304,0.7632,1.12,1.37
2017.02.03 09:03:56.710,0.76306,0.7632,1.00,1.37
2017.02.03 09:03:56.861,0.76304,0.7632,1.37,1.00
2017.02.03 09:03:57.199,0.76305,0.76321,1.37,1.12
2017.02.03 09:03:58.970,0.76303,0.76321,1.37,1.37
2017.02.03 09:03:59.071,0.76303,0.76321,1.37,1.37
2017.02.03 09:03:59.272,0.76305,0.76321,1.37,1.37
2017.02.03 09:03:59.774,0.76303,0.76321,3.00,1.12
2017.02.03 09:04:01.297,0.76306,0.76322,1.00,1.37
2017.02.03 09:04:01.821,0.76305,0.7632,1.00,1.12
2017.02.03 09:04:02.370,0.76303,0.76319,1.37,1.00
2017.02.03 09:04:03.182,0.76301,0.76317,1.37,1.12
2017.02.03 09:04:04.089,0.76301,0.76317,1.37,1.37
2017.02.03 09:04:05.107,0.76301,0.76317,1.12,1.37
2017.02.03 09:04:05.318,0.76301,0.76319,1.12,1.37
2017.02.03 09:04:05.990,0.76302,0.76318,1.00,1.37
2017.02.03 09:04:06.982,0.76301,0.76318,1.12,1.37
2017.02.03 09:04:07.394,0.76301,0.76318,1.37,1.37
2017.02.03 09:04:08.007,0.76301,0.76318,1.37,1.37
2017.02.03 09:04:08.608,0.76303,0.76318,1.00,1.37
2017.02.03 09:04:09.338,0.76305,0.7632,1.00,1.37
2017.02.03 09:04:09.390,0.76305,0.7632,1.00,1.12
2017.02.03 09:04:10.478,0.76305,0.76319,1.00,1.00
2017.02.03 09:04:10.900,0.76304,0.76319,1.00,1.37
2017.02.03 09:04:11.099,0.76304,0.76319,1.00,1.12
2017.02.03 09:04:11.730,0.76305,0.7632,1.00,1.37
2017.02.03 09:04:11.880,0.76302,0.76319,1.37,1.12
2017.02.03 09:04:11.931,0.76302,0.76319,1.37,1.12
2017.02.03 09:04:12.600,0.76305,0.7632,1.00,1.00
2017.02.03 09:04:14.403,0.76305,0.7632,1.37,1.12
2017.02.03 09:04:15.105,0.76305,0.7632,1.12,1.37
2017.02.03 09:04:17.637,0.76305,0.76321,1.00,1.37
2017.02.03 09:04:18.805,0.76307,0.76321,1.00,1.37
2017.02.03 09:04:19.358,0.76308,0.76323,1.00,1.37
2017.02.03 09:04:20.018,0.76308,0.76322,1.00,1.00
2017.02.03 09:04:22.174,0.76308,0.76323,1.00,1.12
2017.02.03 09:04:23.373,0.76308,0.76323,1.00,1.37
2017.02.03 09:04:23.575,0.76308,0.76324,1.00,1.12
2017.02.03 09:04:23.734,0.76308,0.76322,1.00,1.00
2017.02.03 09:04:24.593,0.76308,0.76322,1.00,1.37
2017.02.03 09:04:25.220,0.76308,0.76322,1.00,1.00
2017.02.03 09:04:25.915,0.76308,0.76323,1.00,1.12
2017.02.03 09:04:33.602,0.76307,0.76324,1.00,1.50
2017.02.03 09:04:33.941,0.76307,0.76322,1.00,1.37
2017.02.03 09:04:36.093,0.76306,0.7632,1.12,1.00
2017.02.03 09:04:36.405,0.76304,0.76318,1.12,1.12
2017.02.03 09:04:36.881,0.76306,0.7632,1.00,1.37
2017.02.03 09:04:37.062,0.76306,0.7632,1.12,1.12
2017.02.03 09:04:38.467,0.76305,0.76322,1.37,1.37
2017.02.03 09:04:39.033,0.76305,0.76322,1.37,1.37
2017.02.03 09:04:39.172,0.76308,0.76323,1.00,1.37
2017.02.03 09:04:39.395,0.76309,0.76323,1.00,1.37
2017.02.03 09:04:40.037,0.76309,0.76323,1.12,1.12
2017.02.03 09:04:43.721,0.76309,0.76324,1.37,1.12
2017.02.03 09:04:43.872,0.76307,0.76322,1.37,1.00
2017.02.03 09:04:44.080,0.76307,0.76322,1.12,1.37
2017.02.03 09:04:44.783,0.76305,0.76323,1.37,1.37
2017.02.03 09:04:46.088,0.76305,0.76323,1.37,1.37
2017.02.03 09:04:46.623,0.76305,0.76322,1.37,1.37
2017.02.03 09:04:47.455,0.76307,0.76321,1.00,1.37
2017.02.03 09:04:48.089,0.76307,0.76321,1.00,1.12
2017.02.03 09:04:48.707,0.76306,0.76321,1.12,1.37
2017.02.03 09:04:49.235,0.76308,0.76323,1.00,1.37
2017.02.03 09:04:49.537,0.76309,0.76324,1.12,1.12
2017.02.03 09:04:50.073,0.76309,0.76324,1.37,1.12
2017.02.03 09:04:50.621,0.76311,0.76325,1.12,1.00
2017.02.03 09:04:50.928,0.76312,0.76326,1.37,1.00
2017.02.03 09:04:53.953,0.7631,0.76325,1.37,1.00
2017.02.03 09:04:54.054,0.7631,0.76325,1.12,1.37
2017.02.03 09:04:56.360,0.7631,0.76325,1.37,1.00
2017.02.03 09:04:57.216,0.76311,0.76326,1.37,1.12
2017.02.03 09:04:58.220,0.76311,0.76326,1.12,1.37
2017.02.03 09:04:58.789,0.76311,0.76326,1.37,1.12
2017.02.03 09:04:59.323,0.76313,0.76327,1.12,1.12
2017.02.03 09:04:59.669,0.76314,0.76328,1.37,1.00
2017.02.03 09:05:00.270,0.76314,0.76328,1.37,1.00
2017.02.03 09:05:00.550,0.76314,0.76331,1.37,1.37
2017.02.03 09:05:00.791,0.76314,0.76328,1.37,1.00
2017.02.03 09:05:00.841,0.76314,0.76328,1.12,1.12
2017.02.03 09:05:01.659,0.76314,0.76328,1.37,1.00
2017.02.03 09:05:02.167,0.76314,0.76328,1.37,1.00
2017.02.03 09:05:03.109,0.76314,0.76329,1.37,1.12
2017.02.03 09:05:04.030,0.76313,0.76328,1.37,1.00
2017.02.03 09:05:04.772,0.76313,0.76327,1.37,1.00
2017.02.03 09:05:05.274,0.76314,0.76328,1.00,1.12
2017.02.03 09:05:06.161,0.76313,0.76328,1.12,1.12
2017.02.03 09:05:08.974,0.76313,0.76327,1.12,1.00
2017.02.03 09:05:09.595,0.76312,0.76327,1.12,1.00
2017.02.03 09:05:10.260,0.76309,0.76326,1.37,1.00
2017.02.03 09:05:11.992,0.76311,0.76327,1.12,1.37
2017.02.03 09:05:12.324,0.76309,0.76323,1.37,1.00
2017.02.03 09:05:12.374,0.76309,0.76323,1.12,1.00
2017.02.03 09:05:13.200,0.7631,0.76324,1.00,1.12
2017.02.03 09:05:15.570,0.76309,0.76324,1.12,1.12
2017.02.03 09:05:15.721,0.76307,0.76321,1.37,1.00
2017.02.03 09:05:15.922,0.76307,0.76321,1.00,1.00
2017.02.03 09:05:16.591,0.76308,0.76322,1.12,1.12
2017.02.03 09:05:17.123,0.76308,0.76323,1.37,1.00
2017.02.03 09:05:18.324,0.7631,0.76324,1.12,1.12
2017.02.03 09:05:18.602,0.7631,0.76326,1.37,1.00
2017.02.03 09:05:18.803,0.76311,0.76328,1.37,1.12
2017.02.03 09:05:19.668,0.76311,0.76327,1.37,1.00
2017.02.03 09:05:20.222,0.7631,0.76326,3.00,1.00
2017.02.03 09:05:20.422,0.7631,0.76326,1.37,1.00
2017.02.03 09:05:21.685,0.76309,0.76324,3.00,1.00
2017.02.03 09:05:21.936,0.76309,0.76324,1.12,1.12
2017.02.03 09:05:22.037,0.76309,0.76324,1.37,1.00
2017.02.03 09:05:23.387,0.76308,0.76322,1.37,1.00
2017.02.03 09:05:23.538,0.76306,0.76322,1.37,1.00
2017.02.03 09:05:24.235,0.76306,0.76322,1.37,1.12
2017.02.03 09:05:25.020,0.76306,0.76321,1.37,1.00
2017.02.03 09:05:26.445,0.76307,0.76321,1.37,1.00
2017.02.03 09:05:27.867,0.76307,0.76322,1.37,1.00
2017.02.03 09:05:28.725,0.76307,0.76323,1.37,1.12
2017.02.03 09:05:30.240,0.76308,0.76322,1.37,1.00
2017.02.03 09:05:30.750,0.76309,0.76324,1.12,1.37
2017.02.03 09:05:31.203,0.7631,0.76325,1.12,1.12
2017.02.03 09:05:32.110,0.7631,0.76325,1.37,1.12
2017.02.03 09:05:32.612,0.7631,0.76324,1.12,1.12
2017.02.03 09:05:33.160,0.76309,0.76323,1.12,1.12
2017.02.03 09:05:39.681,0.76308,0.76322,1.37,1.00
2017.02.03 09:05:40.270,0.76308,0.76322,1.12,1.12
2017.02.03 09:05:40.825,0.76308,0.76323,1.37,1.12
2017.02.03 09:05:41.851,0.76309,0.76324,1.12,1.00
2017.02.03 09:05:42.439,0.76309,0.76325,1.12,1.12
2017.02.03 09:05:43.013,0.7631,0.76324,1.00,1.00
2017.02.03 09:05:43.452,0.76308,0.76322,1.87,1.00
2017.02.03 09:05:43.684,0.7631,0.76325,1.37,1.12
2017.02.03 09:05:43.835,0.7631,0.76327,1.37,1.12
2017.02.03 09:05:44.612,0.76312,0.76327,1.00,1.12
2017.02.03 09:05:45.165,0.7631,0.76326,1.37,1.12
2017.02.03 09:05:45.647,0.7631,0.76324,1.37,1.00
2017.02.03 09:05:46.151,0.7631,0.76324,1.12,1.12
2017.02.03 09:05:48.971,0.76309,0.76323,1.37,1.00
2017.02.03 09:05:49.972,0.76308,0.76323,1.12,1.00
2017.02.03 09:05:51.479,0.7631,0.76324,1.00,1.12
2017.02.03 09:05:51.971,0.76308,0.76322,1.12,1.12
2017.02.03 09:05:52.627,0.76307,0.76321,1.12,1.00
2017.02.03 09:05:54.936,0.76306,0.76321,1.87,1.12
2017.02.03 09:05:56.932,0.76307,0.76322,1.00,1.37
2017.02.03 09:05:57.473,0.76308,0.76322,1.00,1.37
2017.02.03 09:05:57.984,0.76308,0.76322,1.12,1.12
2017.02.03 09:05:58.822,0.76308,0.76322,1.37,1.00
2017.02.03 09:05:59.139,0.76309,0.76324,1.37,1.00
2017.02.03 09:05:59.189,0.76309,0.76324,1.37,1.12
2017.02.03 09:05:59.716,0.76309,0.76323,1.37,1.00
2017.02.03 09:06:00.342,0.76309,0.76324,1.37,1.12
2017.02.03 09:06:00.493,0.76312,0.76327,1.00,3.00
2017.02.03 09:06:00.594,0.76313,0.76328,1.00,1.37
2017.02.03 09:06:00.865,0.76313,0.76328,1.37,1.12
2017.02.03 09:06:01.384,0.76315,0.7633,1.00,3.00
2017.02.03 09:06:01.485,0.76315,0.76332,1.87,1.37
2017.02.03 09:06:01.663,0.76317,0.76332,1.00,1.37
2017.02.03 09:06:02.168,0.76317,0.76332,1.37,1.12
2017.02.03 09:06:03.051,0.76317,0.76331,1.37,1.00
2017.02.03 09:06:05.127,0.76317,0.76332,1.37,1.12
2017.02.03 09:06:07.079,0.76317,0.76332,1.37,1.00
2017.02.03 09:06:07.443,0.76315,0.7633,3.75,1.00
2017.02.03 09:06:07.494,0.76315,0.7633,1.87,1.00
2017.02.03 09:06:08.000,0.76315,0.7633,1.87,1.12
2017.02.03 09:06:08.605,0.76315,0.76329,1.87,1.00
2017.02.03 09:06:09.783,0.76315,0.76329,1.87,1.00
2017.02.03 09:06:10.301,0.76313,0.76328,1.87,1.00
2017.02.03 09:06:10.356,0.76313,0.76328,1.87,1.12
2017.02.03 09:06:11.051,0.76313,0.76327,1.87,1.00
2017.02.03 09:06:11.579,0.76314,0.76329,1.12,1.37
2017.02.03 09:06:11.787,0.76315,0.7633,1.37,1.00
2017.02.03 09:06:13.665,0.76315,0.76329,1.37,1.00
2017.02.03 09:06:13.816,0.76312,0.76328,2.25,1.00
2017.02.03 09:06:14.042,0.76311,0.76328,1.37,1.37
2017.02.03 09:06:15.842,0.76311,0.76326,1.12,1.37
2017.02.03 09:06:16.490,0.76311,0.76325,1.00,1.37
2017.02.03 09:06:16.991,0.7631,0.76325,1.12,1.37
2017.02.03 09:06:18.798,0.76311,0.76325,1.00,1.37
2017.02.03 09:06:18.898,0.76313,0.76327,1.00,3.00
2017.02.03 09:06:18.949,0.76311,0.76325,1.00,1.37
2017.02.03 09:06:19.500,0.76312,0.76327,1.37,1.12
2017.02.03 09:06:19.957,0.76311,0.76325,1.37,1.00
2017.02.03 09:06:20.008,0.76311,0.76325,1.12,1.12
2017.02.03 09:06:20.554,0.76311,0.76325,1.37,1.00
2017.02.03 09:06:22.393,0.76311,0.76326,1.37,1.12
2017.02.03 09:06:27.615,0.76311,0.76326,1.12,1.00
2017.02.03 09:06:28.050,0.76311,0.76326,1.37,1.00
2017.02.03 09:06:28.563,0.7631,0.76327,1.37,1.00
2017.02.03 09:06:29.059,0.7631,0.76325,1.37,1.00
2017.02.03 09:06:29.340,0.76308,0.76324,1.12,1.37
2017.02.03 09:06:30.723,0.76307,0.76324,1.37,1.37
2017.02.03 09:06:31.162,0.76309,0.76323,1.37,1.00
2017.02.03 09:06:31.264,0.76309,0.76323,1.12,1.00
2017.02.03 09:06:31.769,0.76309,0.76323,1.37,1.00
2017.02.03 09:06:31.870,0.76308,0.76323,1.00,1.37
2017.02.03 09:06:32.879,0.76308,0.76323,1.00,1.37
2017.02.03 09:06:33.311,0.76309,0.76324,1.37,1.00
2017.02.03 09:06:33.834,0.76309,0.76325,1.37,1.12
2017.02.03 09:06:34.533,0.76309,0.76325,1.37,1.37
2017.02.03 09:06:37.443,0.76307,0.76324,1.37,1.37
2017.02.03 09:06:37.648,0.76309,0.76324,1.00,1.12
2017.02.03 09:06:38.185,0.76309,0.76324,1.37,1.00
2017.02.03 09:06:38.285,0.7631,0.76325,1.00,1.37
2017.02.03 09:06:38.386,0.7631,0.76325,1.12,1.12
2017.02.03 09:06:39.955,0.76309,0.76324,1.37,1.12
2017.02.03 09:06:40.157,0.7631,0.76325,1.00,3.00
2017.02.03 09:06:40.545,0.76308,0.76325,1.12,1.37
2017.02.03 09:06:41.046,0.76308,0.76325,1.37,1.37
2017.02.03 09:06:44.252,0.76309,0.76324,1.12,1.37
2017.02.03 09:06:45.455,0.7631,0.76325,1.00,1.37
2017.02.03 09:06:46.054,0.7631,0.76325,1.00,1.37
2017.02.03 09:06:48.033,0.76311,0.76326,1.00,1.37
2017.02.03 09:06:48.580,0.76309,0.76324,1.37,1.00
2017.02.03 09:06:49.035,0.76307,0.76322,3.00,1.00
2017.02.03 09:06:49.100,0.76307,0.76322,1.37,1.00
2017.02.03 09:06:49.560,0.76308,0.76325,1.37,1.12
2017.02.03 09:06:49.610,0.76308,0.76323,1.37,1.00
2017.02.03 09:06:50.150,0.76308,0.76323,1.12,1.37
2017.02.03 09:06:50.696,0.76309,0.76324,1.00,1.37
2017.02.03 09:06:50.796,0.76309,0.76325,1.37,1.37
2017.02.03 09:06:54.307,0.76311,0.76326,1.00,1.37
2017.02.03 09:06:54.408,0.76312,0.76327,1.00,1.37
2017.02.03 09:06:54.467,0.76312,0.76327,1.37,1.00
2017.02.03 09:06:54.779,0.76311,0.76326,1.37,1.12
2017.02.03 09:06:55.734,0.7631,0.76325,1.37,1.00
2017.02.03 09:06:55.834,0.76308,0.76323,1.37,1.00
2017.02.03 09:06:56.371,0.76308,0.76323,1.12,1.00
2017.02.03 09:06:57.808,0.76308,0.76322,1.12,1.00
2017.02.03 09:06:58.352,0.76308,0.76323,1.12,1.00
2017.02.03 09:06:59.180,0.76309,0.76323,1.00,1.00
2017.02.03 09:06:59.942,0.76307,0.76323,1.37,1.00
2017.02.03 09:07:01.295,0.76305,0.76323,1.37,1.37
2017.02.03 09:07:02.251,0.76305,0.76323,1.37,1.37
2017.02.03 09:07:07.077,0.76308,0.76323,1.00,1.37
2017.02.03 09:07:07.598,0.76308,0.76323,1.00,1.12
2017.02.03 09:07:08.048,0.76306,0.76321,1.12,1.00
2017.02.03 09:07:08.397,0.76307,0.76322,1.37,1.00
2017.02.03 09:07:09.942,0.76308,0.76323,1.00,1.12
2017.02.03 09:07:10.258,0.76308,0.76323,1.00,1.37
2017.02.03 09:07:10.760,0.76306,0.76321,1.37,1.12
2017.02.03 09:07:11.265,0.76306,0.76323,1.12,3.00
2017.02.03 09:07:11.779,0.76307,0.76321,1.12,1.12
2017.02.03 09:07:13.067,0.76308,0.76322,1.00,1.37
2017.02.03 09:07:19.272,0.76307,0.76322,1.12,1.37
2017.02.03 09:07:19.853,0.76307,0.76322,1.12,1.12
2017.02.03 09:07:20.202,0.7631,0.76325,1.12,1.37
2017.02.03 09:07:22.263,0.76309,0.76324,1.12,1.12
2017.02.03 09:07:23.046,0.76308,0.76323,1.37,1.00
2017.02.03 09:07:23.580,0.76309,0.76324,1.12,1.12
2017.02.03 09:07:24.122,0.76311,0.76325,1.00,1.37
2017.02.03 09:07:27.554,0.76309,0.76324,1.12,1.37
2017.02.03 09:07:27.705,0.76306,0.76321,1.37,1.00
2017.02.03 09:07:27.856,0.76309,0.76324,1.00,1.12
2017.02.03 09:07:27.942,0.76309,0.76324,1.00,1.37
2017.02.03 09:07:28.343,0.76309,0.76324,1.00,3.00
2017.02.03 09:07:28.958,0.76308,0.76322,1.00,1.37
2017.02.03 09:07:29.361,0.76308,0.76322,1.00,1.12
2017.02.03 09:07:33.236,0.76306,0.76321,1.37,1.00
2017.02.03 09:07:35.346,0.76307,0.76322,1.12,1.12
2017.02.03 09:07:36.083,0.76307,0.76321,1.12,1.00
2017.02.03 09:07:45.474,0.76304,0.76318,2.25,1.00
2017.02.03 09:07:45.776,0.76299,0.76314,1.37,1.00
2017.02.03 09:07:46.386,0.76301,0.76315,1.00,1.12
2017.02.03 09:07:49.006,0.76299,0.76313,1.37,1.00
2017.02.03 09:07:49.107,0.76299,0.76314,1.12,1.37
2017.02.03 09:07:49.402,0.76302,0.76318,1.12,1.37
2017.02.03 09:07:49.677,0.76305,0.76321,1.00,1.37
2017.02.03 09:07:50.672,0.76304,0.76321,1.12,1.37
2017.02.03 09:07:50.868,0.76304,0.76321,1.12,1.37
2017.02.03 09:07:55.426,0.76302,0.76319,1.37,1.37
2017.02.03 09:07:55.936,0.76304,0.76319,1.00,1.37
2017.02.03 09:07:56.446,0.76305,0.76319,1.00,1.37
2017.02.03 09:07:56.597,0.76302,0.76321,2.25,1.37
2017.02.03 09:07:56.698,0.763,0.76321,1.50,2.10
2017.02.03 09:07:56.798,0.76299,0.7632,3.60,2.25
2017.02.03 09:07:57.122,0.763,0.76322,2.62,2.25
2017.02.03 09:07:57.223,0.76298,0.76321,4.35,2.25
2017.02.03 09:07:57.539,0.76304,0.76319,1.00,1.12
2017.02.03 09:07:57.852,0.76302,0.76317,1.12,1.12
2017.02.03 09:07:58.409,0.76303,0.76318,1.00,1.37
2017.02.03 09:08:00.350,0.76302,0.76318,1.12,1.37
2017.02.03 09:08:00.723,0.76301,0.76317,1.00,1.37
2017.02.03 09:08:01.036,0.76302,0.76318,1.12,1.37
2017.02.03 09:08:01.136,0.76302,0.76318,1.12,1.12
2017.02.03 09:08:01.532,0.76303,0.76319,1.37,1.00
2017.02.03 09:08:02.121,0.76303,0.76319,1.12,1.12
2017.02.03 09:08:02.892,0.76304,0.76319,1.00,1.12
2017.02.03 09:08:03.821,0.76303,0.76319,1.12,1.12
2017.02.03 09:08:04.414,0.76302,0.76318,1.37,1.00
2017.02.03 09:08:05.031,0.763,0.76318,1.37,1.37
2017.02.03 09:08:05.652,0.76301,0.76316,1.37,1.12
2017.02.03 09:08:05.993,0.76299,0.76314,3.00,1.00
2017.02.03 09:08:06.327,0.76299,0.76313,1.37,1.00
2017.02.03 09:08:06.978,0.76299,0.76315,1.37,1.37
2017.02.03 09:08:07.029,0.76299,0.76314,1.00,1.37
2017.02.03 09:08:07.152,0.76299,0.76315,1.12,1.37
2017.02.03 09:08:08.169,0.76299,0.76316,1.37,1.37
2017.02.03 09:08:09.885,0.76298,0.76313,1.37,1.00
2017.02.03 09:08:10.021,0.76298,0.76313,1.00,1.12
2017.02.03 09:08:11.795,0.76297,0.76315,1.12,1.37
2017.02.03 09:08:12.313,0.76297,0.76312,1.12,1.00
2017.02.03 09:08:12.363,0.76297,0.76312,1.37,1.00
2017.02.03 09:08:12.856,0.763,0.76315,1.00,1.37
2017.02.03 09:08:13.719,0.76298,0.76313,1.37,1.00
2017.02.03 09:08:14.537,0.76297,0.76312,1.37,1.00
2017.02.03 09:08:14.638,0.76297,0.76312,1.12,1.00
2017.02.03 09:08:15.226,0.76298,0.76313,1.00,1.37
2017.02.03 09:08:15.456,0.76298,0.76313,1.37,1.12
2017.02.03 09:08:15.573,0.76297,0.76311,1.00,1.00
2017.02.03 09:08:16.126,0.76297,0.76311,1.00,1.37
2017.02.03 09:08:17.148,0.76298,0.76312,1.00,1.12
2017.02.03 09:08:17.658,0.76297,0.76312,1.37,1.00
2017.02.03 09:08:18.186,0.76298,0.76313,1.37,1.12
2017.02.03 09:08:18.770,0.76298,0.76313,1.12,1.37
2017.02.03 09:08:21.176,0.76298,0.76313,1.37,1.12
2017.02.03 09:08:21.770,0.76298,0.76312,1.37,1.00
2017.02.03 09:08:22.520,0.76299,0.76314,1.12,1.37
2017.02.03 09:08:25.728,0.763,0.76315,1.00,1.37
2017.02.03 09:08:25.848,0.763,0.76315,1.12,1.12
2017.02.03 09:08:26.250,0.76297,0.76312,3.00,1.00
2017.02.03 09:08:26.400,0.76297,0.76312,1.37,1.12
2017.02.03 09:08:26.452,0.76297,0.76312,1.00,1.37
2017.02.03 09:08:26.653,0.76297,0.76312,1.37,1.12
2017.02.03 09:08:26.954,0.76297,0.76312,1.00,1.37
2017.02.03 09:08:27.465,0.76298,0.76312,1.00,1.37
2017.02.03 09:08:28.215,0.76297,0.76312,1.12,1.37
2017.02.03 09:08:28.872,0.76298,0.76313,1.00,1.37
2017.02.03 09:08:31.487,0.76298,0.76313,1.37,1.12
2017.02.03 09:08:32.502,0.76303,0.76316,1.00,3.00
2017.02.03 09:08:32.666,0.76303,0.76318,1.00,1.37
2017.02.03 09:08:32.718,0.76303,0.76318,1.12,1.12
2017.02.03 09:08:32.769,0.76303,0.76318,1.00,1.37
2017.02.03 09:08:34.502,0.76302,0.76319,1.12,1.37
2017.02.03 09:08:34.815,0.763,0.76317,1.12,1.37
2017.02.03 09:08:36.297,0.76301,0.76317,1.00,1.37
2017.02.03 09:08:38.503,0.763,0.76315,1.12,1.37
2017.02.03 09:08:38.604,0.76301,0.76316,1.00,1.12
2017.02.03 09:08:38.705,0.76299,0.76316,1.00,1.37
2017.02.03 09:08:39.091,0.76303,0.76318,1.00,1.37
2017.02.03 09:08:39.141,0.76303,0.76318,1.37,1.00
2017.02.03 09:08:40.650,0.76302,0.76318,1.37,1.00
2017.02.03 09:08:41.376,0.76304,0.76319,1.00,1.12
2017.02.03 09:08:42.432,0.763,0.76319,3.37,2.10
2017.02.03 09:08:43.407,0.76302,0.76317,1.12,1.37
2017.02.03 09:08:43.922,0.76303,0.76318,1.00,1.37
2017.02.03 09:08:44.195,0.76303,0.76318,1.37,1.12
2017.02.03 09:08:44.416,0.76303,0.76318,1.00,1.37
2017.02.03 09:08:44.517,0.76302,0.76321,1.12,2.25
2017.02.03 09:08:44.567,0.76305,0.7632,1.00,1.37
2017.02.03 09:08:45.414,0.76304,0.76319,1.12,1.37
2017.02.03 09:08:45.922,0.763,0.76317,1.37,1.37
2017.02.03 09:08:46.497,0.76302,0.76317,1.00,1.12
2017.02.03 09:08:47.866,0.76303,0.76319,1.00,1.37
2017.02.03 09:08:48.601,0.76305,0.7632,1.00,1.37
2017.02.03 09:08:50.331,0.76303,0.76318,1.37,1.12
2017.02.03 09:08:51.986,0.76305,0.7632,1.00,1.37
2017.02.03 09:08:52.914,0.76306,0.7632,1.00,1.37
2017.02.03 09:08:53.015,0.76306,0.7632,1.12,1.12
2017.02.03 09:08:53.746,0.76305,0.7632,1.00,1.37
2017.02.03 09:08:54.116,0.76306,0.76321,1.00,1.12
2017.02.03 09:08:54.706,0.76307,0.76321,1.00,1.12
2017.02.03 09:08:57.026,0.76306,0.76321,1.12,1.12
2017.02.03 09:08:58.005,0.76305,0.7632,1.37,1.00
2017.02.03 09:09:04.323,0.76304,0.76319,1.37,1.00
2017.02.03 09:09:04.424,0.76304,0.76319,1.12,1.37
2017.02.03 09:09:04.675,0.76306,0.76322,1.00,3.00
2017.02.03 09:09:04.726,0.76306,0.76322,1.12,1.37
2017.02.03 09:09:10.335,0.76303,0.76321,1.37,1.37
2017.02.03 09:09:11.744,0.76305,0.7632,1.50,1.37
2017.02.03 09:09:11.845,0.76305,0.7632,1.50,1.12
2017.02.03 09:09:12.563,0.76306,0.76321,1.00,1.37
2017.02.03 09:09:13.084,0.76305,0.7632,1.87,1.37
2017.02.03 09:09:17.270,0.76305,0.76321,1.87,1.12
2017.02.03 09:09:17.977,0.76307,0.76322,1.37,1.12
2017.02.03 09:09:18.522,0.76306,0.76323,1.37,1.37
2017.02.03 09:09:23.973,0.76306,0.76324,1.37,1.37
2017.02.03 09:09:24.093,0.76306,0.76324,1.12,1.37
2017.02.03 09:09:25.027,0.76307,0.76322,1.00,1.12
2017.02.03 09:09:31.277,0.76307,0.76323,1.00,3.00
2017.02.03 09:09:31.386,0.76307,0.76323,1.00,1.37
2017.02.03 09:09:31.495,0.76304,0.76322,1.12,1.37
2017.02.03 09:09:31.546,0.76306,0.76322,1.00,1.37
2017.02.03 09:09:32.142,0.76307,0.76323,1.00,1.37
2017.02.03 09:09:33.605,0.76305,0.76323,1.37,1.37
2017.02.03 09:09:35.778,0.76306,0.76321,1.12,1.37
2017.02.03 09:09:36.293,0.76305,0.7632,1.12,1.12
2017.02.03 09:09:37.016,0.76304,0.76319,1.37,1.00
2017.02.03 09:09:37.325,0.76307,0.76322,1.00,1.37
2017.02.03 09:09:38.082,0.76307,0.76322,1.12,1.37
2017.02.03 09:09:38.907,0.76308,0.76323,1.00,1.37
2017.02.03 09:09:39.510,0.76308,0.76323,1.12,1.37
2017.02.03 09:09:44.566,0.76308,0.76323,1.00,1.37
2017.02.03 09:09:46.194,0.76308,0.76323,1.12,1.37
2017.02.03 09:09:47.780,0.76307,0.76322,1.00,1.12
2017.02.03 09:09:49.146,0.76308,0.76325,1.00,1.37
2017.02.03 09:09:49.341,0.76309,0.76324,1.12,1.00
2017.02.03 09:09:50.131,0.76308,0.76323,1.12,1.00
2017.02.03 09:09:50.530,0.76307,0.76322,1.12,1.37
2017.02.03 09:09:50.831,0.76309,0.76324,1.37,1.12
2017.02.03 09:09:52.332,0.76307,0.76322,3.00,1.00
2017.02.03 09:09:52.524,0.76306,0.76323,1.37,1.37
2017.02.03 09:09:52.625,0.76306,0.76323,1.12,1.37
2017.02.03 09:09:53.330,0.76306,0.76323,1.37,1.37
2017.02.03 09:09:53.886,0.76306,0.76321,1.37,1.12
2017.02.03 09:09:54.613,0.76306,0.76321,1.12,1.37
2017.02.03 09:09:56.942,0.76306,0.7632,1.00,1.37
2017.02.03 09:09:57.042,0.76307,0.76321,1.00,1.12
2017.02.03 09:09:57.923,0.76309,0.76324,1.12,1.12
2017.02.03 09:09:58.891,0.76308,0.76323,1.37,1.00
2017.02.03 09:10:07.243,0.76308,0.76323,1.12,1.12
2017.02.03 09:10:08.121,0.76308,0.76323,1.12,1.37
2017.02.03 09:10:08.849,0.76307,0.76322,1.00,1.37
2017.02.03 09:10:16.382,0.76307,0.76322,1.12,1.00
2017.02.03 09:10:17.022,0.76305,0.7632,1.37,1.00
2017.02.03 09:10:17.173,0.76304,0.76319,1.12,1.37
2017.02.03 09:10:17.755,0.76304,0.76321,1.37,1.37
2017.02.03 09:10:18.697,0.76305,0.76322,1.37,1.37
2017.02.03 09:10:19.551,0.76307,0.76322,1.00,1.37
2017.02.03 09:10:20.158,0.76307,0.76322,1.00,1.37
2017.02.03 09:10:20.711,0.76307,0.76322,1.12,1.37
2017.02.03 09:10:22.048,0.76305,0.7632,1.37,1.00
2017.02.03 09:10:22.099,0.76305,0.7632,1.00,1.12
2017.02.03 09:10:22.647,0.76305,0.76319,1.00,1.00
2017.02.03 09:10:22.697,0.76305,0.76319,1.00,1.37
2017.02.03 09:10:24.268,0.76305,0.76319,1.00,1.37
2017.02.03 09:10:24.472,0.76306,0.76321,1.12,1.37
2017.02.03 09:10:24.921,0.76307,0.76324,1.12,1.37
2017.02.03 09:10:25.208,0.76307,0.76323,1.00,2.25
2017.02.03 09:10:26.889,0.76305,0.76322,1.87,1.37
2017.02.03 09:10:27.439,0.76306,0.76321,1.37,1.12
2017.02.03 09:10:28.100,0.76306,0.76321,1.12,1.37
2017.02.03 09:10:28.704,0.76307,0.76322,1.00,1.37
2017.02.03 09:10:29.386,0.76306,0.76321,1.12,1.37
2017.02.03 09:10:31.142,0.76307,0.76322,1.00,1.37
2017.02.03 09:10:32.062,0.76306,0.76321,1.37,1.12
2017.02.03 09:10:32.491,0.76305,0.7632,1.12,1.37
2017.02.03 09:10:33.063,0.76306,0.7632,1.00,1.37
2017.02.03 09:10:38.574,0.76305,0.7632,1.12,1.37
2017.02.03 09:10:39.159,0.76304,0.76319,1.00,1.37
2017.02.03 09:10:39.605,0.76304,0.76319,1.00,1.37
2017.02.03 09:10:39.948,0.76307,0.76321,1.00,2.25
2017.02.03 09:10:40.149,0.76306,0.76324,1.12,3.00
2017.02.03 09:10:40.250,0.76308,0.76323,1.00,1.37
2017.02.03 09:10:40.386,0.76308,0.76323,1.00,1.37
2017.02.03 09:10:43.478,0.76306,0.76324,1.12,1.37
2017.02.03 09:10:45.642,0.76306,0.76324,1.12,3.00
2017.02.03 09:10:46.044,0.76307,0.76322,1.37,1.12
2017.02.03 09:10:46.347,0.76305,0.76322,1.00,1.37
2017.02.03 09:10:46.987,0.76304,0.76321,1.00,1.37
2017.02.03 09:10:47.520,0.76305,0.76319,1.00,1.00
2017.02.03 09:10:48.326,0.76305,0.7632,1.00,1.12
2017.02.03 09:10:48.744,0.76305,0.7632,1.00,1.37
2017.02.03 09:10:51.501,0.76304,0.76318,1.00,1.12
2017.02.03 09:10:52.060,0.76304,0.76318,1.00,1.37
2017.02.03 09:10:56.336,0.76305,0.7632,1.00,3.00
2017.02.03 09:10:56.437,0.76305,0.7632,1.12,1.37
2017.02.03 09:10:56.889,0.76307,0.76322,1.00,1.37
2017.02.03 09:10:59.432,0.76306,0.76322,1.12,1.37
2017.02.03 09:11:01.170,0.76306,0.76322,1.37,1.37
2017.02.03 09:11:01.727,0.76306,0.76322,1.12,1.37
2017.02.03 09:11:02.268,0.76307,0.76322,1.37,1.12
2017.02.03 09:11:03.433,0.76307,0.76322,1.12,1.00
2017.02.03 09:11:06.003,0.76307,0.76322,1.12,1.37
2017.02.03 09:11:06.532,0.76308,0.76322,1.00,1.37
2017.02.03 09:11:07.214,0.76307,0.76322,1.12,1.37
2017.02.03 09:11:08.179,0.76308,0.76322,1.00,1.37
2017.02.03 09:11:09.410,0.76306,0.76323,1.87,1.37
2017.02.03 09:11:10.515,0.76306,0.76321,1.00,1.12
2017.02.03 09:11:11.041,0.76306,0.76321,1.00,1.37
2017.02.03 09:11:11.684,0.76306,0.76321,1.00,1.12
2017.02.03 09:11:16.771,0.76306,0.7632,1.00,1.00
2017.02.03 09:11:17.212,0.76307,0.76322,1.00,3.00
2017.02.03 09:11:17.263,0.76307,0.76322,1.00,1.37
2017.02.03 09:11:18.294,0.76307,0.76322,1.12,1.37
2017.02.03 09:11:20.396,0.76307,0.76322,1.12,1.00
2017.02.03 09:11:21.968,0.76307,0.76322,1.12,1.37
2017.02.03 09:11:31.833,0.76306,0.76321,1.12,1.12
2017.02.03 09:11:32.034,0.76305,0.7632,1.00,1.37
2017.02.03 09:11:32.236,0.76306,0.76321,1.00,1.00
2017.02.03 09:11:32.772,0.76306,0.76323,1.12,1.37
2017.02.03 09:11:33.416,0.76306,0.76321,1.37,1.00
2017.02.03 09:11:34.951,0.76306,0.76321,1.12,1.12
2017.02.03 09:11:35.154,0.76306,0.7632,1.37,1.00
2017.02.03 09:11:35.254,0.76306,0.7632,1.12,1.12
2017.02.03 09:11:35.852,0.76306,0.7632,1.37,1.00
2017.02.03 09:11:36.330,0.76305,0.7632,1.12,1.37
2017.02.03 09:11:36.960,0.76305,0.7632,1.37,1.00
2017.02.03 09:11:37.980,0.76306,0.76321,1.12,1.12
2017.02.03 09:11:43.021,0.76306,0.7632,1.12,1.00
2017.02.03 09:11:44.020,0.76304,0.76321,1.37,1.37
2017.02.03 09:11:47.964,0.76304,0.76319,1.00,1.37
2017.02.03 09:11:48.484,0.76304,0.76319,1.37,1.00
2017.02.03 09:11:48.935,0.76304,0.76321,1.37,1.12
2017.02.03 09:11:49.376,0.76305,0.76321,1.12,1.37
2017.02.03 09:12:05.597,0.76306,0.76321,1.00,1.37
2017.02.03 09:12:06.129,0.76306,0.76321,1.12,1.37
2017.02.03 09:12:07.576,0.76306,0.76321,1.37,1.12
2017.02.03 09:12:08.880,0.76305,0.7632,1.37,1.00
2017.02.03 09:12:09.109,0.76305,0.76319,1.12,1.12
2017.02.03 09:12:15.954,0.76303,0.76318,1.37,1.00
2017.02.03 09:12:17.498,0.76303,0.76318,1.37,1.12
2017.02.03 09:12:18.060,0.76303,0.76317,1.00,1.12
2017.02.03 09:12:18.111,0.763,0.76315,1.37,1.12
2017.02.03 09:12:18.211,0.76299,0.76315,1.12,1.37
2017.02.03 09:12:18.413,0.76298,0.76315,1.12,1.37
2017.02.03 09:12:19.725,0.76298,0.76312,1.50,1.37
2017.02.03 09:12:20.978,0.76295,0.76311,1.12,1.12
2017.02.03 09:12:21.467,0.76297,0.76312,1.00,1.37
2017.02.03 09:12:21.618,0.76297,0.76312,1.37,1.12
2017.02.03 09:12:22.312,0.76298,0.76313,1.12,1.12
2017.02.03 09:12:22.850,0.76299,0.76314,1.37,1.12
2017.02.03 09:12:25.247,0.76298,0.76313,1.12,1.00
2017.02.03 09:12:25.449,0.76298,0.76313,1.00,1.37
2017.02.03 09:12:25.992,0.76299,0.76314,1.00,1.37
2017.02.03 09:12:26.042,0.76299,0.76314,1.12,1.37
2017.02.03 09:12:26.644,0.76298,0.76314,1.12,1.12
2017.02.03 09:12:27.025,0.76298,0.76314,1.12,1.37
2017.02.03 09:12:28.380,0.76299,0.76314,1.00,1.37
2017.02.03 09:12:29.678,0.76298,0.76313,1.12,1.37
2017.02.03 09:12:30.025,0.76298,0.76313,1.37,1.00
2017.02.03 09:12:30.248,0.76298,0.76313,1.12,1.37
2017.02.03 09:12:30.767,0.76298,0.76313,1.00,1.12
2017.02.03 09:12:32.931,0.76298,0.76313,1.37,1.12
2017.02.03 09:12:33.577,0.76299,0.76313,1.37,1.00
2017.02.03 09:12:34.536,0.76299,0.76314,1.37,1.12
2017.02.03 09:12:35.143,0.76298,0.76315,1.12,1.37
2017.02.03 09:12:35.926,0.76299,0.76314,1.00,1.37
2017.02.03 09:12:37.376,0.76299,0.76314,1.00,1.37
2017.02.03 09:12:37.654,0.76299,0.76314,1.37,1.12
2017.02.03 09:12:39.557,0.76298,0.76315,1.37,1.37
2017.02.03 09:12:40.095,0.76299,0.76314,1.37,1.12
2017.02.03 09:12:40.698,0.76299,0.76314,1.12,1.12
2017.02.03 09:12:41.566,0.76299,0.76314,1.37,1.00
2017.02.03 09:12:41.617,0.76302,0.76317,1.00,1.37
2017.02.03 09:12:41.869,0.76304,0.76319,1.00,1.00
2017.02.03 09:12:41.970,0.76304,0.76319,1.00,1.37
2017.02.03 09:12:42.172,0.76304,0.76319,1.37,1.12
2017.02.03 09:12:42.466,0.76303,0.76317,1.12,1.00
2017.02.03 09:12:42.886,0.76302,0.76319,1.37,1.12
2017.02.03 09:12:43.087,0.76304,0.76319,1.37,1.00
2017.02.03 09:12:43.289,0.76302,0.7632,1.37,1.37
2017.02.03 09:12:43.731,0.76304,0.76319,1.37,1.12
2017.02.03 09:12:47.218,0.76304,0.76319,1.00,1.37
2017.02.03 09:12:47.469,0.76304,0.76321,1.12,1.37
2017.02.03 09:12:48.142,0.76306,0.76321,1.00,1.37
2017.02.03 09:12:48.535,0.76305,0.7632,1.00,1.37
2017.02.03 09:12:58.750,0.76303,0.76321,1.37,3.00
2017.02.03 09:13:01.528,0.76303,0.76319,1.00,1.37
2017.02.03 09:13:02.424,0.76304,0.76318,1.00,1.12
2017.02.03 09:13:03.093,0.76303,0.76318,1.12,1.37
2017.02.03 09:13:03.806,0.76303,0.76318,1.12,1.12
2017.02.03 09:13:04.119,0.763,0.76314,1.87,1.00
2017.02.03 09:13:04.220,0.76299,0.76313,1.12,1.12
2017.02.03 09:13:04.770,0.763,0.76315,1.12,1.37
2017.02.03 09:13:05.234,0.76298,0.76314,1.12,1.37
2017.02.03 09:13:05.560,0.763,0.76314,1.00,1.37
2017.02.03 09:13:06.992,0.76299,0.76314,1.12,1.37
2017.02.03 09:13:09.201,0.763,0.76314,1.00,1.37
2017.02.03 09:13:09.708,0.76301,0.76316,1.00,1.37
2017.02.03 09:13:09.759,0.76301,0.76316,1.00,1.37
2017.02.03 09:13:10.519,0.76302,0.76317,1.00,1.37
2017.02.03 09:13:11.040,0.76302,0.76317,1.87,1.37
2017.02.03 09:13:16.554,0.76301,0.76316,1.00,1.37
2017.02.03 09:13:17.227,0.76301,0.76315,1.00,1.37
2017.02.03 09:13:18.080,0.763,0.76315,1.12,1.37
2017.02.03 09:13:18.743,0.76299,0.76316,1.37,1.12
2017.02.03 09:13:18.845,0.76299,0.76316,1.37,1.37
2017.02.03 09:13:19.415,0.76299,0.76316,1.12,1.37
2017.02.03 09:13:19.894,0.76301,0.76316,1.12,1.37
2017.02.03 09:13:20.469,0.763,0.76315,1.00,1.12
2017.02.03 09:13:21.075,0.763,0.76315,1.37,1.12
2017.02.03 09:13:22.424,0.76302,0.76317,1.00,1.37
2017.02.03 09:13:22.574,0.76302,0.76317,1.37,1.12
2017.02.03 09:13:23.187,0.76302,0.76317,1.12,1.12
2017.02.03 09:13:23.288,0.76302,0.76317,1.00,1.37
2017.02.03 09:13:23.501,0.76302,0.76317,1.00,1.12
2017.02.03 09:13:25.341,0.76301,0.76316,1.12,1.00
2017.02.03 09:13:25.591,0.76301,0.76318,1.37,1.37
2017.02.03 09:13:27.665,0.76303,0.76318,1.12,1.12
2017.02.03 09:13:28.308,0.76305,0.76319,1.37,1.00
2017.02.03 09:13:29.025,0.76303,0.7632,1.37,1.12
2017.02.03 09:13:29.328,0.76302,0.7632,1.37,1.37
2017.02.03 09:13:30.280,0.76301,0.76318,1.37,1.37
2017.02.03 09:13:30.822,0.76302,0.76317,1.12,1.37
2017.02.03 09:13:31.547,0.76302,0.76317,1.37,1.12
2017.02.03 09:13:32.083,0.76303,0.76318,1.37,1.00
2017.02.03 09:13:32.959,0.76302,0.76317,1.37,1.00
2017.02.03 09:13:33.010,0.76301,0.76316,1.37,1.00
2017.02.03 09:13:34.598,0.76302,0.76317,1.37,1.12
2017.02.03 09:13:37.193,0.76302,0.76319,1.37,1.12
2017.02.03 09:13:37.959,0.76304,0.76319,1.12,1.00
2017.02.03 09:13:43.891,0.76304,0.76318,1.12,1.00
2017.02.03 09:13:44.542,0.76302,0.76319,1.37,1.12
2017.02.03 09:13:46.006,0.76302,0.76319,1.37,1.37
2017.02.03 09:13:48.627,0.76304,0.76319,1.37,1.12
2017.02.03 09:13:55.553,0.76302,0.76316,1.37,1.00
2017.02.03 09:13:55.754,0.76301,0.76315,1.37,1.00
2017.02.03 09:13:57.235,0.76301,0.76315,1.12,1.12
2017.02.03 09:14:00.000,0.76302,0.76317,1.00,1.37
2017.02.03 09:14:00.251,0.76303,0.76318,1.12,1.37
2017.02.03 09:14:00.936,0.76303,0.76318,1.00,1.37
2017.02.03 09:14:01.445,0.76302,0.76317,1.12,1.37
2017.02.03 09:14:01.771,0.76301,0.76315,1.00,1.37
2017.02.03 09:14:01.872,0.76301,0.76315,1.12,1.12
2017.02.03 09:14:02.123,0.76303,0.76318,1.00,1.37
2017.02.03 09:14:02.447,0.76305,0.76321,1.00,2.25
2017.02.03 09:14:02.499,0.76305,0.76322,1.37,1.37
2017.02.03 09:14:03.160,0.76307,0.76321,1.00,1.37
2017.02.03 09:14:04.151,0.76307,0.76321,1.00,1.37
2017.02.03 09:14:04.929,0.76306,0.76321,1.00,1.37
2017.02.03 09:14:07.554,0.76306,0.76321,1.00,3.00
2017.02.03 09:14:08.581,0.76306,0.76321,1.12,1.37
2017.02.03 09:14:09.258,0.76306,0.76321,1.37,1.12
2017.02.03 09:14:09.959,0.76306,0.76321,1.00,1.12
2017.02.03 09:14:10.480,0.76305,0.7632,1.00,1.12
2017.02.03 09:14:10.681,0.76305,0.76322,1.37,1.00
2017.02.03 09:14:11.220,0.76305,0.76322,2.62,1.37
2017.02.03 09:14:11.768,0.76305,0.76322,1.37,1.37
2017.02.03 09:14:12.343,0.76306,0.7632,1.12,1.00
2017.02.03 09:14:12.868,0.76305,0.76322,1.00,3.00
2017.02.03 09:14:13.371,0.76307,0.76321,1.00,1.37
2017.02.03 09:14:13.898,0.76306,0.76321,1.00,1.37
2017.02.03 09:14:14.562,0.76306,0.76321,1.00,1.12
2017.02.03 09:14:15.373,0.76306,0.76321,1.00,1.37
2017.02.03 09:14:17.010,0.76305,0.7632,1.12,1.37
2017.02.03 09:14:17.610,0.76305,0.7632,1.37,1.00
2017.02.03 09:14:20.055,0.76307,0.76321,1.00,1.37
2017.02.03 09:14:20.811,0.76306,0.76322,1.12,1.37
2017.02.03 09:14:21.394,0.76306,0.76321,1.37,1.12
2017.02.03 09:14:21.927,0.76305,0.7632,1.37,1.00
2017.02.03 09:14:22.028,0.76305,0.7632,1.12,1.37
2017.02.03 09:14:22.488,0.76304,0.76319,1.00,1.37
2017.02.03 09:14:25.990,0.76304,0.76319,1.12,1.37
2017.02.03 09:14:26.518,0.76304,0.76319,1.37,1.12
2017.02.03 09:14:27.142,0.76304,0.76319,1.12,1.37
2017.02.03 09:14:29.602,0.76302,0.76317,1.37,1.12
2017.02.03 09:14:30.118,0.76303,0.76318,1.37,1.00
2017.02.03 09:14:32.035,0.76304,0.76319,1.12,1.12
2017.02.03 09:14:32.623,0.76304,0.76319,1.12,1.37
2017.02.03 09:14:33.249,0.76304,0.76319,1.37,1.00
2017.02.03 09:14:33.854,0.76304,0.76318,1.37,1.00
2017.02.03 09:14:34.766,0.76303,0.76318,1.37,1.00
2017.02.03 09:14:34.818,0.763,0.76317,1.37,1.12
2017.02.03 09:14:35.435,0.763,0.76317,1.12,1.37
2017.02.03 09:14:37.346,0.76302,0.76317,1.00,1.37
2017.02.03 09:14:37.691,0.76302,0.76317,1.37,1.00
2017.02.03 09:14:37.741,0.76302,0.76317,1.37,1.12
2017.02.03 09:14:38.286,0.76302,0.76317,1.12,1.37
2017.02.03 09:14:42.728,0.76302,0.76318,1.00,1.37
2017.02.03 09:14:43.429,0.76302,0.76318,1.12,1.37
2017.02.03 09:14:43.962,0.76299,0.76314,1.37,1.00
2017.02.03 09:14:44.063,0.76299,0.76314,1.12,1.12
2017.02.03 09:14:44.604,0.76299,0.76315,1.12,1.37
2017.02.03 09:14:45.468,0.76299,0.76315,1.37,1.37
2017.02.03 09:14:46.382,0.76297,0.76314,1.37,1.37
2017.02.03 09:14:47.238,0.76299,0.76315,1.37,1.37
2017.02.03 09:14:48.678,0.76299,0.76315,1.12,1.37
2017.02.03 09:14:48.728,0.76301,0.76316,1.00,1.37
2017.02.03 09:14:48.779,0.76301,0.76316,1.12,1.37
2017.02.03 09:14:49.316,0.76301,0.76316,1.00,1.37
2017.02.03 09:14:49.367,0.76301,0.76316,1.12,1.12
2017.02.03 09:14:49.781,0.76301,0.76316,1.00,1.37
2017.02.03 09:14:49.881,0.76301,0.76316,1.00,1.12
2017.02.03 09:14:50.854,0.763,0.76316,1.12,1.12
2017.02.03 09:14:52.105,0.76301,0.76316,1.00,1.12
2017.02.03 09:14:52.206,0.76305,0.76319,1.00,1.37
2017.02.03 09:14:52.356,0.76305,0.7632,1.00,1.37
2017.02.03 09:14:52.457,0.76302,0.7632,1.37,1.37
2017.02.03 09:14:52.898,0.76305,0.7632,1.00,1.37
2017.02.03 09:14:53.693,0.76303,0.76318,1.37,1.12
2017.02.03 09:14:54.358,0.76303,0.76318,1.00,1.12
2017.02.03 09:14:54.928,0.76302,0.76317,1.00,1.00
2017.02.03 09:14:55.450,0.76301,0.76318,1.12,1.12
2017.02.03 09:14:55.752,0.76301,0.76318,1.12,1.37
2017.02.03 09:14:56.266,0.76301,0.76318,1.37,1.37
2017.02.03 09:14:56.765,0.763,0.76316,1.12,1.12
2017.02.03 09:14:56.966,0.76301,0.76317,1.00,3.00
2017.02.03 09:14:57.187,0.76301,0.76317,1.37,1.37
2017.02.03 09:14:57.745,0.76301,0.76317,1.37,1.12
2017.02.03 09:15:00.454,0.76302,0.76318,1.12,1.12
2017.02.03 09:15:00.971,0.76301,0.76317,1.37,1.12
2017.02.03 09:15:02.336,0.76301,0.76317,1.12,1.12
2017.02.03 09:15:03.739,0.76302,0.76318,1.00,1.37
2017.02.03 09:15:05.569,0.76302,0.76317,1.00,1.37
2017.02.03 09:15:06.441,0.76301,0.76318,1.12,2.25
2017.02.03 09:15:06.598,0.76302,0.7632,1.12,3.00
2017.02.03 09:15:06.710,0.76299,0.76314,2.25,1.00
2017.02.03 09:15:07.071,0.76299,0.76316,1.37,1.12
2017.02.03 09:15:07.302,0.76304,0.7632,1.37,1.37
2017.02.03 09:15:08.535,0.76303,0.76318,1.37,1.00
2017.02.03 09:15:12.131,0.76304,0.76319,1.37,1.12
2017.02.03 09:15:12.700,0.76304,0.76319,1.37,1.00
2017.02.03 09:15:14.251,0.76305,0.7632,1.37,1.00
2017.02.03 09:15:16.691,0.76303,0.76318,3.00,1.00
2017.02.03 09:15:16.792,0.76303,0.76318,1.37,1.00
2017.02.03 09:15:17.495,0.76304,0.76319,1.37,1.00
2017.02.03 09:15:17.683,0.76302,0.76317,2.25,1.00
2017.02.03 09:15:17.934,0.76298,0.76313,1.37,1.00
2017.02.03 09:15:18.302,0.76299,0.76314,1.37,1.00
2017.02.03 09:15:19.052,0.76299,0.76314,1.37,1.12
2017.02.03 09:15:19.366,0.76298,0.76312,1.37,1.00
2017.02.03 09:15:19.491,0.76298,0.76312,1.12,1.00
2017.02.03 09:15:19.651,0.76301,0.76315,1.00,1.37
2017.02.03 09:15:20.006,0.76304,0.76318,1.00,3.00
2017.02.03 09:15:20.308,0.763,0.76315,1.37,1.12
2017.02.03 09:15:20.880,0.76301,0.76316,1.37,1.12
2017.02.03 09:15:21.681,0.76301,0.76315,1.37,1.00
2017.02.03 09:15:22.678,0.76302,0.76316,1.12,1.12
2017.02.03 09:15:23.237,0.76302,0.76319,1.37,1.37
2017.02.03 09:15:25.552,0.76304,0.76318,1.00,1.37
2017.02.03 09:15:25.653,0.76304,0.76319,1.37,1.00
2017.02.03 09:15:26.159,0.76303,0.76318,1.37,1.00
2017.02.03 09:15:27.506,0.76303,0.76318,1.37,1.00
2017.02.03 09:15:28.074,0.76303,0.76317,1.37,1.00
2017.02.03 09:15:28.270,0.76305,0.76319,1.12,1.00
2017.02.03 09:15:29.256,0.76304,0.76319,1.00,1.00
2017.02.03 09:15:30.064,0.76305,0.76319,1.12,1.00
2017.02.03 09:15:33.744,0.76304,0.76321,1.37,1.37
2017.02.03 09:15:34.352,0.76304,0.76321,1.37,1.37
2017.02.03 09:15:37.894,0.76306,0.7632,1.00,1.37
2017.02.03 09:15:38.045,0.76308,0.76323,1.00,1.37
2017.02.03 09:15:38.612,0.76308,0.76323,1.37,1.00
2017.02.03 09:15:39.643,0.76308,0.76322,1.37,1.00
2017.02.03 09:15:40.324,0.76307,0.76321,1.37,1.00
2017.02.03 09:15:40.375,0.76307,0.76321,1.37,1.00
2017.02.03 09:15:41.055,0.76306,0.76321,1.37,1.00
2017.02.03 09:15:42.231,0.76306,0.76321,1.37,1.00
2017.02.03 09:15:43.101,0.76307,0.76322,1.37,1.12
2017.02.03 09:15:44.273,0.76307,0.76322,1.37,1.00
2017.02.03 09:15:46.665,0.76304,0.76319,3.00,1.00
2017.02.03 09:15:46.766,0.76304,0.76319,1.12,1.37
2017.02.03 09:15:47.433,0.76304,0.76319,1.37,1.12
2017.02.03 09:15:48.157,0.76305,0.7632,1.37,1.12
2017.02.03 09:15:49.670,0.76305,0.7632,1.00,1.37
2017.02.03 09:15:50.319,0.76306,0.7632,1.00,1.37
2017.02.03 09:15:56.317,0.76305,0.7632,1.12,1.37
2017.02.03 09:15:56.961,0.76307,0.76322,1.00,1.37
2017.02.03 09:15:57.199,0.76308,0.76323,1.12,1.37
2017.02.03 09:15:57.738,0.76308,0.76323,1.37,1.12
2017.02.03 09:15:58.594,0.76307,0.76322,1.37,1.00
2017.02.03 09:16:00.512,0.76308,0.76323,1.37,1.12
2017.02.03 09:16:05.374,0.76307,0.76322,1.37,1.00
2017.02.03 09:16:05.475,0.76306,0.76321,1.37,1.12
2017.02.03 09:16:05.988,0.76306,0.7632,1.12,1.12
2017.02.03 09:16:06.995,0.76309,0.76323,1.00,1.37
2017.02.03 09:16:07.298,0.76309,0.76323,1.12,1.12
2017.02.03 09:16:07.986,0.76308,0.76322,1.37,1.00
2017.02.03 09:16:08.288,0.76307,0.76321,1.12,1.12
2017.02.03 09:16:08.489,0.76307,0.76322,1.37,1.00
2017.02.03 09:16:09.484,0.76308,0.76322,1.00,1.12
2017.02.03 09:16:10.010,0.76307,0.76322,1.12,1.12
2017.02.03 09:16:10.676,0.76307,0.76322,1.00,1.37
2017.02.03 09:16:11.252,0.76306,0.76322,1.12,1.37
2017.02.03 09:16:13.470,0.76303,0.76319,3.00,1.00
2017.02.03 09:16:13.621,0.76303,0.76317,1.12,1.12
2017.02.03 09:16:14.238,0.76303,0.76317,1.00,1.37
2017.02.03 09:16:14.531,0.763,0.76317,1.00,1.37
2017.02.03 09:16:15.328,0.76299,0.76315,1.12,1.00
2017.02.03 09:16:15.513,0.763,0.76316,1.37,1.12
2017.02.03 09:16:20.006,0.76303,0.76319,1.00,3.00
2017.02.03 09:16:20.123,0.76303,0.76319,1.12,1.00
2017.02.03 09:16:20.325,0.76299,0.76321,2.25,2.25
2017.02.03 09:16:25.540,0.76305,0.76319,1.00,1.37
2017.02.03 09:16:25.641,0.76306,0.7632,1.00,1.37
2017.02.03 09:16:28.532,0.76307,0.76322,1.00,1.37
2017.02.03 09:16:28.633,0.76307,0.76322,1.12,1.12
2017.02.03 09:16:29.746,0.76307,0.76322,1.12,1.37
2017.02.03 09:16:31.445,0.76307,0.76322,1.00,1.00
2017.02.03 09:16:35.368,0.76308,0.76322,1.00,1.00
2017.02.03 09:16:39.738,0.76308,0.76322,1.00,1.37
2017.02.03 09:16:40.618,0.76308,0.76322,1.00,1.12
2017.02.03 09:16:42.695,0.76307,0.76322,1.12,1.12
2017.02.03 09:16:43.207,0.76307,0.76321,1.12,1.00
2017.02.03 09:16:44.054,0.76307,0.76321,1.00,1.37
2017.02.03 09:16:44.623,0.76306,0.76321,1.12,1.37
2017.02.03 09:16:45.541,0.76306,0.76321,1.12,1.00
2017.02.03 09:16:47.534,0.76306,0.76321,1.12,1.37
2017.02.03 09:16:47.898,0.76307,0.76322,1.12,1.12
2017.02.03 09:16:48.460,0.76306,0.76321,1.00,1.12
2017.02.03 09:16:49.063,0.76306,0.7632,1.00,1.00
2017.02.03 09:16:50.395,0.76306,0.76321,1.00,1.12
2017.02.03 09:16:53.548,0.76306,0.76321,1.00,1.37
2017.02.03 09:16:58.707,0.76308,0.76324,1.00,1.37
2017.02.03 09:16:58.890,0.76308,0.76324,1.37,1.00
2017.02.03 09:16:59.655,0.76309,0.76324,1.37,1.00
2017.02.03 09:17:00.519,0.76311,0.76325,1.00,1.12
2017.02.03 09:17:01.294,0.7631,0.76324,1.12,1.00
2017.02.03 09:17:02.792,0.76309,0.76323,1.37,1.00
2017.02.03 09:17:03.454,0.7631,0.76324,1.12,1.00
2017.02.03 09:17:03.606,0.7631,0.76324,1.37,1.00
2017.02.03 09:17:03.757,0.76312,0.76326,1.12,1.12
2017.02.03 09:17:04.259,0.76312,0.76328,1.00,1.37
2017.02.03 09:17:04.471,0.76312,0.76328,1.12,1.37
2017.02.03 09:17:05.063,0.76312,0.76328,1.12,1.37
2017.02.03 09:17:05.419,0.76313,0.76329,1.12,1.12
2017.02.03 09:17:05.472,0.76313,0.76329,1.12,1.37
2017.02.03 09:17:05.994,0.76313,0.76328,1.37,1.12
2017.02.03 09:17:08.777,0.76313,0.76328,1.12,1.37
2017.02.03 09:17:09.316,0.76313,0.76328,1.37,1.12
2017.02.03 09:17:09.853,0.76313,0.76327,1.12,1.00
2017.02.03 09:17:10.667,0.76311,0.76325,1.37,1.00
2017.02.03 09:17:11.528,0.76311,0.76325,1.37,1.00
2017.02.03 09:17:12.075,0.76312,0.76327,1.12,1.37
2017.02.03 09:17:14.724,0.76312,0.76327,1.00,1.37
2017.02.03 09:17:14.924,0.76314,0.76328,1.12,1.12
2017.02.03 09:17:15.484,0.76311,0.76327,3.75,1.00
2017.02.03 09:17:15.737,0.76312,0.76328,3.00,1.00
2017.02.03 09:17:16.115,0.76313,0.76328,1.12,1.37
2017.02.03 09:17:16.631,0.76313,0.76328,1.37,1.00
2017.02.03 09:17:16.691,0.76313,0.76328,1.12,1.00
2017.02.03 09:17:18.782,0.76314,0.76328,1.00,1.00
2017.02.03 09:17:19.394,0.76312,0.76329,1.37,1.00
2017.02.03 09:17:20.457,0.76314,0.76328,1.00,1.00
2017.02.03 09:17:21.490,0.76313,0.76328,1.12,1.00
2017.02.03 09:17:26.009,0.76313,0.76328,1.37,1.00
2017.02.03 09:17:27.251,0.76313,0.76327,1.12,1.00
2017.02.03 09:17:28.025,0.76313,0.76327,1.00,1.37
2017.02.03 09:17:28.126,0.76311,0.76327,1.12,1.37
2017.02.03 09:17:30.411,0.76309,0.76324,1.37,1.00
2017.02.03 09:17:30.918,0.76309,0.76323,1.37,1.00
2017.02.03 09:17:31.461,0.76309,0.76324,1.37,1.00
2017.02.03 09:17:33.586,0.76311,0.76325,1.00,1.00
2017.02.03 09:17:33.897,0.76312,0.76327,1.12,1.12
2017.02.03 09:17:33.947,0.76312,0.76327,1.37,1.00
2017.02.03 09:17:37.809,0.76311,0.76325,1.37,1.00
2017.02.03 09:17:37.860,0.7631,0.76324,1.37,1.00
2017.02.03 09:17:37.960,0.76313,0.76328,1.00,1.12
2017.02.03 09:17:38.061,0.76314,0.76328,1.37,1.00
2017.02.03 09:17:38.567,0.76314,0.76328,1.12,1.12
2017.02.03 09:17:43.694,0.76314,0.76328,1.00,1.37
2017.02.03 09:17:45.957,0.76314,0.76328,1.12,1.12
2017.02.03 09:17:47.076,0.76314,0.76329,1.37,1.12
2017.02.03 09:17:47.612,0.76314,0.76328,1.37,1.00
2017.02.03 09:17:47.963,0.76313,0.76327,1.12,1.12
2017.02.03 09:17:48.991,0.76312,0.76327,1.12,1.37
2017.02.03 09:17:49.598,0.76312,0.76327,1.37,1.12
2017.02.03 09:17:55.324,0.76314,0.76328,1.12,1.12
2017.02.03 09:17:56.020,0.76314,0.76328,1.37,1.00
2017.02.03 09:17:57.504,0.76314,0.76328,1.12,1.00
2017.02.03 09:18:03.662,0.76313,0.76329,1.37,1.12
2017.02.03 09:18:06.848,0.76313,0.7633,1.37,1.00
2017.02.03 09:18:07.382,0.76315,0.76329,1.12,1.00
2017.02.03 09:18:08.410,0.76315,0.76329,1.37,1.00
2017.02.03 09:18:12.878,0.76315,0.7633,1.37,1.12
2017.02.03 09:18:13.396,0.76315,0.7633,1.37,1.00
2017.02.03 09:18:14.023,0.76315,0.7633,1.37,1.12
2017.02.03 09:18:14.713,0.76315,0.76329,1.37,1.00
2017.02.03 09:18:15.957,0.76315,0.76329,1.12,1.12
2017.02.03 09:18:17.927,0.76314,0.76329,1.12,1.37
2017.02.03 09:18:19.530,0.76313,0.76327,1.37,1.00
2017.02.03 09:18:20.232,0.76313,0.76327,1.12,1.12
2017.02.03 09:18:20.906,0.76313,0.76327,1.37,1.00
2017.02.03 09:18:22.485,0.76311,0.76328,1.37,1.12
2017.02.03 09:18:23.572,0.76313,0.76327,1.12,1.00
2017.02.03 09:18:23.774,0.76314,0.76328,1.37,1.00
2017.02.03 09:18:24.265,0.76313,0.7633,1.37,1.12
2017.02.03 09:18:28.447,0.76314,0.76328,1.37,1.00
2017.02.03 09:18:28.897,0.76312,0.76327,1.37,1.00
2017.02.03 09:18:29.484,0.76312,0.76326,1.37,1.00
2017.02.03 09:18:33.349,0.76312,0.76327,1.37,1.00
2017.02.03 09:18:33.859,0.76313,0.76328,1.37,1.00
2017.02.03 09:18:36.426,0.76313,0.76329,1.37,1.12
2017.02.03 09:18:37.407,0.76314,0.76329,1.37,1.12
2017.02.03 09:18:37.981,0.76315,0.7633,1.37,1.12
2017.02.03 09:18:38.757,0.76315,0.76329,1.37,1.00
2017.02.03 09:18:39.307,0.76314,0.76329,1.37,1.00
2017.02.03 09:18:41.724,0.76316,0.76331,1.00,1.37
2017.02.03 09:18:42.292,0.76317,0.76332,1.12,1.37
2017.02.03 09:18:43.301,0.76314,0.76329,1.12,1.00
2017.02.03 09:18:43.905,0.76313,0.7633,1.37,1.37
2017.02.03 09:18:44.681,0.76313,0.7633,1.12,1.37
2017.02.03 09:18:47.256,0.76314,0.76328,1.00,1.37
2017.02.03 09:18:48.544,0.76313,0.7633,1.12,1.37
2017.02.03 09:18:49.049,0.76313,0.7633,1.37,1.37
2017.02.03 09:18:49.917,0.76313,0.7633,1.37,1.12
2017.02.03 09:18:50.639,0.76315,0.76329,1.00,1.00
2017.02.03 09:18:50.916,0.76318,0.76333,1.00,1.37
2017.02.03 09:18:51.117,0.76319,0.76334,1.12,1.37
2017.02.03 09:18:51.544,0.76319,0.76334,1.00,1.37
2017.02.03 09:18:51.595,0.76316,0.76333,1.37,1.37
2017.02.03 09:18:51.896,0.76315,0.76329,1.37,1.00
2017.02.03 09:18:51.997,0.76315,0.76329,1.12,1.12
2017.02.03 09:18:55.636,0.76312,0.76329,1.37,1.37
2017.02.03 09:18:55.737,0.76311,0.76326,1.37,1.00
2017.02.03 09:18:55.938,0.7631,0.76325,1.00,1.00
2017.02.03 09:18:56.039,0.7631,0.76325,1.00,1.37
2017.02.03 09:18:56.203,0.7631,0.76325,1.12,1.12
2017.02.03 09:18:56.942,0.76312,0.76326,1.00,1.37
2017.02.03 09:18:57.143,0.76314,0.76331,1.00,3.00
2017.02.03 09:18:57.818,0.76315,0.7633,1.00,1.37
2017.02.03 09:19:02.815,0.76314,0.76329,1.00,1.00
2017.02.03 09:19:03.421,0.76314,0.76329,1.00,1.37
2017.02.03 09:19:03.930,0.76313,0.76328,1.12,1.37
2017.02.03 09:19:04.997,0.76315,0.7633,1.12,1.37
2017.02.03 09:19:05.643,0.76316,0.76331,1.12,1.37
2017.02.03 09:19:07.726,0.76314,0.76329,1.12,1.12
2017.02.03 09:19:08.000,0.76313,0.76327,1.37,1.00
2017.02.03 09:19:08.051,0.76314,0.76329,1.37,1.12
2017.02.03 09:19:08.610,0.76314,0.76329,1.00,1.37
2017.02.03 09:19:09.574,0.76313,0.76328,1.12,1.12
2017.02.03 09:19:10.083,0.76313,0.76328,1.37,1.12
2017.02.03 09:19:10.719,0.76315,0.7633,1.00,1.37
2017.02.03 09:19:11.721,0.76315,0.76329,1.12,1.12
2017.02.03 09:19:13.677,0.76315,0.7633,1.12,1.12
2017.02.03 09:19:15.605,0.76316,0.76331,1.00,1.37
2017.02.03 09:19:20.134,0.76315,0.7633,1.12,1.12
2017.02.03 09:19:21.067,0.76315,0.7633,1.37,1.12
2017.02.03 09:19:21.453,0.76314,0.76328,1.37,1.00
2017.02.03 09:19:21.695,0.76313,0.76328,1.12,1.00
2017.02.03 09:19:22.161,0.76315,0.76331,1.00,1.37
2017.02.03 09:19:25.279,0.76314,0.76328,1.37,1.00
2017.02.03 09:19:25.899,0.76314,0.76328,1.12,1.12
2017.02.03 09:19:26.794,0.76314,0.76328,1.37,1.00
2017.02.03 09:19:27.561,0.76314,0.76328,1.12,1.12
2017.02.03 09:19:28.161,0.76314,0.76329,1.37,1.12
2017.02.03 09:19:28.512,0.76313,0.76327,1.12,1.12
2017.02.03 09:19:28.841,0.76315,0.76329,1.00,2.25
2017.02.03 09:19:28.892,0.76315,0.7633,1.00,1.12
2017.02.03 09:19:29.071,0.76315,0.7633,1.00,1.37
2017.02.03 09:19:29.297,0.76313,0.76328,1.12,1.37
2017.02.03 09:19:30.006,0.7631,0.76327,1.12,1.37
2017.02.03 09:19:30.318,0.76313,0.76328,1.12,1.37
2017.02.03 09:19:31.412,0.76312,0.76327,1.00,1.37
2017.02.03 09:19:32.067,0.76311,0.76326,1.12,1.12
2017.02.03 09:19:32.582,0.7631,0.76325,1.37,1.12
2017.02.03 09:19:37.114,0.7631,0.76326,1.12,1.37
2017.02.03 09:19:37.216,0.7631,0.76326,1.12,1.12
2017.02.03 09:19:37.279,0.7631,0.76326,1.12,1.37
2017.02.03 09:19:38.373,0.7631,0.76326,1.37,1.37
2017.02.03 09:19:39.282,0.7631,0.76326,1.12,1.37
2017.02.03 09:19:41.137,0.7631,0.76326,1.37,1.37
2017.02.03 09:19:47.497,0.7631,0.76326,1.12,1.37
2017.02.03 09:19:49.112,0.76311,0.76326,1.00,1.37
2017.02.03 09:19:49.314,0.76311,0.76326,1.37,1.12
2017.02.03 09:19:50.130,0.76312,0.76327,1.00,1.12
2017.02.03 09:19:59.516,0.76313,0.76327,1.00,1.00
2017.02.03 09:20:00.021,0.76312,0.76329,1.12,1.37
2017.02.03 09:20:01.590,0.76313,0.76327,1.00,1.00
2017.02.03 09:20:03.765,0.76311,0.76328,1.37,1.12
2017.02.03 09:20:03.815,0.76312,0.76326,1.12,1.00
2017.02.03 09:20:05.223,0.76312,0.76326,1.00,1.37
2017.02.03 09:20:08.370,0.76311,0.76326,1.12,1.37
2017.02.03 09:20:10.013,0.76312,0.76327,1.00,1.37
2017.02.03 09:20:11.414,0.76312,0.76327,1.12,1.37
2017.02.03 09:20:13.359,0.76313,0.76328,1.37,1.12
2017.02.03 09:20:13.684,0.76311,0.76326,1.00,1.12
2017.02.03 09:20:14.217,0.76312,0.76326,1.00,1.12
2017.02.03 09:20:15.119,0.76312,0.76327,1.12,1.12
2017.02.03 09:20:15.733,0.76313,0.76328,1.00,1.12
2017.02.03 09:20:16.634,0.76314,0.76329,1.00,1.37
2017.02.03 09:20:16.685,0.76316,0.7633,1.00,3.00
2017.02.03 09:20:16.735,0.76314,0.76329,1.00,1.37
2017.02.03 09:20:16.786,0.76314,0.76329,1.00,1.12
2017.02.03 09:20:16.836,0.76316,0.7633,1.00,1.37
2017.02.03 09:20:17.138,0.76319,0.76334,1.00,1.37
2017.02.03 09:20:17.773,0.76319,0.76334,1.00,1.37
2017.02.03 09:20:18.190,0.76318,0.76333,1.00,1.37
2017.02.03 09:20:18.279,0.76318,0.76333,1.00,1.12
2017.02.03 09:20:18.550,0.76318,0.76333,1.00,1.37
2017.02.03 09:20:19.100,0.76317,0.76331,1.00,1.37
2017.02.03 09:20:19.828,0.76316,0.76331,1.00,1.37
2017.02.03 09:20:20.362,0.76317,0.76331,1.37,1.00
2017.02.03 09:20:20.890,0.76317,0.76332,1.37,1.12
2017.02.03 09:20:23.395,0.76318,0.76333,1.00,1.37
2017.02.03 09:20:24.055,0.76317,0.76333,1.37,1.37
2017.02.03 09:20:24.565,0.76317,0.76333,1.00,1.37
2017.02.03 09:20:25.703,0.76318,0.76333,1.00,1.37
2017.02.03 09:20:28.153,0.76317,0.76332,1.00,1.12
2017.02.03 09:20:28.454,0.76314,0.76331,1.37,1.37
2017.02.03 09:20:28.913,0.76316,0.76333,1.37,1.37
2017.02.03 09:20:30.871,0.76318,0.76334,1.37,1.37
2017.02.03 09:20:31.388,0.7632,0.76334,1.00,1.37
2017.02.03 09:20:33.783,0.7632,0.76334,1.00,1.37
2017.02.03 09:20:33.834,0.76318,0.76333,1.12,1.37
2017.02.03 09:20:37.190,0.76319,0.76333,1.00,1.37
2017.02.03 09:20:38.163,0.76318,0.76333,1.37,1.12
2017.02.03 09:20:39.915,0.76319,0.76334,1.37,1.12
2017.02.03 09:20:40.986,0.76319,0.76334,1.00,1.12
2017.02.03 09:20:41.525,0.76318,0.76333,1.37,1.00
2017.02.03 09:20:47.009,0.76317,0.76332,1.00,1.37
2017.02.03 09:20:47.110,0.76314,0.76329,1.00,1.12
2017.02.03 09:20:47.880,0.76313,0.76328,1.37,1.12
2017.02.03 09:20:48.539,0.76314,0.76329,1.00,1.00
2017.02.03 09:20:49.999,0.76314,0.7633,1.00,1.12
2017.02.03 09:20:50.049,0.76314,0.76329,1.12,1.37
2017.02.03 09:20:50.645,0.76315,0.76329,1.00,1.12
2017.02.03 09:20:51.205,0.76314,0.76329,1.12,1.37
2017.02.03 09:20:51.839,0.76315,0.76329,1.00,1.37
2017.02.03 09:20:54.258,0.76315,0.76332,1.12,1.37
2017.02.03 09:20:54.309,0.76317,0.76332,1.00,1.37
2017.02.03 09:20:55.209,0.76316,0.76331,1.12,1.37
2017.02.03 09:20:55.753,0.76317,0.76332,1.12,1.37
2017.02.03 09:20:56.070,0.76315,0.76331,1.00,1.37
2017.02.03 09:20:56.350,0.76315,0.76331,1.12,1.12
2017.02.03 09:20:56.585,0.76317,0.76331,1.00,1.12
2017.02.03 09:21:04.401,0.76316,0.76331,1.00,1.12
2017.02.03 09:21:05.903,0.76317,0.76331,1.00,1.12
2017.02.03 09:21:06.718,0.76316,0.76333,1.12,1.87
2017.02.03 09:21:14.736,0.76317,0.76331,1.00,1.12
2017.02.03 09:21:15.892,0.76317,0.76331,1.37,1.00
2017.02.03 09:21:16.391,0.76316,0.76333,1.12,1.87
2017.02.03 09:21:17.045,0.76317,0.76331,1.00,1.12
2017.02.03 09:21:19.460,0.76315,0.7633,1.37,1.00
2017.02.03 09:21:19.510,0.76314,0.76328,1.37,1.00
2017.02.03 09:21:20.919,0.76314,0.76329,1.37,1.12
2017.02.03 09:21:22.890,0.76314,0.76328,1.00,1.37
2017.02.03 09:21:23.842,0.76313,0.76328,1.00,1.37
2017.02.03 09:21:25.137,0.76312,0.76327,1.12,1.37
2017.02.03 09:21:26.117,0.76311,0.76326,1.12,1.37
2017.02.03 09:21:26.619,0.76312,0.76329,1.12,1.37
2017.02.03 09:21:27.484,0.76312,0.76329,1.37,1.87
2017.02.03 09:21:31.931,0.76312,0.76327,1.00,1.37
2017.02.03 09:21:32.874,0.76313,0.76328,1.12,1.37
2017.02.03 09:21:33.674,0.76314,0.76328,1.00,1.37
2017.02.03 09:21:34.460,0.76313,0.76328,1.12,1.37
2017.02.03 09:21:36.549,0.76313,0.76328,1.00,1.37
2017.02.03 09:21:36.650,0.76313,0.76328,1.12,1.00
2017.02.03 09:21:37.328,0.76313,0.76327,1.00,1.12
2017.02.03 09:21:47.520,0.76313,0.76327,1.00,1.37
2017.02.03 09:21:57.184,0.76312,0.76327,1.12,1.37
2017.02.03 09:21:57.435,0.76313,0.76328,1.12,1.12
2017.02.03 09:21:58.178,0.76314,0.76328,1.00,1.00
2017.02.03 09:21:58.701,0.76314,0.7633,1.00,1.37
2017.02.03 09:21:59.838,0.76315,0.76329,1.12,1.12
2017.02.03 09:22:00.269,0.76314,0.76329,1.00,1.37
2017.02.03 09:22:06.556,0.76315,0.7633,1.00,1.37
2017.02.03 09:22:06.606,0.76316,0.76331,1.00,1.37
2017.02.03 09:22:06.662,0.76316,0.76331,1.00,1.12
2017.02.03 09:22:07.339,0.76317,0.76332,1.00,1.37
2017.02.03 09:22:08.020,0.76316,0.76331,1.00,1.12
2017.02.03 09:22:08.071,0.76316,0.76331,1.00,1.37
2017.02.03 09:22:08.372,0.76316,0.76331,1.00,1.37
2017.02.03 09:22:08.603,0.76314,0.76329,1.12,1.12
2017.02.03 09:22:09.617,0.76313,0.76328,1.37,1.00
2017.02.03 09:22:09.948,0.76311,0.76328,1.37,1.00
2017.02.03 09:22:10.787,0.76313,0.76328,1.00,1.00
2017.02.03 09:22:10.988,0.76313,0.76327,1.00,1.37
2017.02.03 09:22:11.875,0.76312,0.76327,1.12,1.00
2017.02.03 09:22:12.399,0.76312,0.76327,1.37,1.00
2017.02.03 09:22:12.575,0.76311,0.76329,1.12,3.75
2017.02.03 09:22:15.179,0.76312,0.76328,1.00,2.25
2017.02.03 09:22:15.281,0.76312,0.76329,1.12,1.37
2017.02.03 09:22:17.525,0.76312,0.76327,1.00,1.37
2017.02.03 09:22:18.027,0.76311,0.76327,1.12,1.37
2017.02.03 09:22:18.785,0.7631,0.76327,1.12,1.37
2017.02.03 09:22:21.910,0.76308,0.76323,1.37,1.00
2017.02.03 09:22:22.230,0.76312,0.76326,1.00,3.75
2017.02.03 09:22:22.432,0.76312,0.76326,1.12,1.12
2017.02.03 09:22:27.597,0.76312,0.76327,1.00,1.12
2017.02.03 09:22:29.371,0.76311,0.76326,1.12,1.00
2017.02.03 09:22:31.492,0.76311,0.76328,1.12,1.37
2017.02.03 09:22:32.168,0.76311,0.76326,1.12,1.00
2017.02.03 09:22:34.244,0.76312,0.76326,1.00,1.00
2017.02.03 09:22:34.560,0.76309,0.76326,1.37,1.12
2017.02.03 09:22:35.119,0.76309,0.76326,1.37,1.37
2017.02.03 09:22:36.249,0.7631,0.76327,1.37,1.37
2017.02.03 09:22:36.627,0.76308,0.76324,1.37,1.00
2017.02.03 09:22:36.965,0.76307,0.76322,1.37,1.12
2017.02.03 09:22:37.328,0.76309,0.76325,1.37,1.12
2017.02.03 09:22:37.752,0.76309,0.76325,1.12,1.37
2017.02.03 09:22:38.821,0.76307,0.76325,1.37,1.37
2017.02.03 09:22:39.694,0.76306,0.76321,1.37,1.00
2017.02.03 09:22:39.933,0.76306,0.7632,1.00,1.12
2017.02.03 09:22:40.701,0.76306,0.7632,1.00,1.37
2017.02.03 09:22:43.295,0.76305,0.7632,1.00,1.37
2017.02.03 09:22:43.346,0.76306,0.7632,1.00,1.37
2017.02.03 09:22:43.562,0.76306,0.7632,1.00,1.37
2017.02.03 09:22:48.217,0.76305,0.76319,1.12,1.12
2017.02.03 09:22:48.775,0.76306,0.7632,1.00,1.37
2017.02.03 09:22:50.026,0.76305,0.76322,1.12,1.37
2017.02.03 09:22:50.398,0.76307,0.76321,1.00,1.37
2017.02.03 09:22:50.944,0.76306,0.76321,1.12,1.00
2017.02.03 09:22:51.460,0.76307,0.76321,1.12,1.12
2017.02.03 09:22:52.206,0.76306,0.7632,1.37,1.00
2017.02.03 09:22:53.549,0.76306,0.7632,1.12,1.12
2017.02.03 09:22:54.450,0.76306,0.7632,1.37,1.00
2017.02.03 09:22:56.672,0.76304,0.76321,1.37,1.12
2017.02.03 09:22:56.773,0.76306,0.7632,1.00,1.37
2017.02.03 09:22:57.658,0.76306,0.7632,1.12,1.12
2017.02.03 09:23:00.166,0.76306,0.7632,1.37,1.00
2017.02.03 09:23:00.709,0.76306,0.76321,1.12,1.37
2017.02.03 09:23:08.321,0.76305,0.76321,1.00,1.37
2017.02.03 09:23:08.832,0.76307,0.76321,1.00,1.37
2017.02.03 09:23:10.034,0.76307,0.76322,1.00,1.37
2017.02.03 09:23:10.569,0.76307,0.76322,1.00,1.37
2017.02.03 09:23:11.480,0.76307,0.76323,1.12,1.37
2017.02.03 09:23:12.016,0.76308,0.76324,1.12,1.37
2017.02.03 09:23:13.020,0.76307,0.76323,1.37,1.00
2017.02.03 09:23:14.571,0.76308,0.76322,1.37,1.00
2017.02.03 09:23:15.711,0.76308,0.76322,1.00,1.37
2017.02.03 09:23:15.988,0.76304,0.76324,1.37,2.25
2017.02.03 09:23:16.088,0.76304,0.76323,3.00,1.37
2017.02.03 09:23:16.451,0.76306,0.76321,1.12,1.37
2017.02.03 09:23:16.803,0.76306,0.76324,1.37,1.37
2017.02.03 09:23:17.121,0.76305,0.7632,1.87,1.00
2017.02.03 09:23:17.425,0.76308,0.76323,1.00,3.00
2017.02.03 09:23:17.476,0.76305,0.76323,1.12,2.25
2017.02.03 09:23:17.526,0.76308,0.76324,1.00,1.37
2017.02.03 09:23:18.051,0.76305,0.76321,1.87,1.12
2017.02.03 09:23:18.102,0.76305,0.76321,1.87,1.37
2017.02.03 09:23:18.603,0.76305,0.76322,1.12,1.37
2017.02.03 09:23:19.129,0.76305,0.7632,1.00,1.37
2017.02.03 09:23:20.108,0.76305,0.76321,1.12,1.37
2017.02.03 09:23:22.208,0.76305,0.76321,1.12,1.37
2017.02.03 09:23:22.409,0.76302,0.76318,1.37,1.00
2017.02.03 09:23:22.510,0.76302,0.76318,1.12,1.37
2017.02.03 09:23:24.276,0.76303,0.76319,1.00,1.37
2017.02.03 09:23:25.898,0.76302,0.76319,1.87,1.37
2017.02.03 09:23:26.309,0.76304,0.7632,1.00,2.25
2017.02.03 09:23:26.410,0.76304,0.76321,1.12,3.00
2017.02.03 09:23:26.823,0.76303,0.76317,1.00,1.37
2017.02.03 09:23:29.009,0.76303,0.76317,1.12,1.12
2017.02.03 09:23:29.602,0.76304,0.76318,1.00,1.37
2017.02.03 09:23:30.011,0.76306,0.7632,1.12,1.12
2017.02.03 09:23:32.437,0.76306,0.76321,1.12,1.12
2017.02.03 09:23:33.376,0.76306,0.7632,1.00,1.00
2017.02.03 09:23:34.719,0.76306,0.76321,1.00,1.12
2017.02.03 09:23:36.545,0.76306,0.76321,1.00,1.37
2017.02.03 09:23:36.645,0.76307,0.76322,1.00,1.37
2017.02.03 09:23:36.947,0.76308,0.76323,1.12,1.12
2017.02.03 09:23:38.712,0.76308,0.76322,1.12,1.00
2017.02.03 09:23:39.781,0.76308,0.76323,1.00,1.37
2017.02.03 09:23:40.932,0.76308,0.76322,1.00,1.37
2017.02.03 09:23:41.828,0.76308,0.76322,1.00,1.37
2017.02.03 09:23:43.535,0.76307,0.76322,1.12,1.37
2017.02.03 09:23:44.924,0.76309,0.76324,1.00,1.37
2017.02.03 09:23:50.727,0.7631,0.76324,1.00,1.37
2017.02.03 09:23:51.233,0.7631,0.76324,1.12,1.12
2017.02.03 09:23:52.375,0.7631,0.76325,1.37,1.12
2017.02.03 09:23:53.121,0.76309,0.76324,1.37,1.00
2017.02.03 09:23:53.720,0.76309,0.76325,1.37,1.12
2017.02.03 09:23:58.578,0.7631,0.76324,1.37,1.00
2017.02.03 09:23:59.093,0.7631,0.76326,1.37,1.37
2017.02.03 09:24:02.998,0.7631,0.76326,1.37,1.12
2017.02.03 09:24:04.924,0.76312,0.76327,1.12,1.37
2017.02.03 09:24:05.466,0.7631,0.76327,1.37,1.37
2017.02.03 09:24:05.927,0.7631,0.76327,1.37,1.12
2017.02.03 09:24:06.265,0.76312,0.76326,1.00,1.37
2017.02.03 09:24:07.702,0.7631,0.76326,1.37,1.37
2017.02.03 09:24:08.252,0.76312,0.76327,1.12,1.37
2017.02.03 09:24:08.790,0.76311,0.76326,1.00,1.37
2017.02.03 09:24:09.294,0.76311,0.76327,1.00,1.37
2017.02.03 09:24:10.034,0.7631,0.76328,1.12,1.37
2017.02.03 09:24:10.698,0.76311,0.76326,1.00,1.12
2017.02.03 09:24:11.029,0.76312,0.76327,1.00,1.37
2017.02.03 09:24:11.273,0.76312,0.76327,1.12,1.37
2017.02.03 09:24:15.108,0.76313,0.76329,1.00,3.00
2017.02.03 09:24:17.170,0.76314,0.76329,1.00,3.00
2017.02.03 09:24:17.469,0.76314,0.76329,1.00,1.37
2017.02.03 09:24:18.301,0.76313,0.76328,1.00,1.12
2017.02.03 09:24:18.640,0.7631,0.76327,1.37,1.12
2017.02.03 09:24:18.741,0.7631,0.76327,1.37,1.37
2017.02.03 09:24:19.611,0.7631,0.76325,1.00,1.12
2017.02.03 09:24:21.254,0.76311,0.76325,1.00,1.12
2017.02.03 09:24:28.695,0.76309,0.76324,1.37,1.00
2017.02.03 09:24:29.411,0.76311,0.76326,1.00,1.37
2017.02.03 09:24:33.033,0.76311,0.76326,1.37,1.12
2017.02.03 09:24:34.048,0.76311,0.76326,1.12,1.37
2017.02.03 09:24:38.222,0.76308,0.76323,3.00,1.00
2017.02.03 09:24:38.446,0.76307,0.76322,1.37,1.00
2017.02.03 09:24:39.064,0.76307,0.76322,1.37,1.00
2017.02.03 09:24:41.148,0.76307,0.76321,1.37,1.00
2017.02.03 09:24:42.228,0.76307,0.76321,1.12,1.12
2017.02.03 09:24:44.586,0.76306,0.7632,1.37,1.00
2017.02.03 09:24:45.118,0.76307,0.76323,1.00,3.75
2017.02.03 09:24:45.709,0.76308,0.76323,1.00,1.37
2017.02.03 09:24:46.242,0.76307,0.76322,1.00,1.37
2017.02.03 09:24:46.766,0.76307,0.76324,1.37,1.37
2017.02.03 09:24:46.967,0.76309,0.76325,1.12,1.12
2017.02.03 09:24:47.567,0.76309,0.76325,1.12,1.37
2017.02.03 09:24:54.398,0.76308,0.76323,1.37,1.00
2017.02.03 09:24:54.549,0.76306,0.76321,1.37,1.00
2017.02.03 09:24:54.600,0.76306,0.76321,1.37,1.12
2017.02.03 09:24:55.396,0.76308,0.76323,1.00,1.87
2017.02.03 09:24:58.684,0.76307,0.76322,1.12,1.37
2017.02.03 09:25:00.438,0.76308,0.76323,1.00,1.37
2017.02.03 09:25:01.302,0.76307,0.76324,1.12,2.25
2017.02.03 09:25:01.796,0.76309,0.76324,1.00,3.00
2017.02.03 09:25:02.393,0.76309,0.76324,1.00,1.37
2017.02.03 09:25:02.931,0.76309,0.76324,1.00,3.00
2017.02.03 09:25:04.124,0.76307,0.76324,1.12,3.00
2017.02.03 09:25:05.200,0.76309,0.76324,1.00,3.00
2017.02.03 09:25:05.714,0.76309,0.76324,1.00,1.37
2017.02.03 09:25:08.924,0.76309,0.76324,1.00,1.37
2017.02.03 09:25:09.835,0.76308,0.76322,1.00,1.12
2017.02.03 09:25:10.072,0.76306,0.76323,1.12,1.37
2017.02.03 09:25:10.122,0.76306,0.76322,1.12,1.37
2017.02.03 09:25:11.354,0.76307,0.76322,1.00,1.37
2017.02.03 09:25:18.008,0.76307,0.76323,1.37,1.37
2017.02.03 09:25:18.918,0.76308,0.76323,1.00,1.37
2017.02.03 09:25:19.019,0.76308,0.76323,1.00,1.37
2017.02.03 09:25:20.149,0.76309,0.76323,1.00,1.37
2017.02.03 09:25:21.591,0.76308,0.76322,1.00,1.12
2017.02.03 09:25:21.742,0.76306,0.76323,1.00,1.37
2017.02.03 09:25:21.792,0.76308,0.76323,1.00,1.37
2017.02.03 09:25:22.402,0.76307,0.76322,1.00,1.37
2017.02.03 09:25:27.564,0.76307,0.76322,1.37,1.12
2017.02.03 09:25:31.560,0.76311,0.76326,1.00,2.62
2017.02.03 09:25:32.017,0.76311,0.76326,1.37,1.00
2017.02.03 09:25:32.168,0.76309,0.76325,1.37,1.12
2017.02.03 09:25:32.626,0.76313,0.76327,1.00,1.37
2017.02.03 09:25:33.167,0.76313,0.76327,1.00,1.12
2017.02.03 09:25:33.693,0.76312,0.76329,1.00,1.37
2017.02.03 09:25:34.039,0.76312,0.76329,1.00,3.00
2017.02.03 09:25:34.466,0.76312,0.76327,1.37,1.12
2017.02.03 09:25:34.776,0.76309,0.76325,3.00,1.00
2017.02.03 09:25:35.240,0.76312,0.76327,1.37,1.12
2017.02.03 09:25:35.439,0.7631,0.76325,1.37,1.00
2017.02.03 09:25:35.641,0.7631,0.76325,1.12,1.12
2017.02.03 09:25:36.060,0.7631,0.76324,1.37,1.00
2017.02.03 09:25:36.600,0.76311,0.76326,1.12,1.37
2017.02.03 09:25:37.404,0.7631,0.76326,1.37,1.12
2017.02.03 09:25:38.591,0.76311,0.76325,1.37,1.00
2017.02.03 09:25:39.279,0.76311,0.76325,1.12,1.00
2017.02.03 09:25:40.003,0.76312,0.76326,1.00,1.37
2017.02.03 09:25:41.677,0.76312,0.76326,1.12,1.12
2017.02.03 09:25:44.257,0.76312,0.76326,1.00,1.37
2017.02.03 09:25:45.066,0.76312,0.76327,1.12,1.12
2017.02.03 09:25:47.283,0.76311,0.76326,1.37,1.00
2017.02.03 09:25:47.384,0.76309,0.76326,1.37,1.12
2017.02.03 09:25:47.485,0.76309,0.76324,1.37,1.12
2017.02.03 09:25:48.289,0.7631,0.76326,1.37,1.37
2017.02.03 09:25:52.046,0.76312,0.76326,1.00,1.37
2017.02.03 09:25:52.555,0.76311,0.76326,1.12,1.37
2017.02.03 09:25:53.014,0.7631,0.76327,1.00,3.00
2017.02.03 09:25:53.115,0.7631,0.76327,1.12,1.37
2017.02.03 09:25:53.652,0.76311,0.76326,1.00,1.12
2017.02.03 09:25:54.549,0.76311,0.76326,1.37,1.12
2017.02.03 09:25:54.801,0.76311,0.76326,1.00,1.37
2017.02.03 09:25:55.003,0.76311,0.76326,1.12,1.00
2017.02.03 09:25:55.519,0.76311,0.76327,1.37,1.00
2017.02.03 09:25:56.250,0.76311,0.76326,1.12,1.00
2017.02.03 09:25:56.843,0.76311,0.76326,1.12,1.37
2017.02.03 09:25:57.401,0.7631,0.76328,1.37,1.37
2017.02.03 09:25:58.004,0.7631,0.76328,1.12,3.00
2017.02.03 09:25:58.473,0.76311,0.76326,1.00,1.12
2017.02.03 09:25:58.832,0.7631,0.76328,1.12,3.00
2017.02.03 09:25:58.933,0.76311,0.76326,1.12,1.12
2017.02.03 09:26:04.028,0.76311,0.76326,1.37,1.12
2017.02.03 09:26:05.550,0.76311,0.76327,1.00,1.37
2017.02.03 09:26:06.054,0.7631,0.76326,1.12,1.37
2017.02.03 09:26:06.734,0.76311,0.76326,1.00,1.37
2017.02.03 09:26:09.171,0.7631,0.76327,1.12,1.37
2017.02.03 09:26:09.473,0.76312,0.76326,1.00,1.37
2017.02.03 09:26:10.146,0.7631,0.76327,1.00,1.37
2017.02.03 09:26:10.858,0.7631,0.76327,1.37,1.37
2017.02.03 09:26:10.909,0.76309,0.76323,1.37,1.00
2017.02.03 09:26:10.959,0.76309,0.76323,1.12,1.00
2017.02.03 09:26:11.311,0.76306,0.7632,1.12,1.00
2017.02.03 09:26:11.820,0.76307,0.76322,1.00,1.37
2017.02.03 09:26:11.971,0.76307,0.76322,1.12,1.12
2017.02.03 09:26:12.534,0.76307,0.76322,1.37,1.12
2017.02.03 09:26:17.032,0.76307,0.76322,1.12,1.12
2017.02.03 09:26:20.944,0.76307,0.76321,1.00,1.37
2017.02.03 09:26:24.488,0.76306,0.76321,1.00,1.37
2017.02.03 09:26:30.649,0.76306,0.76321,1.12,1.00
2017.02.03 09:26:31.150,0.76306,0.76321,1.37,1.12
2017.02.03 09:26:32.096,0.76306,0.7632,1.00,1.12
2017.02.03 09:26:32.644,0.76305,0.7632,1.12,1.12
2017.02.03 09:26:33.276,0.76305,0.76319,1.12,1.00
2017.02.03 09:26:33.541,0.76305,0.76321,1.12,1.12
2017.02.03 09:26:34.077,0.76304,0.7632,1.37,1.00
2017.02.03 09:26:34.608,0.76303,0.76319,1.37,1.00
2017.02.03 09:26:34.709,0.76304,0.76321,1.37,1.00
2017.02.03 09:26:34.760,0.76305,0.76319,1.37,1.00
2017.02.03 09:26:35.286,0.76305,0.76319,1.12,1.12
2017.02.03 09:26:35.949,0.76304,0.76318,1.37,1.00
2017.02.03 09:26:36.468,0.76303,0.7632,1.37,1.37
2017.02.03 09:26:38.298,0.76305,0.76319,1.37,1.00
2017.02.03 09:26:38.950,0.76305,0.76319,1.12,1.12
2017.02.03 09:26:40.305,0.76305,0.76319,1.00,1.37
2017.02.03 09:26:40.808,0.76305,0.76319,1.00,1.37
2017.02.03 09:26:42.216,0.76303,0.76319,1.00,1.37
2017.02.03 09:26:43.345,0.76305,0.76319,1.00,1.37
2017.02.03 09:26:44.067,0.76306,0.7632,1.00,1.37
2017.02.03 09:26:51.232,0.76305,0.76321,1.00,2.25
2017.02.03 09:26:51.383,0.76307,0.76321,1.12,1.12
2017.02.03 09:26:51.886,0.76307,0.76321,1.00,1.37
2017.02.03 09:26:52.429,0.76308,0.76322,1.00,1.37
2017.02.03 09:26:52.628,0.76308,0.76323,1.00,1.37
2017.02.03 09:26:53.245,0.76309,0.76323,1.00,1.37
2017.02.03 09:26:53.991,0.76309,0.76324,1.12,1.37
2017.02.03 09:26:54.390,0.76307,0.76322,1.12,1.12
2017.02.03 09:26:54.855,0.76309,0.76323,1.00,1.12
2017.02.03 09:26:55.365,0.76311,0.76325,1.00,1.37
2017.02.03 09:26:55.416,0.76309,0.76325,1.12,1.12
2017.02.03 09:26:55.621,0.76308,0.76323,1.37,1.00
2017.02.03 09:26:57.110,0.76307,0.76322,1.37,1.12
2017.02.03 09:26:57.526,0.76306,0.76321,1.12,1.37
2017.02.03 09:26:58.921,0.76305,0.7632,1.00,1.12
2017.02.03 09:26:59.477,0.76305,0.76319,1.00,1.00
2017.02.03 09:27:00.430,0.76304,0.7632,1.12,1.12
2017.02.03 09:27:01.213,0.76305,0.76319,1.00,1.00
2017.02.03 09:27:06.166,0.76303,0.7632,1.37,1.12
2017.02.03 09:27:06.511,0.76303,0.76317,1.00,1.37
2017.02.03 09:27:07.608,0.76303,0.76317,1.00,1.12
2017.02.03 09:27:08.162,0.76302,0.76317,1.12,1.12
2017.02.03 09:27:08.463,0.76301,0.76315,1.12,1.12
2017.02.03 09:27:09.044,0.76301,0.76315,1.37,1.00
2017.02.03 09:27:09.674,0.76302,0.76316,1.12,1.12
2017.02.03 09:27:10.472,0.76303,0.76317,1.00,1.37
2017.02.03 09:27:11.114,0.76302,0.76316,1.12,1.12
2017.02.03 09:27:12.917,0.76302,0.76316,1.37,1.00
2017.02.03 09:27:16.826,0.76302,0.76316,1.00,1.00
2017.02.03 09:27:17.140,0.76306,0.7632,1.00,1.37
2017.02.03 09:27:21.370,0.76308,0.76322,1.00,3.00
2017.02.03 09:27:21.934,0.76309,0.76323,1.00,1.37
2017.02.03 09:27:22.370,0.76307,0.76321,1.00,1.37
2017.02.03 09:27:22.587,0.76305,0.76319,1.00,1.00
2017.02.03 09:27:25.475,0.76303,0.76317,1.12,1.00
2017.02.03 09:27:25.839,0.76302,0.76316,1.00,1.37
2017.02.03 09:27:26.957,0.76302,0.76316,1.00,1.37
2017.02.03 09:27:27.007,0.763,0.76316,1.12,1.37
2017.02.03 09:27:31.330,0.76301,0.76317,1.00,1.37
2017.02.03 09:27:31.553,0.76301,0.76317,1.37,1.37
2017.02.03 09:27:32.115,0.76303,0.76318,1.00,1.37
2017.02.03 09:27:46.038,0.76302,0.76316,1.12,1.12
2017.02.03 09:27:47.424,0.76302,0.76316,1.00,1.37
2017.02.03 09:27:48.081,0.76302,0.76317,1.00,1.37
2017.02.03 09:27:49.402,0.76302,0.76317,1.00,1.37
2017.02.03 09:27:49.503,0.76303,0.76318,1.00,1.37
2017.02.03 09:27:50.021,0.76303,0.76318,1.00,1.37
2017.02.03 09:27:50.556,0.76304,0.76318,1.00,1.37
2017.02.03 09:27:51.260,0.76304,0.76318,1.00,1.37
2017.02.03 09:27:51.773,0.76303,0.76318,1.00,1.37
2017.02.03 09:27:54.130,0.76302,0.76318,1.12,1.37
2017.02.03 09:27:56.532,0.76303,0.76318,1.00,1.37
2017.02.03 09:28:02.751,0.76303,0.76317,1.00,1.37
2017.02.03 09:28:03.161,0.763,0.76317,1.37,1.37
2017.02.03 09:28:03.312,0.763,0.76317,1.00,3.00
2017.02.03 09:28:04.112,0.76301,0.76315,1.00,1.37
2017.02.03 09:28:05.232,0.76301,0.76315,1.00,1.12
2017.02.03 09:28:06.462,0.76301,0.76315,1.00,1.37
2017.02.03 09:28:07.559,0.76301,0.76315,1.00,1.37
2017.02.03 09:28:09.153,0.763,0.76314,1.12,1.12
2017.02.03 09:28:10.814,0.76301,0.76315,1.00,1.37
2017.02.03 09:28:11.379,0.76301,0.76315,1.00,1.12
2017.02.03 09:28:14.847,0.76301,0.76315,1.37,1.00
2017.02.03 09:28:15.560,0.76301,0.76316,1.37,1.12
2017.02.03 09:28:16.081,0.76302,0.76316,1.00,1.37
2017.02.03 09:28:16.400,0.76304,0.76318,1.00,1.12
2017.02.03 09:28:16.954,0.76301,0.76318,1.37,1.12
2017.02.03 09:28:17.444,0.76301,0.76318,1.37,1.37
2017.02.03 09:28:18.580,0.76301,0.76317,1.12,1.37
2017.02.03 09:28:20.294,0.76301,0.76317,1.37,1.37
2017.02.03 09:28:21.405,0.763,0.76317,1.37,1.37
2017.02.03 09:28:22.076,0.76301,0.76316,1.00,1.37
2017.02.03 09:28:22.661,0.76301,0.76316,1.12,1.37
2017.02.03 09:28:23.163,0.76302,0.76316,1.00,1.12
2017.02.03 09:28:25.200,0.76302,0.76317,1.00,1.12
2017.02.03 09:28:25.733,0.76304,0.76319,1.00,2.25
2017.02.03 09:28:25.883,0.76304,0.7632,1.12,1.37
2017.02.03 09:28:26.418,0.76302,0.7632,1.37,1.37
2017.02.03 09:28:27.046,0.76304,0.76318,1.00,1.37
2017.02.03 09:28:27.547,0.76302,0.76319,1.37,1.37
2017.02.03 09:28:30.525,0.76303,0.76317,1.37,1.00
2017.02.03 09:28:31.815,0.76303,0.76317,1.12,1.12
2017.02.03 09:28:37.507,0.76302,0.76317,1.00,1.37
2017.02.03 09:28:40.017,0.76301,0.76316,1.00,1.00
2017.02.03 09:28:40.612,0.76301,0.76316,1.12,1.37
2017.02.03 09:28:41.141,0.76301,0.76315,1.00,1.37
2017.02.03 09:28:42.045,0.76301,0.76315,1.00,1.00
2017.02.03 09:28:42.834,0.76301,0.76316,1.37,1.00
2017.02.03 09:28:43.349,0.76303,0.76318,1.12,1.37
2017.02.03 09:28:45.608,0.76302,0.76316,1.37,1.00
2017.02.03 09:28:47.184,0.76302,0.76316,1.12,1.00
2017.02.03 09:28:50.590,0.76301,0.76315,1.37,1.00
2017.02.03 09:29:02.208,0.763,0.76314,1.87,1.00
2017.02.03 09:29:03.362,0.763,0.76314,1.87,1.00
2017.02.03 09:29:04.074,0.763,0.76313,1.37,1.00
2017.02.03 09:29:04.186,0.763,0.76314,1.00,1.37
2017.02.03 09:29:04.639,0.76297,0.76312,1.87,1.00
2017.02.03 09:29:05.264,0.76297,0.76312,1.12,1.00
2017.02.03 09:29:05.949,0.76297,0.76311,1.12,1.12
2017.02.03 09:29:11.982,0.76296,0.7631,1.37,1.00
2017.02.03 09:29:12.512,0.76295,0.76308,1.37,1.00
2017.02.03 09:29:15.237,0.76296,0.76309,1.12,1.00
2017.02.03 09:29:15.811,0.76296,0.76309,1.37,1.00
2017.02.03 09:29:25.071,0.76299,0.76309,1.00,1.00
2017.02.03 09:29:25.122,0.76299,0.76312,1.00,1.00
2017.02.03 09:29:25.793,0.763,0.76313,1.12,1.00
2017.02.03 09:29:27.450,0.76301,0.76313,1.00,1.00
2017.02.03 09:29:30.069,0.763,0.76313,1.12,1.00
2017.02.03 09:29:35.423,0.76301,0.76313,1.00,1.00
2017.02.03 09:29:45.048,0.76299,0.76313,1.37,1.00
2017.02.03 09:29:47.045,0.763,0.76314,1.37,1.00
2017.02.03 09:29:47.548,0.76299,0.76317,1.37,1.37
2017.02.03 09:29:47.649,0.76299,0.76317,1.37,1.12
2017.02.03 09:29:47.750,0.76299,0.76316,1.37,1.37
2017.02.03 09:29:48.637,0.76298,0.76316,1.37,1.37
2017.02.03 09:29:48.821,0.76298,0.76316,1.37,1.00
2017.02.03 09:29:49.257,0.76299,0.76316,1.00,3.00
2017.02.03 09:29:49.358,0.76299,0.76317,1.37,1.87
2017.02.03 09:29:49.458,0.76299,0.76316,1.37,1.12
2017.02.03 09:29:50.594,0.76299,0.76316,1.37,1.37
2017.02.03 09:29:51.970,0.76299,0.76317,1.37,1.00
2017.02.03 09:29:52.833,0.76298,0.76319,4.72,1.87
2017.02.03 09:29:53.787,0.76299,0.76317,1.37,1.37
2017.02.03 09:29:56.873,0.76298,0.76317,1.37,1.37
2017.02.03 09:29:58.158,0.76298,0.76319,2.25,4.50
2017.02.03 09:30:00.177,0.76297,0.76317,3.00,1.87
2017.02.03 09:30:00.718,0.76296,0.76316,3.00,1.37
2017.02.03 09:30:01.217,0.76297,0.76316,3.75,1.00
2017.02.03 09:30:01.267,0.76297,0.76316,3.00,1.37
2017.02.03 09:30:02.319,0.76297,0.76316,1.37,1.12
2017.02.03 09:30:02.370,0.76296,0.76313,3.97,1.00
2017.02.03 09:30:02.937,0.76296,0.76312,3.00,1.00
2017.02.03 09:30:04.676,0.76299,0.76312,1.12,1.00
2017.02.03 09:30:05.326,0.763,0.76312,1.00,1.00
2017.02.03 09:30:05.978,0.76299,0.76312,1.37,1.00
2017.02.03 09:30:06.640,0.763,0.76313,1.37,1.00
2017.02.03 09:30:07.655,0.76302,0.76313,1.00,1.00
2017.02.03 09:30:08.506,0.763,0.76313,1.12,1.50
2017.02.03 09:30:08.556,0.76302,0.76313,1.00,1.00
2017.02.03 09:30:09.083,0.76302,0.76312,1.00,1.00
2017.02.03 09:30:09.527,0.763,0.76312,1.12,1.00
2017.02.03 09:30:11.532,0.76301,0.76312,1.00,1.00
2017.02.03 09:30:12.040,0.76299,0.76312,1.37,1.00
2017.02.03 09:30:14.131,0.76301,0.76312,1.00,1.00
2017.02.03 09:30:14.729,0.76299,0.76312,1.12,1.00
2017.02.03 09:30:16.720,0.76301,0.76313,1.00,1.00
2017.02.03 09:30:17.121,0.76302,0.76315,1.00,1.12
2017.02.03 09:30:19.180,0.76303,0.76315,1.00,1.12
2017.02.03 09:30:20.304,0.76302,0.76315,1.12,1.00
2017.02.03 09:30:22.691,0.76301,0.76316,1.37,1.12
2017.02.03 09:30:24.647,0.76303,0.76316,1.12,1.00
2017.02.03 09:30:24.949,0.76301,0.76315,1.12,1.00
2017.02.03 09:30:25.698,0.763,0.76314,1.12,1.12
2017.02.03 09:30:32.206,0.76298,0.76312,1.37,1.00
2017.02.03 09:30:32.257,0.76298,0.76312,1.12,1.12
2017.02.03 09:30:36.165,0.763,0.76314,1.00,1.00
2017.02.03 09:30:36.701,0.76298,0.76313,1.37,1.00
2017.02.03 09:30:36.752,0.76298,0.76313,1.12,1.37
2017.02.03 09:30:37.444,0.76297,0.76312,1.00,1.12
2017.02.03 09:30:38.013,0.76297,0.76312,1.37,1.12
2017.02.03 09:30:38.592,0.76297,0.76312,1.00,1.00
2017.02.03 09:30:40.546,0.76297,0.76312,1.12,1.37
2017.02.03 09:30:41.755,0.76298,0.76312,1.12,1.12
2017.02.03 09:30:47.456,0.76298,0.76312,1.37,1.00
2017.02.03 09:30:50.860,0.76299,0.76313,1.12,1.12
2017.02.03 09:30:59.698,0.76297,0.76311,1.37,1.50
2017.02.03 09:30:59.881,0.76296,0.76311,1.37,1.12
2017.02.03 09:31:02.584,0.76298,0.76311,1.00,1.12
2017.02.03 09:31:03.201,0.76297,0.76311,1.12,2.62
2017.02.03 09:31:03.698,0.76299,0.76313,1.00,1.37
2017.02.03 09:31:05.271,0.76298,0.76312,1.00,1.37
2017.02.03 09:31:08.798,0.76299,0.76313,1.00,1.37
2017.02.03 09:31:09.943,0.76297,0.76311,1.12,1.12
2017.02.03 09:31:14.336,0.76297,0.76312,1.00,2.62
2017.02.03 09:31:14.943,0.76297,0.76312,1.00,1.87
2017.02.03 09:31:15.858,0.76297,0.76311,1.12,1.00
2017.02.03 09:31:17.470,0.76298,0.76312,1.00,1.37
2017.02.03 09:31:17.540,0.76296,0.76311,1.12,1.87
2017.02.03 09:31:18.283,0.76297,0.76311,1.00,1.87
2017.02.03 09:31:18.803,0.76297,0.76311,1.12,1.12
2017.02.03 09:31:19.549,0.76297,0.76311,1.00,1.37
2017.02.03 09:31:20.084,0.76298,0.76313,1.00,2.62
2017.02.03 09:31:20.976,0.76297,0.76312,1.12,1.37
2017.02.03 09:31:21.026,0.76295,0.76309,1.37,1.00
2017.02.03 09:31:21.077,0.76294,0.76308,1.00,1.12
2017.02.03 09:31:23.800,0.76295,0.76309,1.00,1.37
2017.02.03 09:31:24.360,0.76296,0.76309,1.00,1.37
2017.02.03 09:31:24.829,0.76294,0.76309,1.12,1.87
2017.02.03 09:31:24.879,0.76294,0.76309,1.00,1.87
2017.02.03 09:31:25.411,0.76293,0.76308,1.00,1.37
2017.02.03 09:31:25.598,0.76293,0.76308,1.00,1.12
2017.02.03 09:31:26.141,0.76293,0.76308,1.00,1.37
2017.02.03 09:31:26.487,0.76291,0.76306,1.12,1.12
2017.02.03 09:31:26.588,0.76291,0.76306,1.00,1.37
2017.02.03 09:31:26.849,0.76291,0.76306,1.00,1.00
2017.02.03 09:31:27.078,0.76291,0.76306,1.00,1.37
2017.02.03 09:31:27.776,0.76291,0.76308,1.00,2.62
2017.02.03 09:31:27.827,0.76293,0.76307,1.00,1.12
2017.02.03 09:31:28.398,0.76292,0.76307,1.00,1.12
2017.02.03 09:31:28.950,0.76292,0.76307,1.12,1.37
2017.02.03 09:31:29.503,0.76293,0.76308,1.00,1.87
2017.02.03 09:31:30.364,0.76293,0.76308,1.37,1.87
2017.02.03 09:31:31.573,0.76293,0.76308,1.12,1.87
2017.02.03 09:31:32.360,0.76294,0.76308,1.00,1.00
2017.02.03 09:31:33.309,0.76292,0.76308,1.12,1.50
2017.02.03 09:31:33.459,0.7629,0.76306,1.37,1.00
2017.02.03 09:31:33.510,0.7629,0.76306,1.37,1.00
2017.02.03 09:31:34.046,0.76291,0.76307,1.37,1.37
2017.02.03 09:31:34.627,0.76291,0.76306,1.37,1.00
2017.02.03 09:31:34.797,0.76289,0.76305,1.37,1.12
2017.02.03 09:31:35.408,0.76289,0.76305,1.37,1.12
2017.02.03 09:31:35.804,0.76288,0.76304,1.12,1.12
2017.02.03 09:31:36.717,0.76289,0.76305,1.00,1.37
2017.02.03 09:31:37.528,0.76289,0.76305,1.00,1.37
2017.02.03 09:31:39.321,0.7629,0.76305,1.00,1.37
2017.02.03 09:31:40.052,0.76289,0.76304,1.00,1.37
2017.02.03 09:31:40.189,0.76289,0.76304,1.37,1.12
2017.02.03 09:31:40.864,0.76291,0.76305,1.00,1.37
2017.02.03 09:31:44.198,0.76291,0.76305,1.00,1.37
2017.02.03 09:31:46.043,0.7629,0.76305,1.00,1.37
2017.02.03 09:31:46.331,0.7629,0.76305,1.37,1.00
2017.02.03 09:31:47.310,0.76291,0.76305,1.37,1.50
2017.02.03 09:31:48.004,0.7629,0.76305,1.37,1.87
2017.02.03 09:31:56.736,0.76292,0.76305,1.00,1.12
2017.02.03 09:31:57.583,0.76293,0.76307,1.00,1.37
2017.02.03 09:31:58.289,0.76292,0.76307,1.00,1.37
2017.02.03 09:31:58.956,0.76293,0.76307,1.00,1.37
2017.02.03 09:31:59.460,0.76292,0.76307,1.37,1.12
2017.02.03 09:32:00.110,0.76291,0.76306,1.37,1.00
2017.02.03 09:32:00.663,0.76291,0.76306,1.37,1.12
2017.02.03 09:32:01.210,0.76293,0.76307,1.12,1.50
2017.02.03 09:32:01.795,0.76292,0.76306,1.37,1.00
2017.02.03 09:32:02.531,0.76292,0.76307,1.37,1.50
2017.02.03 09:32:02.857,0.76291,0.76306,1.12,1.00
2017.02.03 09:32:03.359,0.7629,0.76305,1.37,1.00
2017.02.03 09:32:03.895,0.7629,0.76304,1.37,1.00
2017.02.03 09:32:04.295,0.76289,0.76305,1.37,1.00
2017.02.03 09:32:04.788,0.76289,0.76305,3.00,1.00
2017.02.03 09:32:05.099,0.76296,0.76311,1.00,3.00
2017.02.03 09:32:05.305,0.76298,0.76314,1.00,1.37
2017.02.03 09:32:05.369,0.76298,0.76314,1.37,1.12
2017.02.03 09:32:05.913,0.76299,0.76314,1.12,1.37
2017.02.03 09:32:06.022,0.76299,0.76317,1.37,1.87
2017.02.03 09:32:06.574,0.763,0.76316,1.37,1.12
2017.02.03 09:32:07.383,0.763,0.76316,1.12,1.37
2017.02.03 09:32:07.898,0.763,0.76315,1.00,1.37
2017.02.03 09:32:08.015,0.763,0.76315,1.12,1.12
2017.02.03 09:32:08.558,0.76298,0.76316,1.37,1.37
2017.02.03 09:32:09.081,0.763,0.76315,1.00,1.00
2017.02.03 09:32:09.524,0.76299,0.76315,1.12,1.37
2017.02.03 09:32:10.120,0.76299,0.76312,1.12,1.00
2017.02.03 09:32:11.859,0.76299,0.76315,1.12,1.37
2017.02.03 09:32:13.295,0.76298,0.76315,3.00,1.00
2017.02.03 09:32:13.825,0.76302,0.76317,1.00,3.00
2017.02.03 09:32:14.028,0.76302,0.76318,1.12,1.37
2017.02.03 09:32:14.514,0.76304,0.76318,1.00,1.37
2017.02.03 09:32:15.199,0.76304,0.76318,1.00,1.00
2017.02.03 09:32:15.515,0.76302,0.76316,1.12,1.12
2017.02.03 09:32:16.877,0.76301,0.76316,1.12,1.12
2017.02.03 09:32:17.489,0.763,0.76316,1.37,1.37
2017.02.03 09:32:18.024,0.76298,0.76316,1.37,1.87
2017.02.03 09:32:18.808,0.763,0.76315,1.37,1.12
2017.02.03 09:32:19.030,0.76301,0.76317,1.12,1.12
2017.02.03 09:32:19.195,0.76301,0.76317,1.12,1.37
2017.02.03 09:32:22.820,0.76302,0.76318,1.00,3.75
2017.02.03 09:32:22.971,0.76302,0.76318,1.37,1.37
2017.02.03 09:32:23.542,0.76303,0.76319,1.00,3.75
2017.02.03 09:32:23.839,0.76302,0.76318,1.12,1.87
2017.02.03 09:32:24.131,0.76302,0.76318,1.12,1.87
2017.02.03 09:32:24.909,0.76302,0.76318,1.00,3.75
2017.02.03 09:32:24.960,0.76299,0.76314,1.12,1.00
2017.02.03 09:32:25.010,0.76298,0.7631,1.37,1.00
2017.02.03 09:32:25.111,0.76298,0.76312,1.37,1.00
2017.02.03 09:32:25.474,0.76296,0.76312,1.37,1.12
2017.02.03 09:32:26.053,0.76295,0.76311,1.37,1.00
2017.02.03 09:32:27.256,0.76294,0.7631,1.37,1.00
2017.02.03 09:32:27.573,0.76293,0.76309,1.37,1.00
2017.02.03 09:32:28.035,0.7629,0.76308,1.37,1.37
2017.02.03 09:32:28.298,0.7629,0.76308,1.37,1.37
2017.02.03 09:32:28.532,0.76291,0.76307,1.00,1.37
2017.02.03 09:32:28.768,0.76291,0.76307,1.00,1.37
2017.02.03 09:32:29.208,0.76291,0.76307,1.37,1.87
2017.02.03 09:32:29.462,0.76293,0.76309,1.12,1.12
2017.02.03 09:32:29.563,0.76294,0.7631,1.37,1.87
2017.02.03 09:32:30.612,0.76293,0.76309,1.37,1.37
2017.02.03 09:32:33.218,0.76295,0.7631,1.00,1.37
2017.02.03 09:32:33.391,0.76295,0.7631,1.12,1.00
2017.02.03 09:32:33.442,0.76297,0.76312,1.00,1.37
2017.02.03 09:32:33.775,0.76297,0.76312,1.37,1.00
2017.02.03 09:32:35.126,0.763,0.76312,1.00,1.00
2017.02.03 09:32:35.668,0.763,0.76314,1.00,1.50
2017.02.03 09:32:36.494,0.76299,0.76314,1.12,1.50
2017.02.03 09:32:40.480,0.76298,0.76311,1.37,1.00
2017.02.03 09:32:40.581,0.76298,0.76313,1.37,1.00
2017.02.03 09:32:40.632,0.76296,0.7631,3.00,1.00
2017.02.03 09:32:40.732,0.76295,0.76311,3.00,1.00
2017.02.03 09:32:40.883,0.76294,0.76308,3.00,1.00
2017.02.03 09:32:41.138,0.76294,0.76308,1.00,1.00
2017.02.03 09:32:41.692,0.76294,0.76308,1.37,1.00
2017.02.03 09:32:41.902,0.76292,0.76308,1.37,1.87
2017.02.03 09:32:42.522,0.76294,0.76308,1.00,1.37
2017.02.03 09:32:42.634,0.76295,0.76309,1.00,1.12
2017.02.03 09:32:42.950,0.76293,0.76308,1.12,1.87
2017.02.03 09:32:43.506,0.76293,0.76308,1.12,1.50
2017.02.03 09:32:44.035,0.76294,0.76308,1.00,1.50
2017.02.03 09:32:44.588,0.76294,0.76308,1.37,1.00
2017.02.03 09:32:44.638,0.76294,0.76313,2.25,1.37
2017.02.03 09:32:44.739,0.76294,0.76308,1.37,1.00
2017.02.03 09:32:45.318,0.76293,0.76307,1.37,1.00
2017.02.03 09:32:45.843,0.76293,0.76308,1.37,1.50
2017.02.03 09:32:46.012,0.76293,0.76308,1.00,1.87
2017.02.03 09:32:47.096,0.76293,0.76308,1.12,1.87
2017.02.03 09:32:47.332,0.7629,0.76304,1.37,1.00
2017.02.03 09:32:47.676,0.76292,0.76306,1.00,1.12
2017.02.03 09:32:47.827,0.76292,0.76306,1.37,1.00
2017.02.03 09:32:48.216,0.7629,0.76306,1.12,1.87
2017.02.03 09:32:49.002,0.7629,0.76305,1.12,1.00
2017.02.03 09:32:49.586,0.7629,0.76306,1.12,1.12
2017.02.03 09:32:50.093,0.76291,0.76307,1.00,1.87
2017.02.03 09:32:50.665,0.76289,0.76305,1.37,1.00
2017.02.03 09:32:51.217,0.76291,0.76306,1.12,1.00
2017.02.03 09:32:51.800,0.7629,0.76306,1.12,1.12
2017.02.03 09:32:52.550,0.76291,0.76307,1.00,1.87
2017.02.03 09:32:53.124,0.7629,0.76307,1.12,1.87
2017.02.03 09:32:53.175,0.76292,0.76308,1.37,1.00
2017.02.03 09:32:53.477,0.76293,0.76309,1.37,1.87
2017.02.03 09:32:54.251,0.76294,0.7631,1.37,1.12
2017.02.03 09:32:55.007,0.76295,0.76311,1.37,1.87
2017.02.03 09:32:55.530,0.76295,0.76311,1.37,1.87
2017.02.03 09:32:56.286,0.76295,0.76311,1.37,1.12
2017.02.03 09:32:56.930,0.76294,0.7631,1.37,1.00
2017.02.03 09:32:57.032,0.76294,0.7631,1.37,1.37
2017.02.03 09:32:57.606,0.76294,0.7631,1.37,1.12
2017.02.03 09:32:58.172,0.76294,0.7631,1.37,1.00
2017.02.03 09:32:58.696,0.76295,0.76311,1.37,1.00
2017.02.03 09:32:59.204,0.76294,0.7631,1.37,1.00
2017.02.03 09:32:59.714,0.76296,0.7631,1.37,1.00
2017.02.03 09:33:00.072,0.76296,0.76312,1.37,1.00
2017.02.03 09:33:00.879,0.76298,0.76312,1.37,1.00
2017.02.03 09:33:01.141,0.76297,0.76312,1.37,1.00
2017.02.03 09:33:01.645,0.76299,0.76312,1.37,1.00
2017.02.03 09:33:02.390,0.76297,0.76312,1.37,1.00
2017.02.03 09:33:03.047,0.76298,0.76312,1.37,1.00
2017.02.03 09:33:03.556,0.76296,0.76311,2.25,1.00
2017.02.03 09:33:03.893,0.76293,0.76309,1.37,1.00
2017.02.03 09:33:03.945,0.76293,0.76309,1.37,1.00
2017.02.03 09:33:04.114,0.76295,0.76311,1.00,1.12
2017.02.03 09:33:04.172,0.76297,0.76313,1.00,1.37
2017.02.03 09:33:04.479,0.76297,0.76313,1.37,1.12
2017.02.03 09:33:04.824,0.76293,0.76311,1.37,1.37
2017.02.03 09:33:04.874,0.76293,0.76311,1.37,1.37
2017.02.03 09:33:04.953,0.76293,0.76311,1.37,1.37
2017.02.03 09:33:06.055,0.76294,0.76311,1.37,1.12
2017.02.03 09:33:06.464,0.76297,0.76314,1.37,1.37
2017.02.03 09:33:06.817,0.76297,0.76311,3.00,1.00
2017.02.03 09:33:07.559,0.76297,0.76311,1.37,1.00
2017.02.03 09:33:07.709,0.76298,0.76314,1.37,1.00
2017.02.03 09:33:07.961,0.76298,0.76314,1.37,1.00
2017.02.03 09:33:08.465,0.76298,0.76316,1.37,1.37
2017.02.03 09:33:09.774,0.763,0.76316,1.37,1.12
2017.02.03 09:33:11.566,0.763,0.76316,1.37,1.37
2017.02.03 09:33:13.351,0.763,0.76314,1.37,1.00
2017.02.03 09:33:13.773,0.76301,0.76318,1.37,1.12
2017.02.03 09:33:14.388,0.76301,0.76318,1.37,1.37
2017.02.03 09:33:15.315,0.76303,0.76318,1.12,1.12
2017.02.03 09:33:15.590,0.763,0.76318,1.37,1.87
2017.02.03 09:33:15.674,0.763,0.76318,1.37,1.87
2017.02.03 09:33:16.234,0.763,0.76318,1.37,1.87
2017.02.03 09:33:16.802,0.76302,0.76318,1.00,1.87
2017.02.03 09:33:17.509,0.76301,0.76316,1.37,1.12
2017.02.03 09:33:17.892,0.76301,0.76317,1.37,1.00
2017.02.03 09:33:18.421,0.763,0.76317,3.00,1.12
2017.02.03 09:33:19.131,0.76301,0.76316,1.37,1.00
2017.02.03 09:33:19.721,0.763,0.76315,1.37,1.50
2017.02.03 09:33:20.028,0.76299,0.76313,1.12,1.00
2017.02.03 09:33:20.186,0.76299,0.76315,1.37,1.12
2017.02.03 09:33:20.242,0.76299,0.76312,1.37,1.00
2017.02.03 09:33:21.186,0.76298,0.76312,1.37,1.00
2017.02.03 09:33:21.821,0.76297,0.7631,1.12,1.00
2017.02.03 09:33:22.187,0.76296,0.76314,1.37,1.37
2017.02.03 09:33:22.237,0.76298,0.76314,1.37,1.12
2017.02.03 09:33:22.795,0.76296,0.76314,1.37,1.87
2017.02.03 09:33:22.875,0.76296,0.76311,1.37,1.00
2017.02.03 09:33:23.330,0.76296,0.7631,1.12,1.00
2017.02.03 09:33:23.897,0.76296,0.76311,1.37,1.00
2017.02.03 09:33:24.941,0.76296,0.76311,1.37,1.00
2017.02.03 09:33:25.296,0.76296,0.76311,1.12,1.37
2017.02.03 09:33:26.005,0.76297,0.76311,1.12,1.12
2017.02.03 09:33:27.505,0.76297,0.76311,1.37,1.00
2017.02.03 09:33:29.252,0.76296,0.7631,1.12,1.00
2017.02.03 09:33:29.863,0.76295,0.76309,1.37,1.00
2017.02.03 09:33:30.073,0.76297,0.76313,1.12,1.87
2017.02.03 09:33:30.135,0.76297,0.76313,1.37,1.87
2017.02.03 09:33:30.235,0.76295,0.76311,1.37,1.00
2017.02.03 09:33:30.562,0.76293,0.76308,2.25,1.00
2017.02.03 09:33:30.613,0.7629,0.76306,3.00,1.00
2017.02.03 09:33:31.155,0.76291,0.76306,2.25,1.50
2017.02.03 09:33:31.493,0.76294,0.76309,1.12,1.37
2017.02.03 09:33:31.997,0.76296,0.76309,1.00,1.37
2017.02.03 09:33:32.047,0.76297,0.7631,1.00,1.12
2017.02.03 09:33:32.650,0.76297,0.76311,1.00,1.12
2017.02.03 09:33:33.384,0.76298,0.76311,1.00,1.12
2017.02.03 09:33:33.779,0.76293,0.76311,2.25,1.12
2017.02.03 09:33:34.246,0.76296,0.7631,1.00,1.37
2017.02.03 09:33:34.347,0.76296,0.7631,1.12,1.12
2017.02.03 09:33:35.162,0.76294,0.7631,1.37,1.87
2017.02.03 09:33:35.826,0.76294,0.7631,1.37,1.12
2017.02.03 09:33:36.512,0.76294,0.7631,1.37,1.37
2017.02.03 09:33:37.427,0.76293,0.7631,1.37,1.12
2017.02.03 09:33:39.628,0.76294,0.76309,1.37,1.00
2017.02.03 09:33:39.798,0.76294,0.76309,1.00,1.37
2017.02.03 09:33:40.079,0.76296,0.76309,1.00,1.12
2017.02.03 09:33:40.692,0.76294,0.7631,1.37,1.87
2017.02.03 09:33:41.268,0.76294,0.7631,1.37,1.87
2017.02.03 09:33:41.835,0.76295,0.7631,1.12,1.37
2017.02.03 09:33:43.273,0.76294,0.7631,1.37,1.00
2017.02.03 09:33:43.339,0.76294,0.7631,1.12,1.37
2017.02.03 09:33:43.890,0.76294,0.76309,1.37,1.12
2017.02.03 09:33:46.057,0.76293,0.7631,1.37,1.12
2017.02.03 09:33:47.267,0.76295,0.7631,1.37,1.00
2017.02.03 09:33:48.098,0.76296,0.76311,1.12,1.12
2017.02.03 09:33:48.248,0.76296,0.76311,1.37,1.00
2017.02.03 09:33:49.119,0.76295,0.7631,1.37,1.00
2017.02.03 09:33:49.653,0.76296,0.76311,1.37,1.00
2017.02.03 09:33:52.513,0.76295,0.7631,1.37,1.00
2017.02.03 09:33:53.615,0.76296,0.76311,1.37,1.00
2017.02.03 09:33:55.153,0.76296,0.7631,1.37,1.00
2017.02.03 09:33:55.204,0.76296,0.7631,1.12,1.00
2017.02.03 09:33:55.267,0.76296,0.7631,1.37,1.00
2017.02.03 09:33:55.368,0.76296,0.7631,1.12,1.00
2017.02.03 09:33:55.418,0.763,0.76315,1.00,3.75
2017.02.03 09:33:55.469,0.763,0.76315,1.12,1.87
2017.02.03 09:33:56.319,0.763,0.76315,1.00,1.37
2017.02.03 09:33:56.420,0.76298,0.76314,1.12,1.37
2017.02.03 09:33:56.581,0.76297,0.76312,1.12,1.37
2017.02.03 09:33:57.124,0.76298,0.76313,1.12,1.37
2017.02.03 09:33:57.634,0.76299,0.76316,1.12,3.75
2017.02.03 09:33:58.548,0.76299,0.76313,1.00,1.37
2017.02.03 09:33:59.657,0.76298,0.76313,1.12,1.37
2017.02.03 09:34:00.184,0.76297,0.76311,1.12,1.12
2017.02.03 09:34:00.535,0.76297,0.76314,1.37,1.37
2017.02.03 09:34:01.061,0.76297,0.76312,1.12,1.37
2017.02.03 09:34:03.017,0.76297,0.76312,1.37,1.12
2017.02.03 09:34:03.553,0.76297,0.76312,1.12,1.37
2017.02.03 09:34:06.396,0.76297,0.76312,1.37,1.12
2017.02.03 09:34:09.100,0.76298,0.76312,1.00,1.37
2017.02.03 09:34:09.303,0.76296,0.7631,1.12,1.00
2017.02.03 09:34:09.893,0.76296,0.7631,1.37,1.00
2017.02.03 09:34:10.526,0.76295,0.7631,1.37,1.12
2017.02.03 09:34:11.408,0.76295,0.76311,1.12,1.37
2017.02.03 09:34:11.559,0.76298,0.76311,1.00,1.12
2017.02.03 09:34:13.759,0.76296,0.7631,1.00,1.00
2017.02.03 09:34:14.260,0.76296,0.7631,1.00,1.37
2017.02.03 09:34:14.665,0.76297,0.76311,1.12,1.87
2017.02.03 09:34:15.617,0.76298,0.76311,1.00,1.00
2017.02.03 09:34:16.249,0.76297,0.76311,1.00,1.00
2017.02.03 09:34:16.304,0.76297,0.76309,1.00,1.00
2017.02.03 09:34:16.681,0.76292,0.76306,1.12,1.12
2017.02.03 09:34:17.259,0.76289,0.76309,2.25,1.37
2017.02.03 09:34:17.461,0.76295,0.76309,1.00,1.87
2017.02.03 09:34:18.190,0.76294,0.76309,1.00,1.87
2017.02.03 09:34:18.424,0.76291,0.76307,1.37,1.37
2017.02.03 09:34:19.225,0.76291,0.76307,1.12,1.37
2017.02.03 09:34:19.325,0.76291,0.76307,1.00,1.12
2017.02.03 09:34:20.227,0.76291,0.76307,1.37,1.37
2017.02.03 09:34:20.471,0.76292,0.76307,1.00,1.37
2017.02.03 09:34:21.075,0.76292,0.76307,1.00,1.37
2017.02.03 09:34:21.722,0.76291,0.76308,1.37,1.87
2017.02.03 09:34:22.231,0.76291,0.76305,1.00,1.37
2017.02.03 09:34:24.573,0.76289,0.76305,1.37,1.37
2017.02.03 09:34:25.077,0.7629,0.76304,1.00,1.37
2017.02.03 09:34:25.580,0.7629,0.76304,1.00,1.37
2017.02.03 09:34:26.020,0.76288,0.76305,1.12,3.75
2017.02.03 09:34:27.123,0.7629,0.76305,1.00,3.75
2017.02.03 09:34:27.487,0.7629,0.76305,1.12,1.87
2017.02.03 09:34:28.240,0.7629,0.76305,1.12,1.87
2017.02.03 09:34:28.890,0.7629,0.76304,1.00,1.00
2017.02.03 09:34:29.374,0.76288,0.76303,1.12,1.00
2017.02.03 09:34:29.927,0.76288,0.76305,1.12,1.37
2017.02.03 09:34:30.432,0.76288,0.76303,1.12,1.00
2017.02.03 09:34:31.574,0.7629,0.76303,1.00,1.00
2017.02.03 09:34:33.670,0.76287,0.76303,1.37,1.12
2017.02.03 09:34:36.456,0.76289,0.76304,1.00,1.87
2017.02.03 09:34:40.172,0.76288,0.76303,1.12,1.37
2017.02.03 09:34:52.191,0.76289,0.76304,1.00,1.37
2017.02.03 09:34:52.436,0.7629,0.76305,1.12,1.37
2017.02.03 09:34:54.276,0.76291,0.76305,1.00,1.37
2017.02.03 09:34:55.229,0.76291,0.76305,1.12,1.00
2017.02.03 09:34:56.160,0.76289,0.76304,1.12,1.00
2017.02.03 09:34:56.210,0.76289,0.76304,1.37,1.00
2017.02.03 09:34:56.361,0.76289,0.76304,1.12,1.50
2017.02.03 09:34:57.403,0.76289,0.76304,1.37,1.87
2017.02.03 09:34:59.418,0.7629,0.76304,1.37,1.00
2017.02.03 09:35:00.112,0.7629,0.76305,1.12,1.87
2017.02.03 09:35:03.407,0.76289,0.76304,1.37,1.00
2017.02.03 09:35:03.822,0.76289,0.76305,2.25,1.50
2017.02.03 09:35:04.023,0.76287,0.76304,3.00,1.12
2017.02.03 09:35:04.247,0.76287,0.76302,1.37,1.12
2017.02.03 09:35:04.857,0.76287,0.76302,1.37,1.00
2017.02.03 09:35:06.004,0.76287,0.76302,1.37,1.12
2017.02.03 09:35:10.151,0.76289,0.76304,1.37,1.12
2017.02.03 09:35:10.312,0.76292,0.76307,1.00,1.00
2017.02.03 09:35:10.850,0.76293,0.76308,1.12,1.00
2017.02.03 09:35:11.536,0.76293,0.76308,1.37,1.00
2017.02.03 09:35:12.016,0.76292,0.76307,1.12,1.12
2017.02.03 09:35:12.521,0.76291,0.76306,1.37,1.12
2017.02.03 09:35:13.052,0.7629,0.76305,1.37,1.12
2017.02.03 09:35:13.555,0.7629,0.76305,1.37,1.00
2017.02.03 09:35:14.119,0.76291,0.76306,1.37,1.00
2017.02.03 09:35:15.466,0.76292,0.76307,1.12,1.12
2017.02.03 09:35:18.439,0.76292,0.76307,1.12,1.37
2017.02.03 09:35:27.567,0.76292,0.76307,1.00,1.12
2017.02.03 09:35:28.308,0.76293,0.76308,1.00,1.37
2017.02.03 09:35:29.944,0.76292,0.76307,1.12,1.37
2017.02.03 09:35:30.924,0.76289,0.76304,2.25,1.00
2017.02.03 09:35:31.520,0.76289,0.76304,1.37,1.00
2017.02.03 09:35:32.128,0.76291,0.76306,1.12,1.37
2017.02.03 09:35:33.602,0.76289,0.76306,1.37,1.12
2017.02.03 09:35:35.085,0.76292,0.76307,1.00,1.37
2017.02.03 09:35:35.555,0.76289,0.76304,1.37,1.00
2017.02.03 09:35:35.759,0.76287,0.76302,1.12,1.00
2017.02.03 09:35:42.371,0.76287,0.76302,1.12,1.37
2017.02.03 09:35:47.581,0.76287,0.76302,1.37,1.12
2017.02.03 09:35:48.724,0.76287,0.76302,1.37,1.00
2017.02.03 09:35:51.924,0.76287,0.76302,1.12,1.37
2017.02.03 09:35:56.654,0.76288,0.76303,1.00,1.37
2017.02.03 09:35:57.405,0.76288,0.76303,1.00,1.12
2017.02.03 09:35:58.285,0.76289,0.76304,1.00,1.37
2017.02.03 09:35:58.507,0.7629,0.76305,1.00,1.12
2017.02.03 09:35:59.835,0.76291,0.76306,1.00,1.37
2017.02.03 09:36:00.350,0.76291,0.76306,1.37,1.12
2017.02.03 09:36:06.020,0.76291,0.76306,1.12,1.12
2017.02.03 09:36:06.721,0.76289,0.76306,1.37,1.37
2017.02.03 09:36:07.532,0.7629,0.76307,1.37,1.37
2017.02.03 09:36:10.856,0.7629,0.76307,1.37,1.12
2017.02.03 09:36:11.508,0.76292,0.76307,1.37,1.12
2017.02.03 09:36:11.832,0.76294,0.76309,1.37,1.12
2017.02.03 09:36:12.463,0.76294,0.76309,1.37,1.50
2017.02.03 09:36:12.579,0.76294,0.76309,1.12,1.50
2017.02.03 09:36:13.957,0.76294,0.76309,1.12,1.87
2017.02.03 09:36:16.596,0.76292,0.76307,1.37,1.00
2017.02.03 09:36:17.530,0.76292,0.76307,1.37,1.12
2017.02.03 09:36:19.026,0.76291,0.76306,1.37,1.00
2017.02.03 09:36:19.292,0.7629,0.76305,1.12,1.37
2017.02.03 09:36:20.022,0.7629,0.76305,1.12,1.00
2017.02.03 09:36:27.562,0.7629,0.76305,1.12,1.37
2017.02.03 09:36:29.967,0.7629,0.76305,1.12,1.12
2017.02.03 09:36:30.703,0.76291,0.76306,1.00,1.12
2017.02.03 09:36:32.517,0.76291,0.76307,1.12,1.37
2017.02.03 09:36:33.137,0.76292,0.76307,1.00,1.37
2017.02.03 09:36:33.703,0.76292,0.76307,1.00,3.00
2017.02.03 09:36:34.139,0.7629,0.76307,1.12,2.25
2017.02.03 09:36:36.095,0.7629,0.76308,1.37,3.00
2017.02.03 09:36:36.746,0.76292,0.76307,1.00,1.37
2017.02.03 09:36:37.108,0.76288,0.76305,1.37,1.00
2017.02.03 09:36:37.701,0.76288,0.76304,1.00,1.12
2017.02.03 09:36:37.801,0.76288,0.76304,1.37,1.12
2017.02.03 09:36:46.505,0.7629,0.76304,1.37,1.00
2017.02.03 09:36:47.006,0.7629,0.76304,1.00,1.37
2017.02.03 09:36:47.546,0.76289,0.76304,1.12,1.87
2017.02.03 09:36:52.678,0.76288,0.76303,1.00,1.12
2017.02.03 09:36:53.468,0.76288,0.76303,1.00,1.37
2017.02.03 09:36:54.092,0.76288,0.76303,1.12,1.37
2017.02.03 09:36:55.084,0.76289,0.76304,1.00,1.37
2017.02.03 09:36:57.828,0.76289,0.76304,1.37,1.00
2017.02.03 09:36:58.707,0.76288,0.76303,1.37,1.00
2017.02.03 09:36:59.338,0.76289,0.76304,1.37,1.00
2017.02.03 09:36:59.860,0.7629,0.76305,1.37,1.12
2017.02.03 09:37:00.379,0.7629,0.76305,1.37,1.00
2017.02.03 09:37:00.739,0.76289,0.76304,1.37,1.00
2017.02.03 09:37:03.968,0.76291,0.76306,1.00,1.37
2017.02.03 09:37:04.667,0.76292,0.76307,1.12,1.37
2017.02.03 09:37:07.819,0.76293,0.76308,1.00,1.37
2017.02.03 09:37:10.878,0.76293,0.76308,1.00,1.37
2017.02.03 09:37:20.892,0.76293,0.76308,1.00,1.37
2017.02.03 09:37:21.525,0.76292,0.76308,1.12,1.37
2017.02.03 09:37:22.854,0.76293,0.76308,1.00,1.37
2017.02.03 09:37:24.127,0.76293,0.7631,1.12,1.37
2017.02.03 09:37:24.177,0.76295,0.7631,1.00,1.37
2017.02.03 09:37:24.228,0.76296,0.76311,1.12,1.37
2017.02.03 09:37:24.784,0.76296,0.76313,1.37,1.37
2017.02.03 09:37:25.320,0.76298,0.76313,1.12,1.37
2017.02.03 09:37:25.829,0.76297,0.76311,1.00,1.00
2017.02.03 09:37:26.331,0.76296,0.76311,1.00,1.12
2017.02.03 09:37:26.816,0.76299,0.76315,1.00,1.37
2017.02.03 09:37:27.252,0.76301,0.76316,1.00,1.37
2017.02.03 09:37:29.828,0.76303,0.76319,1.00,3.00
2017.02.03 09:37:30.078,0.76304,0.76319,1.12,1.37
2017.02.03 09:37:30.747,0.76304,0.76319,1.12,1.00
2017.02.03 09:37:31.248,0.76304,0.76318,1.00,1.37
2017.02.03 09:37:32.235,0.76303,0.76318,1.12,1.37
2017.02.03 09:37:33.735,0.76301,0.76318,1.37,1.37
2017.02.03 09:37:37.584,0.76303,0.76317,1.00,1.37
2017.02.03 09:37:38.000,0.76301,0.76316,1.00,1.37
2017.02.03 09:37:39.143,0.76299,0.76316,1.37,1.37
2017.02.03 09:37:41.094,0.763,0.76316,1.37,1.12
2017.02.03 09:37:41.480,0.76307,0.76322,1.37,1.00
2017.02.03 09:37:42.538,0.76309,0.76324,1.00,1.37
2017.02.03 09:37:42.842,0.76314,0.76329,1.12,1.37
2017.02.03 09:37:43.566,0.76315,0.7633,1.12,1.37
2017.02.03 09:37:43.956,0.76318,0.76333,1.00,3.75
2017.02.03 09:37:44.057,0.76318,0.76333,1.37,1.12
2017.02.03 09:37:44.258,0.76317,0.76332,1.12,1.00
2017.02.03 09:37:45.964,0.76316,0.76332,1.37,1.37
2017.02.03 09:37:57.103,0.76316,0.76331,1.00,1.12
2017.02.03 09:37:57.204,0.76316,0.76331,1.00,1.37
2017.02.03 09:38:00.360,0.76315,0.7633,1.12,1.37
2017.02.03 09:38:01.772,0.76316,0.76331,1.00,1.37
2017.02.03 09:38:08.070,0.76315,0.7633,1.00,1.37
2017.02.03 09:38:08.376,0.76316,0.76331,1.00,3.00
2017.02.03 09:38:08.426,0.76316,0.76331,1.00,1.37
2017.02.03 09:38:08.527,0.76316,0.76331,1.37,1.00
2017.02.03 09:38:08.610,0.76316,0.76331,1.12,1.37
2017.02.03 09:38:10.579,0.76316,0.76331,1.00,1.37
2017.02.03 09:38:11.499,0.76315,0.7633,1.00,1.37
2017.02.03 09:38:12.930,0.76315,0.7633,1.00,1.37
2017.02.03 09:38:17.577,0.76316,0.76331,1.00,3.00
2017.02.03 09:38:17.641,0.76314,0.76329,1.12,1.37
2017.02.03 09:38:17.692,0.76317,0.76332,1.00,3.00
2017.02.03 09:38:17.858,0.76315,0.7633,1.12,1.37
2017.02.03 09:38:17.959,0.76312,0.76325,1.12,1.00
2017.02.03 09:38:19.539,0.76312,0.76328,1.12,1.37
2017.02.03 09:38:19.842,0.76309,0.76324,1.37,1.12
2017.02.03 09:38:20.244,0.76309,0.76324,1.00,1.37
2017.02.03 09:38:21.075,0.76309,0.76324,1.00,1.37
2017.02.03 09:38:21.445,0.76309,0.76324,1.00,1.37
2017.02.03 09:38:24.766,0.76309,0.76324,1.00,1.37
2017.02.03 09:38:25.081,0.76313,0.76328,1.00,4.50
2017.02.03 09:38:25.282,0.76315,0.7633,1.00,1.37
2017.02.03 09:38:25.812,0.76316,0.76331,1.00,3.75
2017.02.03 09:38:25.963,0.76317,0.76332,1.00,1.37
2017.02.03 09:38:26.382,0.76318,0.76333,1.12,1.37
2017.02.03 09:38:27.256,0.76318,0.76333,1.00,1.37
2017.02.03 09:38:30.719,0.76316,0.76333,1.37,1.37
2017.02.03 09:38:30.870,0.76314,0.76329,1.37,1.00
2017.02.03 09:38:31.071,0.76313,0.76329,1.12,1.37
2017.02.03 09:38:31.579,0.76313,0.76329,1.37,1.37
2017.02.03 09:38:31.794,0.76311,0.76328,1.37,1.37
2017.02.03 09:38:31.966,0.76311,0.76326,1.12,1.37
2017.02.03 09:38:32.913,0.7631,0.76325,1.00,1.12
2017.02.03 09:38:33.433,0.76311,0.76326,1.12,1.37
2017.02.03 09:38:34.985,0.76313,0.76328,1.12,1.37
2017.02.03 09:38:35.287,0.76311,0.76326,1.00,1.37
2017.02.03 09:38:35.961,0.76311,0.76326,1.12,1.37
2017.02.03 09:38:36.510,0.76312,0.76329,1.00,3.00
2017.02.03 09:38:36.811,0.76316,0.76331,1.12,1.12
2017.02.03 09:38:37.400,0.76316,0.76331,1.12,1.37
2017.02.03 09:38:37.781,0.76315,0.7633,1.00,1.87
2017.02.03 09:38:38.641,0.76314,0.76329,1.12,1.37
2017.02.03 09:38:38.792,0.76312,0.76327,1.12,1.12
2017.02.03 09:38:38.894,0.76312,0.76327,1.00,1.37
2017.02.03 09:38:39.639,0.76312,0.76327,1.12,1.37
2017.02.03 09:38:40.323,0.76313,0.76328,1.00,1.37
2017.02.03 09:38:42.407,0.76313,0.76328,1.12,1.37
2017.02.03 09:38:42.936,0.76311,0.76326,1.37,1.00
2017.02.03 09:38:43.060,0.76311,0.76326,1.12,1.37
2017.02.03 09:38:43.211,0.76313,0.76327,1.00,1.37
2017.02.03 09:38:43.312,0.76313,0.76327,1.12,1.12
2017.02.03 09:38:43.463,0.76315,0.7633,1.00,3.00
2017.02.03 09:38:44.092,0.76315,0.7633,1.00,1.37
2017.02.03 09:38:44.335,0.76312,0.76328,1.12,1.37
2017.02.03 09:38:44.497,0.76314,0.76328,1.00,1.37
2017.02.03 09:38:44.702,0.76314,0.76329,1.12,1.00
2017.02.03 09:38:45.833,0.76314,0.76331,1.12,1.37
2017.02.03 09:38:45.992,0.76314,0.76331,1.12,1.37
2017.02.03 09:38:46.537,0.76315,0.7633,1.00,1.12
2017.02.03 09:38:46.638,0.76313,0.76329,1.12,1.37
2017.02.03 09:38:47.243,0.76313,0.76329,1.00,3.00
2017.02.03 09:38:47.615,0.76315,0.7633,1.00,1.37
2017.02.03 09:38:47.790,0.76313,0.7633,1.12,1.37
2017.02.03 09:38:47.841,0.76315,0.7633,1.00,1.37
2017.02.03 09:38:47.996,0.76312,0.76329,1.00,1.37
2017.02.03 09:38:48.096,0.76312,0.76328,1.12,2.62
2017.02.03 09:38:48.434,0.76312,0.76327,1.00,1.87
2017.02.03 09:38:50.481,0.76311,0.76326,1.00,1.37
2017.02.03 09:38:51.044,0.7631,0.76325,1.00,1.37
2017.02.03 09:38:51.499,0.76312,0.76326,1.00,1.37
2017.02.03 09:38:51.550,0.76312,0.76326,1.00,1.12
2017.02.03 09:38:52.242,0.76312,0.76326,1.00,1.37
2017.02.03 09:38:52.806,0.76311,0.76328,1.00,3.00
2017.02.03 09:38:53.308,0.7631,0.76325,1.12,1.37
2017.02.03 09:38:53.472,0.76311,0.76326,1.00,1.87
2017.02.03 09:38:53.522,0.76311,0.76326,1.00,1.87
2017.02.03 09:38:53.949,0.76309,0.76325,1.00,1.37
2017.02.03 09:38:54.208,0.76309,0.76325,1.12,1.37
2017.02.03 09:38:54.721,0.76307,0.76324,1.37,1.37
2017.02.03 09:38:54.970,0.76311,0.76326,1.00,3.00
2017.02.03 09:38:55.021,0.7631,0.76325,1.37,1.12
2017.02.03 09:38:55.205,0.76308,0.76325,1.37,1.37
2017.02.03 09:38:55.409,0.76308,0.76325,1.12,1.37
2017.02.03 09:38:56.112,0.76306,0.76321,1.12,1.37
2017.02.03 09:39:00.294,0.76315,0.76324,1.00,3.75
2017.02.03 09:39:00.344,0.76315,0.76325,1.00,2.25
2017.02.03 09:39:00.576,0.76315,0.76331,1.12,1.12
2017.02.03 09:39:00.627,0.76318,0.76333,1.00,1.87
2017.02.03 09:39:00.935,0.76318,0.76333,1.00,1.87
2017.02.03 09:39:02.157,0.76318,0.76333,1.00,3.00
2017.02.03 09:39:03.057,0.76318,0.76333,1.00,3.00
2017.02.03 09:39:07.379,0.76318,0.76334,1.00,1.37
2017.02.03 09:39:07.971,0.76319,0.76334,1.00,1.37
2017.02.03 09:39:12.227,0.7632,0.76335,1.00,1.37
2017.02.03 09:39:12.328,0.76318,0.76333,1.00,1.12
2017.02.03 09:39:12.603,0.7632,0.76335,1.00,1.37
2017.02.03 09:39:13.261,0.76319,0.76334,1.12,1.12
2017.02.03 09:39:13.795,0.76318,0.76333,1.37,1.00
2017.02.03 09:39:14.708,0.76317,0.76332,1.37,1.12
2017.02.03 09:39:15.395,0.76317,0.76331,1.37,1.00
2017.02.03 09:39:15.964,0.76317,0.76331,1.12,1.12
2017.02.03 09:39:16.489,0.76317,0.76333,1.37,1.37
2017.02.03 09:39:17.119,0.76318,0.76333,1.12,1.00
2017.02.03 09:39:18.460,0.76318,0.76332,1.12,1.00
2017.02.03 09:39:19.084,0.76319,0.76333,1.00,1.00
2017.02.03 09:39:19.588,0.76318,0.76333,1.37,1.00
2017.02.03 09:39:20.536,0.76318,0.76332,1.37,1.00
2017.02.03 09:39:21.717,0.76318,0.76332,1.37,1.00
2017.02.03 09:39:23.686,0.76318,0.76333,1.37,1.12
2017.02.03 09:39:24.188,0.7632,0.76335,1.12,1.37
2017.02.03 09:39:24.860,0.7632,0.76335,1.37,1.00
2017.02.03 09:39:25.011,0.76317,0.76334,3.00,1.12
2017.02.03 09:39:25.216,0.76316,0.76332,3.00,1.00
2017.02.03 09:39:26.210,0.76316,0.76333,3.00,1.12
2017.02.03 09:39:27.608,0.7632,0.76334,1.00,1.37
2017.02.03 09:39:28.012,0.76316,0.76331,2.10,1.00
2017.02.03 09:39:28.519,0.76316,0.76331,1.37,1.12
2017.02.03 09:39:29.728,0.76317,0.76332,1.37,1.12
2017.02.03 09:39:30.263,0.76317,0.76332,1.12,1.37
2017.02.03 09:39:30.801,0.76315,0.76332,1.12,1.37
2017.02.03 09:39:31.439,0.76315,0.76331,1.37,1.00
2017.02.03 09:39:31.740,0.76322,0.76338,1.12,1.37
2017.02.03 09:39:32.251,0.76322,0.76338,1.00,1.37
2017.02.03 09:39:35.213,0.76321,0.76336,1.00,1.12
2017.02.03 09:39:35.746,0.76321,0.76336,1.00,1.37
2017.02.03 09:39:37.175,0.76319,0.76336,1.37,1.37
2017.02.03 09:39:38.187,0.76319,0.76336,1.37,1.37
2017.02.03 09:39:38.864,0.76319,0.76336,1.12,1.12
2017.02.03 09:39:38.922,0.76319,0.76336,1.37,1.37
2017.02.03 09:39:46.035,0.76319,0.76336,1.12,1.37
2017.02.03 09:39:48.373,0.76319,0.76336,1.37,1.37
2017.02.03 09:39:49.069,0.76321,0.76336,1.00,1.37
2017.02.03 09:39:49.371,0.76325,0.76339,1.00,1.00
2017.02.03 09:39:49.925,0.76325,0.76339,1.00,1.37
2017.02.03 09:39:50.981,0.76324,0.76339,1.12,1.37
2017.02.03 09:39:51.619,0.76323,0.76339,1.12,1.37
2017.02.03 09:39:52.669,0.76325,0.76339,1.00,1.37
2017.02.03 09:39:58.076,0.76324,0.76339,1.12,1.37
2017.02.03 09:39:58.634,0.76323,0.76339,1.00,1.37
2017.02.03 09:40:00.548,0.76323,0.76337,1.00,1.00
2017.02.03 09:40:01.095,0.76323,0.76339,1.00,1.37
2017.02.03 09:40:01.743,0.76322,0.76338,1.12,1.12
2017.02.03 09:40:04.603,0.76322,0.76338,1.37,1.12
2017.02.03 09:40:09.506,0.76323,0.76338,1.37,1.00
2017.02.03 09:40:10.132,0.76324,0.76338,1.12,1.12
2017.02.03 09:40:17.284,0.76325,0.76339,1.00,1.00
2017.02.03 09:40:17.595,0.76325,0.76339,1.37,1.00
2017.02.03 09:40:17.762,0.76325,0.76339,1.37,1.00
2017.02.03 09:40:18.446,0.76325,0.76339,1.12,1.12
2017.02.03 09:40:19.290,0.76324,0.76339,1.12,1.00
2017.02.03 09:40:22.430,0.76325,0.7634,1.00,1.12
2017.02.03 09:40:23.799,0.76324,0.76339,1.37,1.00
2017.02.03 09:40:24.342,0.76324,0.76338,1.37,1.00
2017.02.03 09:40:25.223,0.76324,0.76339,1.37,1.00
2017.02.03 09:40:26.874,0.76327,0.76341,1.00,1.12
2017.02.03 09:40:27.176,0.76328,0.76343,1.37,1.12
2017.02.03 09:40:28.134,0.76328,0.76343,1.12,1.37
2017.02.03 09:40:29.762,0.76327,0.76342,1.37,1.00
2017.02.03 09:40:30.264,0.76327,0.76344,1.37,1.12
2017.02.03 09:40:30.770,0.76329,0.76343,1.12,1.00
2017.02.03 09:40:31.184,0.76332,0.76347,1.00,3.00
2017.02.03 09:40:31.385,0.76336,0.76351,1.00,1.37
2017.02.03 09:40:31.445,0.76336,0.76351,1.37,1.12
2017.02.03 09:40:31.746,0.76338,0.76353,1.37,1.50
2017.02.03 09:40:32.058,0.76337,0.76351,1.12,1.00
2017.02.03 09:40:32.527,0.76335,0.76349,1.37,1.00
2017.02.03 09:40:32.879,0.76337,0.76351,1.12,1.12
2017.02.03 09:40:37.785,0.76335,0.7635,1.12,1.00
2017.02.03 09:40:38.663,0.76335,0.7635,1.37,1.00
2017.02.03 09:40:41.051,0.76336,0.76351,1.12,1.12
2017.02.03 09:40:41.663,0.76335,0.7635,1.37,1.00
2017.02.03 09:40:42.575,0.76335,0.76349,1.37,1.00
2017.02.03 09:40:43.574,0.76335,0.76349,1.12,1.12
2017.02.03 09:40:45.171,0.76333,0.76348,1.37,1.00
2017.02.03 09:40:45.373,0.76332,0.76347,1.37,1.12
2017.02.03 09:40:46.221,0.76332,0.76346,1.37,1.00
2017.02.03 09:40:49.650,0.76332,0.76347,1.37,1.12
2017.02.03 09:40:50.828,0.76334,0.76349,1.00,1.37
2017.02.03 09:40:52.175,0.76335,0.76349,1.00,1.37
2017.02.03 09:41:01.615,0.76334,0.76349,1.00,1.37
2017.02.03 09:41:02.690,0.76334,0.76349,1.37,1.12
2017.02.03 09:41:05.293,0.76335,0.76349,1.00,1.37
2017.02.03 09:41:08.425,0.76335,0.76349,1.00,1.12
2017.02.03 09:41:09.094,0.76334,0.76349,1.00,1.12
2017.02.03 09:41:10.035,0.76337,0.76351,1.00,1.37
2017.02.03 09:41:10.220,0.76335,0.76352,1.12,1.37
2017.02.03 09:41:10.321,0.76335,0.76352,1.12,1.87
2017.02.03 09:41:10.700,0.76337,0.76351,1.00,1.37
2017.02.03 09:41:11.222,0.76336,0.76351,1.00,1.37
2017.02.03 09:41:11.304,0.76336,0.76351,1.00,1.12
2017.02.03 09:41:11.816,0.76337,0.76351,1.12,1.12
2017.02.03 09:41:12.547,0.76337,0.76351,1.00,1.37
2017.02.03 09:41:13.207,0.76336,0.76351,1.12,1.37
2017.02.03 09:41:14.022,0.76337,0.76351,1.00,1.37
2017.02.03 09:41:20.607,0.76335,0.76352,1.12,1.87
2017.02.03 09:41:20.840,0.76334,0.76348,1.37,1.00
2017.02.03 09:41:21.515,0.76334,0.76348,1.12,1.12
2017.02.03 09:41:23.644,0.76335,0.7635,1.12,1.37
2017.02.03 09:41:24.927,0.76334,0.76349,1.12,1.37
2017.02.03 09:41:26.230,0.76333,0.76348,1.12,1.37
2017.02.03 09:41:26.746,0.76332,0.76346,1.12,1.12
2017.02.03 09:41:27.594,0.76332,0.76348,1.00,1.37
2017.02.03 09:41:27.948,0.76334,0.76348,1.00,1.37
2017.02.03 09:41:28.149,0.76335,0.76352,1.12,3.75
2017.02.03 09:41:28.592,0.76337,0.76351,1.00,1.37
2017.02.03 09:41:29.594,0.76336,0.76351,1.00,1.37
2017.02.03 09:41:32.570,0.76337,0.76351,1.00,1.37
2017.02.03 09:41:33.145,0.76336,0.76351,1.00,1.37
2017.02.03 09:41:33.667,0.76335,0.7635,1.00,1.37
2017.02.03 09:41:34.009,0.76337,0.76351,1.00,1.37
2017.02.03 09:41:34.242,0.76337,0.76351,1.00,1.37
2017.02.03 09:41:35.445,0.76337,0.76351,1.00,1.37
2017.02.03 09:41:36.046,0.76337,0.76351,1.00,1.37
2017.02.03 09:41:36.954,0.76336,0.76351,1.12,1.37
2017.02.03 09:41:38.367,0.76337,0.76351,1.00,1.37
2017.02.03 09:41:39.477,0.76336,0.76353,1.12,3.75
2017.02.03 09:41:40.188,0.76337,0.76351,1.00,1.37
2017.02.03 09:41:41.376,0.76335,0.76351,1.37,1.37
2017.02.03 09:41:42.600,0.76337,0.76351,1.00,1.37
2017.02.03 09:41:46.549,0.76335,0.76351,1.12,1.37
2017.02.03 09:41:46.700,0.76337,0.76351,1.00,1.37
2017.02.03 09:41:46.871,0.76335,0.76352,1.12,1.87
2017.02.03 09:41:47.417,0.76335,0.76352,1.00,3.75
2017.02.03 09:41:49.870,0.76337,0.76351,1.00,1.37
2017.02.03 09:41:50.021,0.76337,0.76352,1.00,1.37
2017.02.03 09:41:50.903,0.76339,0.76353,1.00,1.37
2017.02.03 09:41:51.218,0.76337,0.76353,1.00,1.37
2017.02.03 09:41:52.061,0.76339,0.76353,1.00,1.37
2017.02.03 09:41:52.595,0.76338,0.76352,1.00,1.37
2017.02.03 09:41:53.182,0.76338,0.76352,1.12,1.12
2017.02.03 09:41:56.017,0.76339,0.76353,1.00,1.37
2017.02.03 09:41:56.290,0.7634,0.76354,1.12,1.12
2017.02.03 09:41:56.390,0.76342,0.76356,1.00,1.37
2017.02.03 09:41:56.602,0.76339,0.76356,1.37,1.37
2017.02.03 09:41:57.035,0.76339,0.76354,1.00,1.37
2017.02.03 09:41:57.652,0.76338,0.76352,1.12,1.12
2017.02.03 09:41:58.543,0.76339,0.76353,1.00,1.37
2017.02.03 09:41:59.101,0.76339,0.76353,1.00,1.00
2017.02.03 09:42:01.519,0.7634,0.76355,1.00,1.12
2017.02.03 09:42:02.082,0.7634,0.76357,1.37,1.37
2017.02.03 09:42:02.589,0.7634,0.76354,1.37,1.00
2017.02.03 09:42:03.570,0.7634,0.76354,1.00,1.37
2017.02.03 09:42:04.103,0.76339,0.76353,1.12,1.12
2017.02.03 09:42:04.606,0.7634,0.76354,1.00,1.37
2017.02.03 09:42:04.794,0.7634,0.76355,1.12,1.00
2017.02.03 09:42:04.845,0.76342,0.76356,1.12,1.00
2017.02.03 09:42:05.420,0.76342,0.76356,1.37,1.00
2017.02.03 09:42:06.110,0.76342,0.76357,1.00,1.12
2017.02.03 09:42:08.429,0.76342,0.76356,1.00,1.00
2017.02.03 09:42:08.990,0.76343,0.76357,1.12,1.00
2017.02.03 09:42:09.491,0.76342,0.76359,1.37,1.37
2017.02.03 09:42:10.186,0.76344,0.76358,1.00,1.12
2017.02.03 09:42:10.438,0.76342,0.76357,1.12,1.00
2017.02.03 09:42:10.640,0.76342,0.76357,1.37,1.00
2017.02.03 09:42:10.811,0.76343,0.76362,2.25,1.12
2017.02.03 09:42:10.861,0.76342,0.76361,1.37,2.62
2017.02.03 09:42:11.378,0.76343,0.7636,1.37,1.37
2017.02.03 09:42:12.004,0.76345,0.7636,1.00,1.37
2017.02.03 09:42:12.774,0.76345,0.7636,1.00,1.12
2017.02.03 09:42:14.453,0.76345,0.76359,1.00,1.00
2017.02.03 09:42:15.370,0.76343,0.76358,1.37,1.00
2017.02.03 09:42:15.781,0.76343,0.7636,1.37,1.50
2017.02.03 09:42:17.259,0.76344,0.76358,1.12,1.00
2017.02.03 09:42:20.216,0.76347,0.76362,1.00,1.50
2017.02.03 09:42:20.433,0.76348,0.76363,1.12,1.87
2017.02.03 09:42:20.555,0.76348,0.76363,1.37,1.00
2017.02.03 09:42:20.656,0.76348,0.76363,1.12,1.00
2017.02.03 09:42:21.181,0.76349,0.76364,1.00,1.12
2017.02.03 09:42:22.386,0.7635,0.76365,1.12,2.62
2017.02.03 09:42:23.166,0.7635,0.76365,1.12,1.00
2017.02.03 09:42:23.395,0.76351,0.76366,1.37,1.87
2017.02.03 09:42:23.921,0.76352,0.76366,1.00,1.37
2017.02.03 09:42:24.516,0.7635,0.76365,1.12,1.37
2017.02.03 09:42:25.467,0.76351,0.76366,1.00,1.37
2017.02.03 09:42:25.985,0.7635,0.76367,1.12,1.37
2017.02.03 09:42:26.499,0.76352,0.76366,1.00,1.37
2017.02.03 09:42:26.562,0.76352,0.76366,1.00,1.12
2017.02.03 09:42:27.472,0.76352,0.76367,1.00,1.12
2017.02.03 09:42:28.162,0.76352,0.76367,1.00,1.37
2017.02.03 09:42:30.742,0.76353,0.76368,1.00,1.37
2017.02.03 09:42:31.707,0.76353,0.76368,1.12,1.37
2017.02.03 09:42:33.803,0.76353,0.76368,1.00,1.37
2017.02.03 09:42:34.765,0.76352,0.76368,1.12,1.37
2017.02.03 09:42:35.272,0.76353,0.76367,1.37,1.00
2017.02.03 09:42:35.609,0.76353,0.76367,1.37,1.00
2017.02.03 09:42:35.810,0.76353,0.76368,1.37,1.12
2017.02.03 09:42:35.861,0.76356,0.76371,1.00,1.37
2017.02.03 09:42:35.974,0.76356,0.76371,1.00,1.37
2017.02.03 09:42:37.133,0.76356,0.76371,1.37,1.12
2017.02.03 09:42:37.661,0.76355,0.7637,1.37,1.00
2017.02.03 09:42:38.461,0.76355,0.7637,1.37,1.12
2017.02.03 09:42:40.706,0.76356,0.76371,1.12,1.00
2017.02.03 09:42:41.218,0.76356,0.76371,1.12,1.37
2017.02.03 09:42:45.189,0.76354,0.76371,1.37,1.37
2017.02.03 09:42:45.989,0.76354,0.76369,1.12,1.00
2017.02.03 09:42:46.770,0.76355,0.76369,1.00,1.00
2017.02.03 09:42:47.302,0.76355,0.7637,1.00,1.00
2017.02.03 09:42:47.930,0.76356,0.76371,1.00,1.12
2017.02.03 09:42:48.461,0.76355,0.7637,1.37,1.12
2017.02.03 09:42:49.877,0.76357,0.76372,1.00,1.37
2017.02.03 09:42:49.978,0.76357,0.76372,1.37,1.12
2017.02.03 09:42:50.349,0.76356,0.76371,1.12,1.12
2017.02.03 09:42:50.714,0.76356,0.76371,1.00,1.37
2017.02.03 09:42:51.042,0.76356,0.76371,1.12,1.12
2017.02.03 09:42:51.143,0.76356,0.76371,1.37,1.00
2017.02.03 09:42:51.244,0.76356,0.76375,2.25,1.67
2017.02.03 09:42:51.787,0.76359,0.76374,1.12,1.37
2017.02.03 09:42:51.938,0.76358,0.76373,1.00,1.37
2017.02.03 09:42:52.039,0.76358,0.76373,1.37,1.12
2017.02.03 09:42:52.613,0.76359,0.76374,1.37,1.12
2017.02.03 09:42:54.860,0.76362,0.76376,1.00,1.37
2017.02.03 09:42:55.533,0.76362,0.76376,1.00,1.37
2017.02.03 09:42:56.327,0.76361,0.76375,1.12,1.12
2017.02.03 09:42:57.767,0.7636,0.76375,1.00,1.12
2017.02.03 09:42:58.458,0.7636,0.76375,1.37,1.00
2017.02.03 09:43:02.723,0.7636,0.76374,1.37,1.00
2017.02.03 09:43:03.263,0.7636,0.76375,1.12,1.12
2017.02.03 09:43:04.482,0.76356,0.76371,3.00,1.00
2017.02.03 09:43:04.538,0.76356,0.76371,1.37,1.00
2017.02.03 09:43:04.639,0.76356,0.76371,1.00,1.37
2017.02.03 09:43:05.867,0.76354,0.7637,1.37,1.37
2017.02.03 09:43:10.569,0.76356,0.7637,1.00,1.37
2017.02.03 09:43:16.751,0.76357,0.76371,1.00,1.37
2017.02.03 09:43:16.802,0.76357,0.76371,1.00,1.00
2017.02.03 09:43:18.659,0.76358,0.76373,1.00,1.37
2017.02.03 09:43:19.244,0.76359,0.76373,1.00,1.37
2017.02.03 09:43:22.650,0.76358,0.76373,1.12,1.37
2017.02.03 09:43:24.869,0.76356,0.76373,1.37,1.12
2017.02.03 09:43:27.573,0.76356,0.76373,1.37,1.37
2017.02.03 09:43:37.205,0.76358,0.76372,1.00,1.37
2017.02.03 09:43:44.910,0.76357,0.76372,1.12,1.37
2017.02.03 09:43:46.337,0.76356,0.76371,1.00,1.37
2017.02.03 09:43:46.996,0.76355,0.76371,1.37,1.37
2017.02.03 09:43:47.298,0.76353,0.76367,1.37,1.00
2017.02.03 09:43:48.241,0.76353,0.76368,1.12,1.37
2017.02.03 09:43:49.280,0.76354,0.76368,1.00,1.37
2017.02.03 09:43:52.163,0.76353,0.7637,1.12,1.37
2017.02.03 09:43:52.674,0.76352,0.76366,1.12,1.12
2017.02.03 09:43:52.987,0.7635,0.76365,1.00,1.37
2017.02.03 09:43:53.869,0.76351,0.76366,1.00,1.37
2017.02.03 09:43:54.724,0.76352,0.76366,1.00,1.37
2017.02.03 09:43:55.239,0.76351,0.76365,1.00,1.37
2017.02.03 09:43:55.804,0.7635,0.76365,1.12,1.37
2017.02.03 09:44:02.269,0.76348,0.76362,1.37,1.00
2017.02.03 09:44:02.571,0.76347,0.76361,1.12,1.00
2017.02.03 09:44:03.273,0.76347,0.76361,1.00,1.37
2017.02.03 09:44:03.820,0.76346,0.76359,1.12,1.00
2017.02.03 09:44:04.578,0.76342,0.76357,3.00,1.00
2017.02.03 09:44:04.732,0.76341,0.76356,1.37,1.12
2017.02.03 09:44:05.646,0.76341,0.76357,1.37,1.00
2017.02.03 09:44:05.861,0.76341,0.76357,1.37,1.00
2017.02.03 09:44:06.465,0.76343,0.76357,1.00,1.50
2017.02.03 09:44:07.736,0.76343,0.76357,1.00,1.87
2017.02.03 09:44:08.520,0.76343,0.76357,1.00,1.87
2017.02.03 09:44:08.638,0.76343,0.76357,1.00,1.87
2017.02.03 09:44:08.738,0.76342,0.76357,1.00,1.87
2017.02.03 09:44:10.362,0.76345,0.76357,1.00,1.00
2017.02.03 09:44:10.742,0.76347,0.76358,1.12,1.00
2017.02.03 09:44:11.118,0.76347,0.76361,1.12,1.87
2017.02.03 09:44:11.643,0.76348,0.76361,1.00,1.12
2017.02.03 09:44:12.283,0.76348,0.76363,1.00,1.87
2017.02.03 09:44:12.676,0.76348,0.76363,1.00,1.87
2017.02.03 09:44:13.515,0.76348,0.76363,1.12,1.87
2017.02.03 09:44:15.172,0.76348,0.76363,1.00,1.37
2017.02.03 09:44:16.111,0.76349,0.76363,1.00,1.37
2017.02.03 09:44:16.620,0.76348,0.76362,1.00,1.37
2017.02.03 09:44:17.461,0.76348,0.76363,1.00,1.12
2017.02.03 09:44:19.012,0.76349,0.76363,1.00,1.12
2017.02.03 09:44:20.392,0.76348,0.76362,1.00,1.00
2017.02.03 09:44:20.443,0.76348,0.7636,1.00,1.50
2017.02.03 09:44:21.068,0.76347,0.76361,1.00,1.37
2017.02.03 09:44:21.340,0.76345,0.76361,1.12,1.87
2017.02.03 09:44:21.783,0.76344,0.7636,1.00,1.37
2017.02.03 09:44:22.324,0.76344,0.7636,1.12,1.37
2017.02.03 09:44:23.219,0.76345,0.7636,1.00,1.37
2017.02.03 09:44:23.754,0.76343,0.7636,1.37,1.87
2017.02.03 09:44:27.687,0.76343,0.7636,1.00,1.87
2017.02.03 09:44:29.351,0.76345,0.76359,1.00,1.37
2017.02.03 09:44:31.041,0.76345,0.7636,1.00,1.87
2017.02.03 09:44:33.329,0.76344,0.76359,1.12,1.12
2017.02.03 09:44:33.851,0.76346,0.7636,1.00,1.87
2017.02.03 09:44:34.105,0.76347,0.76363,1.12,1.37
2017.02.03 09:44:34.278,0.76345,0.76359,2.25,1.00
2017.02.03 09:44:34.429,0.76344,0.76359,1.00,1.37
2017.02.03 09:44:35.025,0.76343,0.76357,1.00,1.12
2017.02.03 09:44:35.126,0.76342,0.76356,1.00,1.37
2017.02.03 09:44:35.226,0.76342,0.76357,1.00,1.12
2017.02.03 09:44:35.822,0.76342,0.76355,1.00,1.00
2017.02.03 09:44:35.873,0.76342,0.76357,1.00,1.12
2017.02.03 09:44:36.425,0.76341,0.76357,1.37,1.12
2017.02.03 09:44:41.870,0.76343,0.76359,1.37,2.62
2017.02.03 09:44:42.627,0.76343,0.76359,1.12,2.62
2017.02.03 09:44:45.842,0.76344,0.76358,1.00,1.37
2017.02.03 09:44:46.106,0.76341,0.76355,1.37,1.00
2017.02.03 09:44:46.501,0.76341,0.76355,1.00,1.37
2017.02.03 09:44:47.097,0.76341,0.76355,1.00,1.37
2017.02.03 09:44:47.501,0.76339,0.76354,1.12,1.37
2017.02.03 09:44:47.853,0.76339,0.76354,1.00,1.37
2017.02.03 09:44:48.054,0.76339,0.76354,1.12,1.37
2017.02.03 09:44:48.276,0.76341,0.76355,1.00,1.00
2017.02.03 09:44:48.671,0.7634,0.76354,1.00,1.37
2017.02.03 09:44:49.276,0.7634,0.76354,1.00,1.37
2017.02.03 09:44:49.627,0.76342,0.76356,1.00,1.37
2017.02.03 09:44:50.136,0.76342,0.76356,1.00,1.37
2017.02.03 09:44:51.637,0.76343,0.76357,1.00,1.37
2017.02.03 09:44:51.790,0.76343,0.76357,1.00,1.12
2017.02.03 09:44:52.356,0.76344,0.76358,1.00,1.12
2017.02.03 09:44:53.140,0.76343,0.76358,1.00,1.12
2017.02.03 09:44:54.910,0.76343,0.76358,1.37,1.12
2017.02.03 09:44:57.606,0.76343,0.76358,1.12,1.37
2017.02.03 09:44:57.954,0.76345,0.76359,1.00,1.37
2017.02.03 09:44:58.379,0.76344,0.7636,1.37,1.87
2017.02.03 09:45:00.573,0.76345,0.76361,1.00,1.37
2017.02.03 09:45:01.279,0.76343,0.76361,1.37,1.37
2017.02.03 09:45:01.813,0.76344,0.7636,1.37,1.37
2017.02.03 09:45:03.401,0.76345,0.7636,1.12,1.12
2017.02.03 09:45:03.775,0.76345,0.7636,1.00,1.37
2017.02.03 09:45:04.312,0.76343,0.76359,1.00,1.37
2017.02.03 09:45:04.823,0.76343,0.76358,1.37,1.12
2017.02.03 09:45:06.652,0.76345,0.7636,1.00,1.37
2017.02.03 09:45:06.703,0.76344,0.7636,1.37,1.12
2017.02.03 09:45:08.393,0.76343,0.7636,1.37,1.37
2017.02.03 09:45:08.992,0.76344,0.7636,1.37,1.37
2017.02.03 09:45:10.612,0.76344,0.76358,1.37,1.00
2017.02.03 09:45:10.814,0.76342,0.76357,1.37,1.00
2017.02.03 09:45:11.412,0.76342,0.76357,1.37,1.00
2017.02.03 09:45:11.916,0.76342,0.76359,1.37,1.37
2017.02.03 09:45:15.903,0.76344,0.76358,1.37,1.00
2017.02.03 09:45:16.434,0.76344,0.76359,1.37,1.12
2017.02.03 09:45:17.863,0.76345,0.76359,1.37,1.00
2017.02.03 09:45:18.039,0.76343,0.76357,1.37,1.00
2017.02.03 09:45:18.643,0.76344,0.76358,1.12,1.12
2017.02.03 09:45:19.827,0.76344,0.76359,1.37,1.12
2017.02.03 09:45:20.607,0.76344,0.76359,1.12,1.12
2017.02.03 09:45:21.531,0.76343,0.76358,1.37,1.00
2017.02.03 09:45:22.044,0.76343,0.76357,1.37,1.00
2017.02.03 09:45:22.639,0.76344,0.76358,1.12,1.00
2017.02.03 09:45:23.840,0.76345,0.7636,1.37,1.12
2017.02.03 09:45:24.338,0.76343,0.7636,1.37,1.37
2017.02.03 09:45:26.045,0.76344,0.7636,1.12,1.12
2017.02.03 09:45:26.220,0.76344,0.7636,1.12,1.37
2017.02.03 09:45:27.094,0.76345,0.7636,1.00,1.37
2017.02.03 09:45:27.626,0.76343,0.7636,1.37,1.37
2017.02.03 09:45:30.068,0.76344,0.76361,1.12,1.37
2017.02.03 09:45:31.155,0.76345,0.76359,1.00,1.37
2017.02.03 09:45:31.581,0.76345,0.7636,1.00,1.12
2017.02.03 09:45:34.440,0.76345,0.76361,1.37,1.37
2017.02.03 09:45:36.475,0.76345,0.76361,1.37,1.00
2017.02.03 09:45:37.733,0.76345,0.7636,1.37,1.00
2017.02.03 09:45:37.793,0.76341,0.76355,1.37,1.00
2017.02.03 09:45:37.894,0.76339,0.76354,1.37,1.00
2017.02.03 09:45:38.612,0.76339,0.76354,1.12,1.37
2017.02.03 09:45:39.683,0.76338,0.76353,1.12,1.12
2017.02.03 09:45:40.598,0.76339,0.76353,1.00,1.12
2017.02.03 09:45:45.926,0.76338,0.76353,1.12,1.12
2017.02.03 09:45:45.977,0.7634,0.76354,1.00,1.37
2017.02.03 09:45:46.608,0.76339,0.76353,1.12,1.12
2017.02.03 09:45:47.287,0.76338,0.76353,1.00,1.37
2017.02.03 09:45:49.839,0.76339,0.76353,1.00,1.37
2017.02.03 09:45:52.380,0.76338,0.76353,1.12,1.37
2017.02.03 09:45:52.933,0.76338,0.76353,1.00,1.37
2017.02.03 09:45:55.203,0.76336,0.76353,1.37,1.37
2017.02.03 09:45:56.088,0.76338,0.76353,1.12,1.37
2017.02.03 09:45:56.643,0.76339,0.76353,1.12,1.12
2017.02.03 09:45:58.593,0.76339,0.76353,1.00,1.37
2017.02.03 09:45:59.182,0.7634,0.76354,1.00,1.37
2017.02.03 09:46:01.246,0.76339,0.76353,1.00,1.37
2017.02.03 09:46:01.936,0.76338,0.76353,1.12,1.37
2017.02.03 09:46:02.905,0.76339,0.76353,1.00,1.37
2017.02.03 09:46:03.735,0.76338,0.76355,1.12,3.00
2017.02.03 09:46:04.544,0.76339,0.76353,1.00,1.37
2017.02.03 09:46:05.015,0.76337,0.76351,1.00,1.12
2017.02.03 09:46:05.361,0.76336,0.7635,1.00,1.37
2017.02.03 09:46:06.349,0.76337,0.76351,1.00,1.37
2017.02.03 09:46:07.216,0.76337,0.76351,1.00,1.37
2017.02.03 09:46:08.208,0.76336,0.7635,1.12,1.12
2017.02.03 09:46:08.941,0.76335,0.76349,1.37,1.00
2017.02.03 09:46:09.042,0.76334,0.76348,1.12,1.00
2017.02.03 09:46:09.832,0.76334,0.7635,1.00,3.00
2017.02.03 09:46:10.033,0.76332,0.76347,1.12,1.00
2017.02.03 09:46:10.401,0.76334,0.76348,1.00,1.37
2017.02.03 09:46:10.924,0.76335,0.7635,1.00,1.37
2017.02.03 09:46:11.428,0.76336,0.7635,1.00,1.37
2017.02.03 09:46:15.254,0.76336,0.7635,1.00,1.12
2017.02.03 09:46:20.281,0.76335,0.7635,1.12,1.12
2017.02.03 09:46:20.808,0.76335,0.76349,1.12,1.12
2017.02.03 09:46:24.540,0.76336,0.7635,1.00,1.37
2017.02.03 09:46:25.101,0.76336,0.7635,1.00,1.12
2017.02.03 09:46:25.968,0.76336,0.76351,1.00,1.37
2017.02.03 09:46:31.505,0.76336,0.76351,1.12,1.37
2017.02.03 09:46:32.812,0.76335,0.7635,1.12,1.37
2017.02.03 09:46:33.380,0.76335,0.7635,1.37,1.00
2017.02.03 09:46:34.112,0.76337,0.76351,1.00,1.00
2017.02.03 09:46:35.103,0.76337,0.76352,1.00,1.12
2017.02.03 09:46:35.612,0.76337,0.76352,1.37,1.12
2017.02.03 09:46:36.147,0.76337,0.76352,1.12,1.37
2017.02.03 09:46:36.840,0.76336,0.76351,1.12,1.12
2017.02.03 09:46:37.345,0.76335,0.7635,1.00,1.12
2017.02.03 09:46:37.396,0.76335,0.7635,1.00,1.37
2017.02.03 09:46:38.536,0.76337,0.76351,1.00,1.37
2017.02.03 09:46:39.130,0.76337,0.76351,1.00,1.12
2017.02.03 09:46:40.462,0.76336,0.76352,1.12,1.37
2017.02.03 09:46:40.906,0.76337,0.76351,1.37,1.00
2017.02.03 09:46:41.461,0.76337,0.76352,1.37,1.12
2017.02.03 09:46:42.085,0.76337,0.76351,1.12,1.00
2017.02.03 09:46:42.659,0.76337,0.76352,1.37,1.12
2017.02.03 09:46:43.780,0.76337,0.76352,1.12,1.37
2017.02.03 09:46:46.004,0.76337,0.76352,1.00,1.12
2017.02.03 09:46:48.331,0.76338,0.76352,1.00,1.12
2017.02.03 09:46:50.615,0.76338,0.76352,1.00,1.37
2017.02.03 09:46:51.188,0.76337,0.76351,1.00,1.12
2017.02.03 09:46:51.519,0.76335,0.76349,1.37,1.00
2017.02.03 09:46:51.721,0.76335,0.76349,1.00,1.00
2017.02.03 09:46:52.396,0.76335,0.7635,1.00,1.12
2017.02.03 09:46:53.399,0.76336,0.7635,1.00,1.12
2017.02.03 09:47:00.679,0.76336,0.76351,1.37,1.12
2017.02.03 09:47:01.329,0.76336,0.7635,1.00,1.00
2017.02.03 09:47:01.380,0.76338,0.76353,1.37,1.12
2017.02.03 09:47:06.080,0.76339,0.76353,1.37,1.00
2017.02.03 09:47:07.532,0.76339,0.76354,1.37,1.12
2017.02.03 09:47:11.043,0.76339,0.76353,1.37,1.00
2017.02.03 09:47:12.669,0.76339,0.76353,1.00,1.12
2017.02.03 09:47:14.842,0.76338,0.76353,1.12,1.12
2017.02.03 09:47:15.364,0.76336,0.76352,1.37,1.00
2017.02.03 09:47:15.878,0.76336,0.76351,1.37,1.00
2017.02.03 09:47:16.428,0.76338,0.76352,1.12,1.00
2017.02.03 09:47:17.783,0.76336,0.7635,1.37,1.00
2017.02.03 09:47:17.833,0.76336,0.7635,1.12,1.12
2017.02.03 09:47:18.013,0.76336,0.76352,1.12,1.12
2017.02.03 09:47:18.878,0.76337,0.76351,1.00,1.00
2017.02.03 09:47:19.421,0.76336,0.76351,1.12,1.00
2017.02.03 09:47:19.572,0.76334,0.76349,1.37,1.00
2017.02.03 09:47:19.894,0.76332,0.76346,1.37,1.00
2017.02.03 09:47:19.945,0.76332,0.76346,1.37,1.00
2017.02.03 09:47:20.465,0.76332,0.76346,1.00,1.00
2017.02.03 09:47:20.970,0.76331,0.76345,1.00,1.00
2017.02.03 09:47:21.672,0.76331,0.76347,1.37,1.37
2017.02.03 09:47:22.247,0.76333,0.76347,1.00,1.00
2017.02.03 09:47:22.671,0.76331,0.76345,1.37,1.00
2017.02.03 09:47:22.751,0.76329,0.76344,1.37,1.00
2017.02.03 09:47:23.263,0.76329,0.76345,1.37,1.12
2017.02.03 09:47:24.002,0.76329,0.76345,1.12,1.12
2017.02.03 09:47:24.788,0.76329,0.76345,1.37,1.37
2017.02.03 09:47:26.151,0.76328,0.76342,1.37,1.00
2017.02.03 09:47:26.456,0.76327,0.76344,3.00,1.12
2017.02.03 09:47:26.997,0.76327,0.76344,1.37,1.37
2017.02.03 09:47:28.534,0.76328,0.76344,1.37,1.00
2017.02.03 09:47:29.114,0.76328,0.76343,1.37,1.12
2017.02.03 09:47:29.794,0.76327,0.76342,1.37,1.00
2017.02.03 09:47:30.836,0.76328,0.76342,1.12,1.12
2017.02.03 09:47:31.916,0.76327,0.76341,1.12,1.12
2017.02.03 09:47:33.044,0.76327,0.76341,1.37,1.00
2017.02.03 09:47:33.685,0.76327,0.76342,1.37,1.00
2017.02.03 09:47:34.240,0.76327,0.76341,1.37,1.00
2017.02.03 09:47:36.496,0.76327,0.76342,1.37,1.12
2017.02.03 09:47:37.091,0.76327,0.76342,1.37,1.00
2017.02.03 09:47:37.672,0.76328,0.76343,1.37,1.00
2017.02.03 09:47:40.712,0.76328,0.76345,1.37,1.37
2017.02.03 09:47:41.223,0.76328,0.76345,1.37,1.37
2017.02.03 09:47:41.374,0.76327,0.76342,1.00,1.00
2017.02.03 09:47:41.877,0.76326,0.76341,1.37,1.12
2017.02.03 09:47:42.514,0.76326,0.7634,1.37,1.00
2017.02.03 09:47:43.131,0.76326,0.7634,1.12,1.00
2017.02.03 09:47:46.417,0.76326,0.76341,1.12,1.12
2017.02.03 09:47:46.992,0.76325,0.76339,1.37,1.00
2017.02.03 09:47:47.261,0.76324,0.76338,1.00,1.12
2017.02.03 09:47:47.950,0.76324,0.7634,1.37,1.37
2017.02.03 09:47:48.050,0.76323,0.7634,1.12,3.00
2017.02.03 09:47:48.600,0.76321,0.76338,3.00,1.00
2017.02.03 09:47:48.902,0.76322,0.76337,1.37,1.00
2017.02.03 09:47:49.550,0.76322,0.76339,1.37,1.37
2017.02.03 09:47:50.162,0.76324,0.76339,1.12,1.37
2017.02.03 09:47:50.746,0.76324,0.76339,1.12,1.12
2017.02.03 09:47:51.408,0.76324,0.7634,1.37,1.37
2017.02.03 09:47:52.372,0.76324,0.76339,1.12,1.37
2017.02.03 09:47:53.074,0.76324,0.76339,1.12,1.00
2017.02.03 09:47:53.834,0.76323,0.76338,1.37,1.00
2017.02.03 09:47:54.480,0.76325,0.76339,1.12,1.00
2017.02.03 09:47:56.094,0.76324,0.76339,1.12,1.37
2017.02.03 09:47:58.798,0.76324,0.76339,1.37,1.12
2017.02.03 09:47:59.731,0.76324,0.76339,1.00,1.12
2017.02.03 09:48:00.263,0.76324,0.76338,1.00,1.00
2017.02.03 09:48:01.037,0.76324,0.7634,1.37,1.37
2017.02.03 09:48:05.766,0.76327,0.76341,1.00,1.37
2017.02.03 09:48:06.068,0.76331,0.76345,1.00,3.00
2017.02.03 09:48:06.118,0.76331,0.76345,1.00,1.37
2017.02.03 09:48:07.345,0.76328,0.76343,1.37,1.00
2017.02.03 09:48:07.558,0.76328,0.76343,1.12,1.12
2017.02.03 09:48:09.162,0.76327,0.76342,1.37,1.00
2017.02.03 09:48:09.262,0.76325,0.76339,1.37,1.00
2017.02.03 09:48:09.363,0.76325,0.76339,1.37,1.00
2017.02.03 09:48:09.577,0.76325,0.76342,1.37,1.37
2017.02.03 09:48:12.270,0.76326,0.7634,1.37,1.00
2017.02.03 09:48:12.718,0.76324,0.76339,1.37,1.12
2017.02.03 09:48:12.769,0.76322,0.76337,1.12,1.37
2017.02.03 09:48:14.283,0.76322,0.76338,1.12,1.12
2017.02.03 09:48:15.137,0.76322,0.76337,1.12,1.37
2017.02.03 09:48:15.705,0.76322,0.76337,1.37,1.12
2017.02.03 09:48:16.942,0.76322,0.76337,1.12,1.12
2017.02.03 09:48:17.290,0.76322,0.76337,1.00,1.37
2017.02.03 09:48:17.844,0.76321,0.76336,1.00,1.37
2017.02.03 09:48:18.845,0.76321,0.76336,1.12,1.37
2017.02.03 09:48:20.182,0.7632,0.76335,1.12,1.37
2017.02.03 09:48:22.231,0.7632,0.76335,1.00,1.37
2017.02.03 09:48:22.584,0.7632,0.76334,1.12,1.12
2017.02.03 09:48:23.354,0.76321,0.76336,1.00,1.37
2017.02.03 09:48:24.633,0.76321,0.76336,1.00,1.37
2017.02.03 09:48:26.044,0.76321,0.76335,1.00,1.37
2017.02.03 09:48:26.735,0.7632,0.76335,1.12,1.37
2017.02.03 09:48:30.057,0.76321,0.76335,1.00,1.37
2017.02.03 09:48:30.374,0.7632,0.76337,1.37,1.12
2017.02.03 09:48:31.516,0.76322,0.76336,1.00,1.00
2017.02.03 09:48:32.509,0.76321,0.76336,1.12,1.00
2017.02.03 09:48:33.314,0.7632,0.76335,1.37,1.00
2017.02.03 09:48:33.516,0.7632,0.76335,1.37,1.00
2017.02.03 09:48:33.572,0.7632,0.76335,1.12,1.00
2017.02.03 09:48:34.580,0.7632,0.76336,1.37,1.37
2017.02.03 09:48:35.098,0.76319,0.76334,1.37,1.00
2017.02.03 09:48:35.688,0.76318,0.76333,1.37,1.00
2017.02.03 09:48:35.788,0.76319,0.76335,1.37,1.00
2017.02.03 09:48:38.317,0.7632,0.76335,1.37,1.00
2017.02.03 09:48:38.482,0.7632,0.76335,1.37,1.12
2017.02.03 09:48:40.515,0.76318,0.76334,2.25,1.00
2017.02.03 09:48:40.615,0.76315,0.76331,3.75,1.00
2017.02.03 09:48:40.716,0.76315,0.76331,1.37,1.00
2017.02.03 09:48:41.308,0.76315,0.76331,1.12,1.37
2017.02.03 09:48:42.248,0.76316,0.76331,1.00,1.37
2017.02.03 09:48:44.669,0.76314,0.76332,1.37,1.37
2017.02.03 09:48:44.719,0.76312,0.76328,2.25,1.00
2017.02.03 09:48:44.770,0.76313,0.7633,1.37,1.12
2017.02.03 09:48:44.820,0.76313,0.7633,1.37,1.37
2017.02.03 09:48:46.738,0.76312,0.7633,1.37,1.12
2017.02.03 09:48:48.779,0.76313,0.76328,1.37,1.00
2017.02.03 09:48:49.319,0.76314,0.76331,1.37,1.37
2017.02.03 09:48:49.419,0.76314,0.76331,1.37,1.12
2017.02.03 09:48:50.494,0.76315,0.7633,1.37,1.00
2017.02.03 09:48:51.973,0.76315,0.76332,1.37,1.37
2017.02.03 09:48:52.452,0.76314,0.76331,1.37,1.37
2017.02.03 09:48:53.033,0.76314,0.76329,1.12,1.37
2017.02.03 09:48:54.940,0.76314,0.76329,1.12,1.00
2017.02.03 09:48:55.612,0.76314,0.7633,1.37,1.00
2017.02.03 09:48:55.941,0.76318,0.76334,1.00,1.37
2017.02.03 09:48:56.450,0.76318,0.76334,1.12,1.37
2017.02.03 09:48:56.781,0.76315,0.76333,1.37,1.37
2017.02.03 09:48:57.566,0.76314,0.7633,1.37,1.12
2017.02.03 09:48:58.444,0.76314,0.7633,3.00,1.00
2017.02.03 09:48:58.628,0.76315,0.7633,1.12,1.12
2017.02.03 09:48:59.200,0.76315,0.7633,1.37,1.12
2017.02.03 09:49:01.038,0.76317,0.76334,1.37,1.12
2017.02.03 09:49:01.089,0.7632,0.76334,1.00,1.12
2017.02.03 09:49:01.654,0.7632,0.76337,1.37,1.37
2017.02.03 09:49:03.738,0.7632,0.76336,1.12,1.37
2017.02.03 09:49:05.930,0.7632,0.76336,1.12,1.12
2017.02.03 09:49:11.554,0.76319,0.76335,1.37,1.00
2017.02.03 09:49:12.064,0.76321,0.76336,1.00,1.12
2017.02.03 09:49:13.970,0.7632,0.76336,1.12,1.12
2017.02.03 09:49:14.210,0.76319,0.76334,1.37,1.12
2017.02.03 09:49:14.955,0.76319,0.76335,1.37,1.00
2017.02.03 09:49:15.462,0.7632,0.76336,1.12,1.12
2017.02.03 09:49:16.197,0.76321,0.76337,1.00,1.37
2017.02.03 09:49:16.498,0.76325,0.7634,1.37,1.12
2017.02.03 09:49:22.084,0.76323,0.76338,3.00,1.00
2017.02.03 09:49:22.285,0.76322,0.76338,1.37,1.37
2017.02.03 09:49:23.181,0.7632,0.76337,1.37,1.37
2017.02.03 09:49:24.115,0.7632,0.76337,1.37,1.37
2017.02.03 09:49:24.943,0.76325,0.7634,1.00,2.25
2017.02.03 09:49:24.994,0.76327,0.76342,1.00,3.00
2017.02.03 09:49:25.094,0.76328,0.76343,1.12,1.12
2017.02.03 09:49:25.660,0.76328,0.76343,1.37,1.00
2017.02.03 09:49:25.928,0.76327,0.76345,1.37,1.12
2017.02.03 09:49:26.069,0.76327,0.76345,1.37,1.37
2017.02.03 09:49:32.178,0.76327,0.76345,3.00,1.12
2017.02.03 09:49:33.057,0.76329,0.76344,1.37,1.00
2017.02.03 09:49:33.640,0.76328,0.76343,1.37,1.00
2017.02.03 09:49:34.243,0.76328,0.76344,1.37,1.37
2017.02.03 09:49:34.384,0.76328,0.76344,1.00,1.37
2017.02.03 09:49:36.290,0.76328,0.76344,1.00,1.37
2017.02.03 09:49:38.271,0.76329,0.76344,1.00,1.37
2017.02.03 09:49:38.848,0.76328,0.76344,1.00,1.37
2017.02.03 09:49:39.431,0.76327,0.76343,1.12,1.12
2017.02.03 09:49:40.997,0.76328,0.76343,1.12,1.37
2017.02.03 09:49:43.871,0.76327,0.76342,1.12,1.37
2017.02.03 09:49:45.117,0.76324,0.76339,3.00,1.00
2017.02.03 09:49:45.318,0.76322,0.76337,1.87,1.37
2017.02.03 09:49:45.494,0.76322,0.76337,1.00,1.37
2017.02.03 09:49:45.566,0.76322,0.76337,1.00,1.12
2017.02.03 09:49:45.722,0.7632,0.76336,1.37,1.37
2017.02.03 09:49:46.008,0.7632,0.76338,1.37,1.37
2017.02.03 09:49:47.132,0.7632,0.76336,1.12,1.37
2017.02.03 09:49:49.199,0.76322,0.76337,1.00,1.37
2017.02.03 09:49:49.350,0.76322,0.76337,1.12,1.37
2017.02.03 09:49:50.190,0.76323,0.76338,1.00,1.37
2017.02.03 09:49:53.378,0.76322,0.76337,1.00,1.87
2017.02.03 09:49:53.582,0.7632,0.76335,1.12,1.37
2017.02.03 09:49:54.090,0.7632,0.76335,1.00,1.37
2017.02.03 09:49:55.152,0.76319,0.76334,1.12,1.37
2017.02.03 09:49:55.829,0.76318,0.76335,1.12,1.37
2017.02.03 09:49:56.200,0.7632,0.76335,1.00,1.37
2017.02.03 09:49:56.865,0.76322,0.76337,1.00,1.37
2017.02.03 09:49:56.965,0.76322,0.76339,1.37,1.37
2017.02.03 09:49:57.685,0.76324,0.76339,1.00,1.37
2017.02.03 09:49:58.456,0.76323,0.76338,1.12,1.37
2017.02.03 09:49:59.947,0.76322,0.76337,1.00,1.37
2017.02.03 09:50:00.478,0.76323,0.76338,1.00,3.00
2017.02.03 09:50:00.809,0.76322,0.76337,1.37,1.12
2017.02.03 09:50:01.838,0.76321,0.76337,1.37,1.37
2017.02.03 09:50:06.129,0.7632,0.76335,1.37,1.00
2017.02.03 09:50:06.632,0.76321,0.76335,1.12,1.12
2017.02.03 09:50:07.359,0.76321,0.76336,1.37,1.12
2017.02.03 09:50:07.889,0.76321,0.76335,1.12,1.12
2017.02.03 09:50:08.948,0.76322,0.76337,1.12,1.37
2017.02.03 09:50:11.457,0.76323,0.76338,1.00,1.87
2017.02.03 09:50:12.483,0.76323,0.76338,1.12,1.37
2017.02.03 09:50:13.099,0.76322,0.76337,1.12,1.12
2017.02.03 09:50:16.405,0.76322,0.76339,1.12,1.37
2017.02.03 09:50:16.505,0.76324,0.76339,1.00,1.37
2017.02.03 09:50:16.606,0.76326,0.7634,1.00,1.37
2017.02.03 09:50:17.807,0.76326,0.76341,1.12,1.87
2017.02.03 09:50:18.581,0.76325,0.7634,1.12,1.37
2017.02.03 09:50:19.873,0.76326,0.76341,1.00,1.87
2017.02.03 09:50:20.024,0.76327,0.76341,1.12,1.00
2017.02.03 09:50:20.699,0.76326,0.76341,1.37,1.00
2017.02.03 09:50:24.290,0.76326,0.76341,1.12,1.12
2017.02.03 09:50:24.886,0.76327,0.76341,1.00,1.12
2017.02.03 09:50:37.118,0.76326,0.76341,1.37,1.50
2017.02.03 09:50:37.702,0.76327,0.76342,1.37,1.00
2017.02.03 09:50:38.656,0.76327,0.76342,1.00,1.87
2017.02.03 09:50:39.268,0.76327,0.76342,1.37,1.12
2017.02.03 09:50:40.519,0.76327,0.76342,1.00,1.87
2017.02.03 09:50:40.720,0.76327,0.76342,1.00,1.87
2017.02.03 09:50:41.455,0.76328,0.76342,1.00,1.37
2017.02.03 09:50:42.438,0.76327,0.76342,1.00,1.37
2017.02.03 09:50:45.784,0.76326,0.76341,1.12,1.37
2017.02.03 09:50:51.469,0.76325,0.76342,1.00,3.75
2017.02.03 09:50:52.844,0.76325,0.7634,1.00,1.37
2017.02.03 09:50:53.391,0.76326,0.76341,1.00,1.37
2017.02.03 09:51:00.253,0.76327,0.76342,1.00,1.37
2017.02.03 09:51:00.462,0.76327,0.76342,1.00,1.37
2017.02.03 09:51:02.859,0.76327,0.76341,1.00,1.37
2017.02.03 09:51:03.911,0.76326,0.76341,1.00,1.87
2017.02.03 09:51:05.963,0.76326,0.76341,1.12,1.87
2017.02.03 09:51:07.097,0.76324,0.76341,1.12,1.87
2017.02.03 09:51:07.265,0.76324,0.76341,1.00,3.75
2017.02.03 09:51:12.629,0.76325,0.76341,1.00,3.00
2017.02.03 09:51:12.680,0.76325,0.76341,1.12,1.37
2017.02.03 09:51:12.831,0.76327,0.76342,1.00,3.75
2017.02.03 09:51:12.982,0.76327,0.76342,1.00,1.87
2017.02.03 09:51:13.492,0.76327,0.76342,1.00,1.37
2017.02.03 09:51:15.302,0.76329,0.76343,1.00,2.25
2017.02.03 09:51:15.504,0.76331,0.76345,1.00,1.37
2017.02.03 09:51:15.724,0.76332,0.76347,1.00,1.87
2017.02.03 09:51:16.026,0.76334,0.76349,1.00,1.87
2017.02.03 09:51:17.021,0.76335,0.7635,1.00,1.37
2017.02.03 09:51:17.223,0.76333,0.76348,1.12,1.00
2017.02.03 09:51:18.030,0.76329,0.76346,3.75,1.00
2017.02.03 09:51:18.345,0.76329,0.76344,1.12,1.37
2017.02.03 09:51:20.028,0.7633,0.76345,1.00,1.37
2017.02.03 09:51:21.191,0.76329,0.76344,1.12,1.37
2017.02.03 09:51:21.493,0.76332,0.76347,1.00,1.87
2017.02.03 09:51:21.694,0.7633,0.76345,1.12,1.37
2017.02.03 09:51:21.744,0.76332,0.76347,1.00,3.00
2017.02.03 09:51:21.895,0.76332,0.76347,1.12,1.37
2017.02.03 09:51:23.024,0.76331,0.76346,1.12,1.37
2017.02.03 09:51:23.311,0.76333,0.76348,1.00,1.37
2017.02.03 09:51:23.392,0.76333,0.76348,1.00,1.37
2017.02.03 09:51:24.154,0.76332,0.76347,1.12,1.12
2017.02.03 09:51:26.747,0.76331,0.76346,1.12,1.00
2017.02.03 09:51:26.798,0.76331,0.76347,1.00,2.25
2017.02.03 09:51:27.099,0.76332,0.76347,1.12,1.37
2017.02.03 09:51:27.300,0.76332,0.76347,1.00,3.00
2017.02.03 09:51:27.727,0.76331,0.76347,1.00,1.37
2017.02.03 09:51:27.828,0.76331,0.76347,1.00,3.00
2017.02.03 09:51:28.820,0.7633,0.76345,1.00,1.12
2017.02.03 09:51:30.350,0.76329,0.76345,1.12,1.12
2017.02.03 09:51:30.685,0.7633,0.76347,1.00,3.00
2017.02.03 09:51:30.736,0.7633,0.76347,1.12,1.37
2017.02.03 09:51:31.148,0.7633,0.76345,1.00,1.37
2017.02.03 09:51:31.537,0.76326,0.76341,1.37,1.00
2017.02.03 09:51:31.859,0.76329,0.76344,1.00,2.25
2017.02.03 09:51:31.910,0.76329,0.76346,1.37,1.37
2017.02.03 09:51:33.319,0.76329,0.76344,1.37,1.00
2017.02.03 09:51:33.859,0.7633,0.76345,1.12,1.37
2017.02.03 09:51:34.022,0.76331,0.76346,1.00,1.00
2017.02.03 09:51:35.650,0.76331,0.76345,1.00,1.00
2017.02.03 09:51:36.157,0.76331,0.76346,1.00,1.12
2017.02.03 09:51:36.822,0.7633,0.76345,1.12,1.00
2017.02.03 09:51:39.169,0.76328,0.76345,1.37,1.12
2017.02.03 09:51:44.997,0.7633,0.76344,1.00,1.00
2017.02.03 09:51:45.661,0.76329,0.76344,1.12,1.00
2017.02.03 09:51:46.389,0.76329,0.76343,1.00,1.00
2017.02.03 09:51:47.219,0.76328,0.76343,1.12,1.00
2017.02.03 09:51:47.471,0.76328,0.76343,1.00,1.37
2017.02.03 09:51:48.117,0.76328,0.76342,1.00,1.00
2017.02.03 09:51:48.841,0.76327,0.76342,1.00,1.12
2017.02.03 09:51:53.540,0.76327,0.76342,1.00,1.37
2017.02.03 09:51:55.443,0.76327,0.76342,1.12,1.37
2017.02.03 09:51:56.643,0.76327,0.76342,1.00,1.37
2017.02.03 09:51:57.810,0.76326,0.76341,1.12,1.37
2017.02.03 09:52:03.856,0.76326,0.76343,1.37,1.37
2017.02.03 09:52:04.423,0.76329,0.76344,1.00,3.00
2017.02.03 09:52:04.474,0.76329,0.76344,1.12,1.37
2017.02.03 09:52:04.575,0.7633,0.76345,1.00,1.12
2017.02.03 09:52:04.696,0.76329,0.76344,1.12,1.37
2017.02.03 09:52:04.947,0.76327,0.76342,1.12,1.00
2017.02.03 09:52:04.998,0.76327,0.76342,1.00,1.37
2017.02.03 09:52:05.315,0.76327,0.76342,1.37,1.12
2017.02.03 09:52:05.366,0.76327,0.76342,1.00,1.37
2017.02.03 09:52:05.698,0.76325,0.76342,1.12,1.37
2017.02.03 09:52:06.365,0.76325,0.76342,1.37,1.37
2017.02.03 09:52:07.233,0.76327,0.76343,1.00,2.25
2017.02.03 09:52:07.333,0.76329,0.76344,1.12,1.37
2017.02.03 09:52:15.906,0.7633,0.76345,1.00,1.37
2017.02.03 09:52:16.474,0.7633,0.76344,1.00,1.37
2017.02.03 09:52:17.275,0.7633,0.76344,1.00,1.37
2017.02.03 09:52:21.516,0.76329,0.76344,1.00,1.37
2017.02.03 09:52:22.728,0.76329,0.76344,1.00,1.37
2017.02.03 09:52:23.217,0.76327,0.76344,1.12,3.37
2017.02.03 09:52:23.418,0.76327,0.76342,1.00,3.00
2017.02.03 09:52:23.470,0.76325,0.7634,1.00,1.37
2017.02.03 09:52:23.734,0.76327,0.76341,1.00,1.50
2017.02.03 09:52:23.834,0.76325,0.7634,1.12,1.12
2017.02.03 09:52:24.709,0.76325,0.76339,1.00,1.00
2017.02.03 09:52:25.907,0.76326,0.7634,1.00,1.37
2017.02.03 09:52:27.493,0.76326,0.7634,1.00,1.12
2017.02.03 09:52:28.973,0.76326,0.76343,1.37,1.37
2017.02.03 09:52:29.618,0.76327,0.76342,1.00,1.12
2017.02.03 09:52:38.799,0.76326,0.76342,1.00,1.12
2017.02.03 09:52:39.120,0.76325,0.7634,1.12,1.37
2017.02.03 09:52:39.621,0.76327,0.76342,1.12,1.12
2017.02.03 09:52:39.722,0.76327,0.76342,1.37,1.00
2017.02.03 09:52:39.930,0.76326,0.76341,1.37,1.12
2017.02.03 09:52:40.478,0.76326,0.76341,1.00,1.87
2017.02.03 09:52:42.570,0.76327,0.76342,1.00,1.37
2017.02.03 09:52:42.721,0.76327,0.76342,1.12,1.12
2017.02.03 09:52:49.347,0.76328,0.76342,1.00,1.12
2017.02.03 09:52:49.981,0.76328,0.76343,1.37,1.12
2017.02.03 09:52:50.082,0.76331,0.76345,1.00,1.12
2017.02.03 09:52:50.631,0.76331,0.76345,1.00,1.37
2017.02.03 09:52:51.016,0.76328,0.76345,1.37,1.37
2017.02.03 09:52:51.218,0.76327,0.76343,1.12,1.12
2017.02.03 09:52:51.268,0.76327,0.76343,1.12,1.37
2017.02.03 09:52:52.653,0.76327,0.76343,1.37,1.37
2017.02.03 09:52:53.174,0.76328,0.76342,1.00,1.37
2017.02.03 09:52:53.275,0.76329,0.76344,1.12,1.37
2017.02.03 09:52:54.115,0.76329,0.76344,1.12,1.12
2017.02.03 09:52:56.117,0.7633,0.76345,1.00,1.37
2017.02.03 09:52:56.483,0.76332,0.76347,1.00,1.37
2017.02.03 09:52:56.583,0.76332,0.76347,1.12,1.00
2017.02.03 09:52:57.091,0.76331,0.76346,1.00,1.12
2017.02.03 09:52:57.725,0.76332,0.76347,1.00,1.37
2017.02.03 09:53:00.462,0.76333,0.76347,1.00,1.37
2017.02.03 09:53:00.663,0.76334,0.76349,1.00,1.12
2017.02.03 09:53:01.533,0.76335,0.7635,1.12,1.00
2017.02.03 09:53:03.660,0.76336,0.76351,1.00,1.12
2017.02.03 09:53:04.184,0.76336,0.76351,1.37,1.12
2017.02.03 09:53:05.175,0.76336,0.7635,1.37,1.00
2017.02.03 09:53:05.376,0.76335,0.7635,1.12,1.37
2017.02.03 09:53:06.457,0.76334,0.76348,1.00,1.00
2017.02.03 09:53:06.959,0.76334,0.76349,1.00,1.87
2017.02.03 09:53:07.515,0.76333,0.76348,1.00,1.37
2017.02.03 09:53:07.589,0.76333,0.76348,1.00,1.12
2017.02.03 09:53:09.745,0.76334,0.76348,1.00,1.12
2017.02.03 09:53:10.259,0.76333,0.76348,1.00,1.37
2017.02.03 09:53:10.831,0.76334,0.76349,1.00,1.37
2017.02.03 09:53:21.375,0.76334,0.76349,1.12,1.37
2017.02.03 09:53:25.318,0.76335,0.7635,1.00,1.37
2017.02.03 09:53:25.419,0.76335,0.7635,1.12,1.12
2017.02.03 09:53:26.066,0.76335,0.7635,1.12,1.37
2017.02.03 09:53:26.712,0.76335,0.7635,1.00,1.37
2017.02.03 09:53:28.819,0.76334,0.7635,1.37,1.87
2017.02.03 09:53:28.970,0.76334,0.76347,1.12,1.00
2017.02.03 09:53:34.495,0.76332,0.76347,1.37,1.12
2017.02.03 09:53:35.290,0.76334,0.76349,1.00,1.87
2017.02.03 09:53:35.747,0.76335,0.7635,1.12,1.87
2017.02.03 09:53:36.703,0.76333,0.76347,1.12,1.00
2017.02.03 09:53:37.293,0.76334,0.7635,1.00,1.37
2017.02.03 09:53:40.718,0.76332,0.76347,1.12,1.00
2017.02.03 09:53:40.928,0.76332,0.76346,1.00,1.37
2017.02.03 09:53:43.120,0.76331,0.76345,1.12,1.12
2017.02.03 09:53:43.422,0.76331,0.76346,1.37,1.50
2017.02.03 09:53:44.117,0.76331,0.76346,1.37,1.87
2017.02.03 09:53:50.159,0.76332,0.76346,1.37,1.50
2017.02.03 09:53:50.907,0.76332,0.76346,1.12,1.87
2017.02.03 09:53:52.465,0.7633,0.76346,1.37,1.37
2017.02.03 09:53:57.138,0.76331,0.76346,1.37,1.00
2017.02.03 09:53:58.581,0.76333,0.76346,1.00,1.00
2017.02.03 09:53:59.558,0.76331,0.76346,1.37,1.00
2017.02.03 09:54:01.583,0.76332,0.76346,1.37,1.00
2017.02.03 09:54:02.049,0.76334,0.76348,1.00,1.87
2017.02.03 09:54:02.204,0.76332,0.76348,1.12,1.12
2017.02.03 09:54:03.872,0.76334,0.76348,1.00,1.12
2017.02.03 09:54:04.688,0.76335,0.76348,1.12,1.00
2017.02.03 09:54:06.339,0.76335,0.7635,1.12,1.37
2017.02.03 09:54:06.641,0.76335,0.7635,1.37,1.00
2017.02.03 09:54:07.251,0.76337,0.76351,1.37,1.00
2017.02.03 09:54:07.502,0.76336,0.76351,1.12,1.87
2017.02.03 09:54:07.553,0.76338,0.76351,1.00,1.12
2017.02.03 09:54:08.101,0.76335,0.76352,1.37,1.00
2017.02.03 09:54:08.643,0.76336,0.76351,1.12,1.87
2017.02.03 09:54:09.174,0.76337,0.76352,1.00,1.37
2017.02.03 09:54:09.701,0.76338,0.76354,1.37,1.87
2017.02.03 09:54:10.469,0.76338,0.76354,1.37,1.87
2017.02.03 09:54:11.279,0.76338,0.76354,1.00,1.87
2017.02.03 09:54:12.051,0.76338,0.76354,1.00,1.87
2017.02.03 09:54:16.121,0.76338,0.76354,1.00,2.62
2017.02.03 09:54:21.012,0.76337,0.76355,1.12,3.00
2017.02.03 09:54:23.406,0.76339,0.76355,1.00,3.75
2017.02.03 09:54:24.592,0.76339,0.76356,1.00,5.47
2017.02.03 09:54:25.293,0.76339,0.76355,1.00,2.25
2017.02.03 09:54:27.194,0.76342,0.76355,1.00,2.25
2017.02.03 09:54:27.545,0.76347,0.76363,1.00,4.50
2017.02.03 09:54:27.917,0.76351,0.76363,1.00,2.25
2017.02.03 09:54:28.017,0.76351,0.76368,1.00,2.25
2017.02.03 09:54:28.068,0.76354,0.76368,1.00,2.25
2017.02.03 09:54:28.219,0.76354,0.7637,1.00,1.87
2017.02.03 09:54:28.699,0.76353,0.76369,1.00,1.37
2017.02.03 09:54:30.319,0.76355,0.7637,1.00,3.00
2017.02.03 09:54:30.520,0.76356,0.76372,1.00,1.37
2017.02.03 09:54:31.059,0.76356,0.76372,1.00,1.37
2017.02.03 09:54:31.899,0.76355,0.76374,1.12,4.35
2017.02.03 09:54:32.868,0.76357,0.76373,1.00,1.37
2017.02.03 09:54:33.633,0.76357,0.76373,1.00,3.00
2017.02.03 09:54:35.159,0.76353,0.76371,1.37,1.37
2017.02.03 09:54:35.460,0.76351,0.76368,1.00,1.87
2017.02.03 09:54:36.401,0.7635,0.76367,1.12,1.87
2017.02.03 09:54:36.452,0.7635,0.76367,1.00,1.87
2017.02.03 09:54:36.789,0.76349,0.76365,1.12,1.37
2017.02.03 09:54:37.584,0.7635,0.76366,1.00,1.37
2017.02.03 09:54:45.251,0.76349,0.76365,1.12,1.37
2017.02.03 09:54:45.826,0.76349,0.76365,1.00,1.37
2017.02.03 09:54:46.028,0.76347,0.76364,1.12,1.37
2017.02.03 09:54:46.861,0.76348,0.76364,1.00,1.87
2017.02.03 09:54:49.098,0.76347,0.76363,1.12,1.87
2017.02.03 09:54:51.028,0.76348,0.76363,1.00,1.87
2017.02.03 09:54:52.037,0.76348,0.76363,1.12,1.87
2017.02.03 09:54:52.438,0.76345,0.7636,2.25,1.50
2017.02.03 09:54:52.539,0.76344,0.76359,1.37,1.87
2017.02.03 09:54:52.589,0.76342,0.76357,2.25,1.00
2017.02.03 09:54:52.640,0.7634,0.76357,3.75,1.00
2017.02.03 09:54:52.841,0.7634,0.76356,1.37,1.37
2017.02.03 09:54:53.770,0.7634,0.76356,1.12,1.12
2017.02.03 09:54:54.121,0.76342,0.76356,1.12,1.12
2017.02.03 09:54:55.448,0.76342,0.76356,1.37,1.00
2017.02.03 09:54:57.185,0.76342,0.76358,1.37,1.87
2017.02.03 09:54:59.951,0.76342,0.76358,1.37,1.50
2017.02.03 09:55:01.734,0.76343,0.76359,1.12,1.12
2017.02.03 09:55:02.261,0.76344,0.76359,1.12,1.87
2017.02.03 09:55:05.361,0.76343,0.76358,1.37,1.00
2017.02.03 09:55:05.462,0.76343,0.76358,1.12,1.00
2017.02.03 09:55:09.993,0.76344,0.76358,1.00,1.00
2017.02.03 09:55:10.967,0.76344,0.76359,1.37,1.87
2017.02.03 09:55:11.784,0.76341,0.76358,1.37,1.37
2017.02.03 09:55:14.577,0.76341,0.76358,1.12,1.12
2017.02.03 09:55:15.788,0.76341,0.76358,1.37,1.37
2017.02.03 09:55:16.969,0.76341,0.76358,1.37,1.37
2017.02.03 09:55:18.097,0.76341,0.76357,1.00,1.37
2017.02.03 09:55:19.111,0.7634,0.76356,1.12,1.37
2017.02.03 09:55:19.895,0.7634,0.76356,1.00,1.37
2017.02.03 09:55:23.068,0.76341,0.76357,1.00,3.00
2017.02.03 09:55:23.118,0.76341,0.76357,1.00,1.37
2017.02.03 09:55:23.619,0.76341,0.76357,1.00,3.00
2017.02.03 09:55:27.509,0.76341,0.76357,1.12,1.37
2017.02.03 09:55:36.431,0.76341,0.76357,1.37,1.37
2017.02.03 09:55:37.055,0.76341,0.76356,1.12,1.37
2017.02.03 09:55:37.832,0.76341,0.76357,1.37,1.37
2017.02.03 09:55:41.296,0.76344,0.76358,1.00,1.37
2017.02.03 09:55:41.447,0.76347,0.76362,1.00,1.37
2017.02.03 09:55:42.290,0.76348,0.76363,1.12,1.87
2017.02.03 09:55:43.039,0.76348,0.76363,1.00,1.87
2017.02.03 09:55:47.547,0.76348,0.76363,1.00,1.87
2017.02.03 09:55:49.487,0.76347,0.76363,1.00,1.87
2017.02.03 09:55:50.733,0.76346,0.76362,1.12,1.12
2017.02.03 09:55:51.073,0.76346,0.76362,1.12,1.37
2017.02.03 09:55:53.970,0.76347,0.76363,1.00,4.12
2017.02.03 09:55:55.873,0.76346,0.76363,1.12,3.00
2017.02.03 09:55:56.820,0.76347,0.76363,1.00,3.00
2017.02.03 09:55:57.637,0.76346,0.76362,1.00,3.00
2017.02.03 09:55:58.180,0.76345,0.76361,1.12,1.37
2017.02.03 09:55:59.350,0.76343,0.76359,1.12,1.12
2017.02.03 09:55:59.583,0.76343,0.76358,1.00,1.37
2017.02.03 09:55:59.734,0.76341,0.76357,1.12,1.37
2017.02.03 09:56:00.125,0.7634,0.76356,1.00,3.00
2017.02.03 09:56:00.636,0.76339,0.76355,1.12,1.37
2017.02.03 09:56:01.256,0.76341,0.76356,1.12,1.37
2017.02.03 09:56:07.498,0.7634,0.76356,1.00,1.37
2017.02.03 09:56:11.077,0.76342,0.76358,1.00,1.87
2017.02.03 09:56:11.407,0.76346,0.76361,1.00,1.37
2017.02.03 09:56:11.471,0.76346,0.76362,1.37,1.37
2017.02.03 09:56:11.621,0.76346,0.76365,2.25,1.12
2017.02.03 09:56:12.007,0.76344,0.76365,2.25,1.37
2017.02.03 09:56:12.773,0.76346,0.76365,2.25,1.37
2017.02.03 09:56:13.056,0.76349,0.76366,1.37,1.00
2017.02.03 09:56:13.601,0.76352,0.76368,1.00,1.37
2017.02.03 09:56:14.124,0.76352,0.76369,1.37,1.87
2017.02.03 09:56:22.923,0.76354,0.76371,1.00,2.25
2017.02.03 09:56:23.023,0.76354,0.7637,1.37,1.37
2017.02.03 09:56:23.552,0.76353,0.76369,1.12,1.37
2017.02.03 09:56:24.100,0.76354,0.76369,1.12,1.37
2017.02.03 09:56:24.405,0.76356,0.76371,1.00,2.25
2017.02.03 09:56:26.313,0.76357,0.76372,1.00,1.37
2017.02.03 09:56:27.183,0.76356,0.76372,1.00,1.37
2017.02.03 09:56:27.729,0.76356,0.76372,1.00,1.37
2017.02.03 09:56:33.099,0.76357,0.76372,1.00,1.37
2017.02.03 09:56:34.613,0.76355,0.76373,1.00,2.62
2017.02.03 09:56:36.050,0.76356,0.76371,1.00,1.37
2017.02.03 09:56:36.894,0.76356,0.76372,1.00,1.37
2017.02.03 09:56:36.944,0.76358,0.76373,1.00,1.87
2017.02.03 09:56:37.549,0.76358,0.76373,1.00,1.37
2017.02.03 09:56:38.677,0.76357,0.76373,1.12,1.37
2017.02.03 09:56:40.063,0.76359,0.76375,1.00,3.00
2017.02.03 09:56:40.230,0.76359,0.76375,1.12,1.37
2017.02.03 09:56:41.021,0.7636,0.76375,1.00,1.37
2017.02.03 09:56:42.036,0.76359,0.76374,1.12,1.37
2017.02.03 09:56:42.618,0.7636,0.76375,1.00,1.37
2017.02.03 09:56:43.090,0.7636,0.76376,1.37,1.37
2017.02.03 09:56:43.788,0.7636,0.76378,1.12,4.50
2017.02.03 09:56:44.511,0.76361,0.76376,1.00,1.37
2017.02.03 09:56:47.588,0.76361,0.76376,1.00,1.37
2017.02.03 09:56:49.620,0.7636,0.76375,1.00,1.37
2017.02.03 09:56:49.965,0.76361,0.76376,1.12,1.37
2017.02.03 09:56:52.531,0.76361,0.76376,1.37,1.12
2017.02.03 09:56:53.050,0.76361,0.76376,1.12,1.37
2017.02.03 09:56:53.675,0.76361,0.76376,1.00,1.37
2017.02.03 09:56:56.015,0.76361,0.76376,1.00,1.37
2017.02.03 09:56:56.716,0.76359,0.76376,1.37,1.87
2017.02.03 09:56:58.320,0.76359,0.76374,1.12,1.37
2017.02.03 09:57:07.275,0.76361,0.76376,1.00,1.37
2017.02.03 09:57:07.476,0.76363,0.76378,1.00,1.87
2017.02.03 09:57:07.577,0.76363,0.76378,1.00,1.87
2017.02.03 09:57:08.418,0.76363,0.76378,1.00,1.87
2017.02.03 09:57:08.926,0.76361,0.76378,1.37,1.87
2017.02.03 09:57:09.505,0.76361,0.76378,1.12,1.87
2017.02.03 09:57:10.030,0.76363,0.76378,1.00,1.87
2017.02.03 09:57:10.956,0.76362,0.76378,1.00,1.37
2017.02.03 09:57:13.605,0.76361,0.76378,1.12,1.37
2017.02.03 09:57:16.470,0.76361,0.76377,1.37,1.37
2017.02.03 09:57:17.698,0.76362,0.76377,1.00,1.00
2017.02.03 09:57:19.020,0.76362,0.76378,1.00,1.87
2017.02.03 09:57:19.385,0.76362,0.76378,1.12,2.62
2017.02.03 09:57:20.198,0.76361,0.76377,1.12,1.12
2017.02.03 09:57:20.500,0.76363,0.76378,1.37,1.12
2017.02.03 09:57:21.003,0.76365,0.7638,1.00,1.37
2017.02.03 09:57:22.267,0.76365,0.7638,1.12,1.37
2017.02.03 09:57:23.084,0.76366,0.76381,1.00,1.37
2017.02.03 09:57:27.019,0.76367,0.76382,1.00,3.00
2017.02.03 09:57:27.220,0.76369,0.76384,1.12,1.12
2017.02.03 09:57:27.736,0.76369,0.76384,1.12,1.37
2017.02.03 09:57:37.096,0.7637,0.76385,1.00,1.37
2017.02.03 09:57:38.663,0.76366,0.76381,1.37,1.00
2017.02.03 09:57:38.764,0.76365,0.76381,1.87,1.12
2017.02.03 09:57:38.864,0.76365,0.76381,1.00,1.37
2017.02.03 09:57:42.509,0.76366,0.76381,1.00,1.37
2017.02.03 09:57:44.098,0.76367,0.76382,1.00,1.37
2017.02.03 09:57:45.060,0.76367,0.76382,1.00,1.37
2017.02.03 09:57:45.262,0.76365,0.76382,1.37,1.12
2017.02.03 09:57:45.362,0.76365,0.76382,1.00,1.37
2017.02.03 09:57:46.066,0.76366,0.76383,1.00,3.75
2017.02.03 09:57:46.611,0.76366,0.76383,1.37,1.37
2017.02.03 09:57:47.166,0.76366,0.76383,1.37,1.37
2017.02.03 09:57:47.736,0.76369,0.76384,1.00,1.37
2017.02.03 09:57:47.994,0.7637,0.76385,1.12,1.37
2017.02.03 09:57:49.653,0.7637,0.76385,1.00,1.37
2017.02.03 09:57:53.640,0.76369,0.76384,1.12,1.37
2017.02.03 09:57:54.245,0.76369,0.76384,1.00,1.37
2017.02.03 09:57:54.396,0.76363,0.76377,1.37,1.00
2017.02.03 09:57:54.497,0.76363,0.76377,1.37,1.00
2017.02.03 09:57:54.597,0.76358,0.76375,1.37,1.87
2017.02.03 09:57:54.648,0.76357,0.76371,2.25,1.00
2017.02.03 09:57:54.698,0.76356,0.76371,3.00,1.00
2017.02.03 09:57:54.890,0.76356,0.76371,1.12,1.37
2017.02.03 09:57:55.371,0.76357,0.76373,1.00,1.12
2017.02.03 09:57:55.496,0.76359,0.76374,1.00,1.37
2017.02.03 09:57:56.869,0.76359,0.76374,1.00,1.37
2017.02.03 09:57:58.006,0.76358,0.76373,1.12,1.37
2017.02.03 09:57:58.561,0.76358,0.76373,1.37,1.12
2017.02.03 09:57:58.900,0.76361,0.76376,1.12,1.37
2017.02.03 09:58:00.706,0.76359,0.76374,1.12,1.12
2017.02.03 09:58:01.028,0.76359,0.76374,1.00,1.37
2017.02.03 09:58:01.556,0.76359,0.76374,1.12,1.37
2017.02.03 09:58:02.774,0.76358,0.76372,1.37,1.00
2017.02.03 09:58:02.999,0.76357,0.76371,1.12,1.12
2017.02.03 09:58:04.001,0.76357,0.76372,1.00,1.37
2017.02.03 09:58:04.628,0.76356,0.76371,1.12,1.37
2017.02.03 09:58:05.690,0.76357,0.76372,1.00,1.37
2017.02.03 09:58:06.710,0.76357,0.76372,1.12,1.00
2017.02.03 09:58:06.761,0.76359,0.76374,1.00,1.37
2017.02.03 09:58:06.912,0.7636,0.76375,1.00,1.12
2017.02.03 09:58:07.458,0.7636,0.76375,1.37,1.12
2017.02.03 09:58:07.558,0.7636,0.76372,1.12,1.12
2017.02.03 09:58:07.710,0.76354,0.76369,1.37,1.00
2017.02.03 09:58:07.810,0.76354,0.76369,1.00,1.37
2017.02.03 09:58:08.105,0.7635,0.76367,1.12,1.37
2017.02.03 09:58:08.309,0.76347,0.76363,1.12,1.37
2017.02.03 09:58:08.634,0.76347,0.76365,3.00,1.12
2017.02.03 09:58:09.175,0.7635,0.76365,1.12,1.00
2017.02.03 09:58:09.707,0.7635,0.76364,1.12,1.12
2017.02.03 09:58:10.210,0.76349,0.76363,1.37,1.00
2017.02.03 09:58:10.727,0.76348,0.76365,1.37,1.37
2017.02.03 09:58:15.325,0.76349,0.76366,1.12,3.00
2017.02.03 09:58:15.775,0.76351,0.76365,1.00,1.37
2017.02.03 09:58:16.285,0.7635,0.76364,1.00,1.37
2017.02.03 09:58:16.845,0.76351,0.76366,1.00,3.00
2017.02.03 09:58:18.092,0.7635,0.76365,1.00,1.37
2017.02.03 09:58:18.900,0.7635,0.76367,1.12,1.37
2017.02.03 09:58:19.442,0.76351,0.76367,1.00,1.37
2017.02.03 09:58:19.767,0.76359,0.76374,1.00,1.37
2017.02.03 09:58:25.996,0.76359,0.76374,1.00,1.37
2017.02.03 09:58:27.552,0.76359,0.76374,1.00,1.37
2017.02.03 09:58:29.856,0.76359,0.76374,1.00,1.37
2017.02.03 09:58:30.081,0.76361,0.76376,1.00,1.37
2017.02.03 09:58:30.635,0.76361,0.76376,1.00,3.00
2017.02.03 09:58:35.290,0.76361,0.76376,1.12,1.37
2017.02.03 09:58:35.983,0.76362,0.76377,1.00,1.37
2017.02.03 09:58:36.865,0.76362,0.76377,1.00,1.37
2017.02.03 09:58:37.924,0.76361,0.76378,1.00,3.00
2017.02.03 09:58:39.791,0.76363,0.76378,1.00,3.00
2017.02.03 09:58:40.405,0.76362,0.76377,1.00,1.37
2017.02.03 09:58:41.508,0.76361,0.76376,1.00,1.37
2017.02.03 09:58:42.053,0.76362,0.76376,1.00,1.37
2017.02.03 09:58:46.179,0.76362,0.76379,1.00,3.00
2017.02.03 09:58:46.680,0.76361,0.76376,1.00,1.37
2017.02.03 09:58:46.982,0.76359,0.76372,1.00,1.37
2017.02.03 09:58:47.157,0.76356,0.76372,1.00,1.87
2017.02.03 09:58:47.805,0.76356,0.76371,1.00,2.25
2017.02.03 09:58:48.434,0.76355,0.76372,1.00,4.72
2017.02.03 09:58:49.568,0.76357,0.76372,1.00,3.00
2017.02.03 09:58:49.769,0.76358,0.76374,1.00,3.00
2017.02.03 09:58:49.920,0.76359,0.76374,1.00,1.37
2017.02.03 09:58:50.668,0.7636,0.76375,1.00,3.00
2017.02.03 09:58:50.768,0.76358,0.76373,1.12,1.37
2017.02.03 09:58:50.926,0.76358,0.76373,1.00,1.37
2017.02.03 09:58:52.432,0.76357,0.76372,1.00,1.37
2017.02.03 09:58:53.478,0.76357,0.76372,1.00,1.37
2017.02.03 09:58:54.031,0.76358,0.76372,1.00,1.37
2017.02.03 09:58:54.813,0.76358,0.76373,1.00,1.37
2017.02.03 09:58:55.119,0.7636,0.76374,1.00,1.37
2017.02.03 09:58:55.420,0.7636,0.76377,1.00,3.00
2017.02.03 09:58:55.597,0.7636,0.76376,1.00,2.25
2017.02.03 09:58:55.706,0.76358,0.76375,1.00,2.25
2017.02.03 09:58:55.756,0.76363,0.76375,1.00,2.25
2017.02.03 09:58:55.807,0.76358,0.76378,1.37,3.97
2017.02.03 09:58:56.018,0.76361,0.76375,1.00,2.25
2017.02.03 09:58:56.068,0.76359,0.76375,1.00,3.00
2017.02.03 09:58:56.703,0.76358,0.76374,1.00,3.00
2017.02.03 09:58:57.415,0.76357,0.76373,1.00,3.00
2017.02.03 09:58:57.992,0.76358,0.76373,1.00,3.00
2017.02.03 09:58:58.849,0.76359,0.76373,1.00,2.25
2017.02.03 09:59:00.224,0.76358,0.76372,1.00,1.37
2017.02.03 09:59:03.209,0.76358,0.76373,1.00,1.37
2017.02.03 09:59:04.134,0.76359,0.76374,1.00,4.72
2017.02.03 09:59:04.545,0.7636,0.76375,1.00,3.00
2017.02.03 09:59:05.079,0.76361,0.76376,1.00,3.00
2017.02.03 09:59:05.339,0.76359,0.76376,1.12,3.00
2017.02.03 09:59:05.513,0.76359,0.76375,1.00,2.25
2017.02.03 09:59:05.814,0.76358,0.76375,1.00,1.37
2017.02.03 09:59:06.315,0.76358,0.76375,1.00,3.00
2017.02.03 09:59:06.998,0.76359,0.76375,1.00,2.25
2017.02.03 09:59:07.517,0.7636,0.76374,1.00,1.37
2017.02.03 09:59:08.498,0.76359,0.76374,1.00,1.37
2017.02.03 09:59:10.470,0.7636,0.76374,1.00,1.37
2017.02.03 09:59:12.328,0.7636,0.76374,1.00,1.37
2017.02.03 09:59:14.494,0.76359,0.76376,1.12,2.25
2017.02.03 09:59:15.037,0.76362,0.76376,1.12,1.12
2017.02.03 09:59:15.387,0.76364,0.76379,1.00,1.37
2017.02.03 09:59:15.548,0.76362,0.76377,1.12,1.37
2017.02.03 09:59:16.432,0.76363,0.76377,1.00,1.37
2017.02.03 09:59:18.288,0.76362,0.76378,1.00,2.25
2017.02.03 09:59:22.356,0.76361,0.76376,1.00,1.37
2017.02.03 09:59:22.557,0.7636,0.76375,1.00,1.37
2017.02.03 09:59:23.147,0.7636,0.76375,1.12,1.37
2017.02.03 09:59:23.692,0.76361,0.76376,1.00,1.37
2017.02.03 09:59:24.645,0.76362,0.76376,1.00,1.37
2017.02.03 09:59:25.653,0.76363,0.76377,1.00,2.25
2017.02.03 09:59:28.756,0.76364,0.76378,1.00,3.97
2017.02.03 09:59:30.066,0.76363,0.76376,1.00,1.37
2017.02.03 09:59:30.483,0.76363,0.76375,1.00,2.25
2017.02.03 09:59:33.218,0.76362,0.76375,1.00,2.25
2017.02.03 09:59:34.119,0.76363,0.76375,1.00,2.25
2017.02.03 09:59:34.169,0.76363,0.76377,1.00,2.25
2017.02.03 09:59:34.800,0.76363,0.76378,1.00,3.00
2017.02.03 09:59:35.068,0.76362,0.7638,1.00,2.25
2017.02.03 09:59:35.169,0.76364,0.76379,1.00,3.00
2017.02.03 09:59:35.707,0.76363,0.76379,1.00,2.25
2017.02.03 09:59:36.279,0.76364,0.76378,1.00,1.37
2017.02.03 09:59:36.392,0.76362,0.76379,1.00,3.00
2017.02.03 09:59:36.593,0.76362,0.76377,1.00,3.00
2017.02.03 09:59:38.351,0.76361,0.76376,1.00,3.00
2017.02.03 09:59:38.871,0.76361,0.76376,1.00,1.37
2017.02.03 09:59:39.516,0.76362,0.76376,1.00,1.37
2017.02.03 09:59:40.373,0.76362,0.76376,1.00,1.37
2017.02.03 09:59:41.362,0.76361,0.76376,1.00,1.37
2017.02.03 09:59:41.715,0.76363,0.76378,1.12,1.37
2017.02.03 09:59:42.219,0.76363,0.76378,1.00,1.00
2017.02.03 09:59:43.005,0.76363,0.76378,1.00,1.37
2017.02.03 09:59:43.115,0.76363,0.76378,1.00,1.00
2017.02.03 09:59:43.782,0.76364,0.76379,1.00,1.37
2017.02.03 09:59:44.314,0.76364,0.76379,1.12,1.37
2017.02.03 09:59:45.017,0.76364,0.76379,1.37,1.00
2017.02.03 09:59:47.429,0.76366,0.76384,1.12,2.25
2017.02.03 09:59:47.530,0.76366,0.76386,1.37,3.00
2017.02.03 09:59:47.586,0.76366,0.76386,3.00,1.37
2017.02.03 09:59:48.397,0.76366,0.76384,1.37,1.37
2017.02.03 09:59:49.126,0.76366,0.76384,1.00,1.37
2017.02.03 09:59:49.520,0.76364,0.76383,3.00,1.37
2017.02.03 09:59:49.620,0.76364,0.76383,1.37,1.37
2017.02.03 09:59:49.940,0.76364,0.76384,1.37,2.25
2017.02.03 09:59:50.738,0.76364,0.76385,2.25,3.00
2017.02.03 09:59:51.244,0.76363,0.76384,3.00,3.00
2017.02.03 09:59:51.816,0.76363,0.76384,3.75,2.25
2017.02.03 09:59:51.894,0.76363,0.76385,1.87,3.75
2017.02.03 09:59:52.494,0.76363,0.76383,1.37,2.25
2017.02.03 09:59:53.344,0.76364,0.76385,3.00,2.25
2017.02.03 09:59:53.648,0.76369,0.76386,1.00,2.25
2017.02.03 09:59:53.698,0.76369,0.76388,1.12,2.25
2017.02.03 09:59:54.208,0.76369,0.76389,1.12,3.00
2017.02.03 09:59:54.629,0.76365,0.76388,2.25,2.25
2017.02.03 09:59:55.004,0.76364,0.76385,3.22,2.25
2017.02.03 09:59:55.105,0.76368,0.7639,1.67,2.25
2017.02.03 09:59:55.212,0.76369,0.7639,2.25,2.25
2017.02.03 09:59:55.519,0.76365,0.76386,3.00,2.25
2017.02.03 09:59:56.155,0.76366,0.76387,2.25,2.25
2017.02.03 09:59:56.660,0.76368,0.76389,2.25,3.97
2017.02.03 09:59:57.341,0.76367,0.76391,3.97,3.97
2017.02.03 09:59:57.935,0.76368,0.76391,2.25,3.97
2017.02.03 09:59:58.541,0.7637,0.76391,2.25,3.22
2017.02.03 09:59:59.357,0.76369,0.7639,2.25,2.25
