2017.02.28 10:00:00.484,0.76312,0.76328,3.00,1.00
2017.02.28 10:00:00.721,0.7631,0.76327,3.00,1.00
2017.02.28 10:00:00.822,0.7631,0.76327,1.37,1.37
2017.02.28 10:00:00.923,0.7631,0.76327,1.37,1.12
2017.02.28 10:00:01.023,0.7631,0.76327,1.37,1.37
2017.02.28 10:00:01.345,0.7631,0.76328,1.37,1.37
2017.02.28 10:00:01.446,0.7631,0.76329,3.00,1.37
2017.02.28 10:00:01.800,0.76312,0.76331,2.25,1.87
2017.02.28 10:00:02.041,0.76315,0.76332,1.12,1.87
2017.02.28 10:00:02.142,0.76315,0.76334,3.97,1.37
2017.02.28 10:00:02.467,0.76318,0.76335,2.25,2.62
2017.02.28 10:00:03.009,0.76319,0.76337,2.25,1.37
2017.02.28 10:00:03.711,0.76318,0.76336,3.97,1.37
2017.02.28 10:00:03.935,0.76318,0.76335,1.12,1.37
2017.02.28 10:00:04.036,0.76319,0.76337,3.00,1.12
2017.02.28 10:00:04.358,0.76324,0.7634,1.00,2.25
2017.02.28 10:00:04.458,0.76322,0.7634,1.37,1.37
2017.02.28 10:00:04.559,0.76321,0.76336,2.25,1.00
2017.02.28 10:00:04.621,0.76319,0.76336,2.25,1.00
2017.02.28 10:00:04.722,0.76317,0.76335,1.37,1.37
2017.02.28 10:00:05.557,0.76318,0.76334,1.37,1.37
2017.02.28 10:00:05.931,0.76319,0.76336,1.12,1.37
2017.02.28 10:00:05.981,0.76319,0.76336,1.37,1.12
2017.02.28 10:00:07.472,0.76323,0.76337,1.00,1.37
2017.02.28 10:00:07.573,0.76323,0.76338,1.37,1.12
2017.02.28 10:00:07.774,0.76324,0.76339,1.37,1.00
2017.02.28 10:00:08.272,0.76323,0.76337,1.37,1.00
2017.02.28 10:00:08.473,0.76323,0.76337,1.12,1.12
2017.02.28 10:00:08.574,0.76321,0.76335,1.37,1.00
2017.02.28 10:00:08.875,0.76321,0.76335,1.12,1.12
2017.02.28 10:00:09.511,0.7632,0.76334,1.37,1.00
2017.02.28 10:00:09.612,0.76319,0.76336,3.00,1.12
2017.02.28 10:00:09.662,0.76319,0.76334,3.00,1.00
2017.02.28 10:00:10.273,0.76319,0.76333,1.37,1.00
2017.02.28 10:00:10.819,0.76319,0.76333,1.37,1.00
2017.02.28 10:00:11.135,0.76318,0.76335,3.00,1.12
2017.02.28 10:00:11.853,0.76318,0.76335,1.37,1.37
2017.02.28 10:00:13.669,0.7632,0.76334,1.00,1.37
2017.02.28 10:00:14.225,0.7632,0.76334,1.00,1.37
2017.02.28 10:00:14.840,0.76319,0.76334,1.12,1.50
2017.02.28 10:00:15.530,0.76319,0.76334,1.12,1.12
2017.02.28 10:00:16.134,0.7632,0.76334,1.00,1.12
2017.02.28 10:00:17.593,0.7632,0.76335,1.00,1.12
2017.02.28 10:00:18.108,0.76321,0.76335,1.12,1.12
2017.02.28 10:00:18.360,0.76324,0.76338,1.00,1.50
2017.02.28 10:00:18.703,0.7632,0.76335,3.00,1.00
2017.02.28 10:00:18.754,0.76317,0.76331,1.37,1.00
2017.02.28 10:00:18.855,0.76319,0.76333,1.00,1.00
2017.02.28 10:00:20.461,0.76321,0.76336,1.00,1.50
2017.02.28 10:00:20.970,0.76321,0.76336,1.12,1.50
2017.02.28 10:00:21.509,0.76319,0.76334,1.37,1.00
2017.02.28 10:00:21.560,0.76319,0.76334,1.12,1.00
2017.02.28 10:00:21.652,0.76319,0.76334,1.00,1.37
2017.02.28 10:00:22.103,0.76321,0.76335,1.00,1.37
2017.02.28 10:00:22.354,0.76321,0.76337,1.37,1.37
2017.02.28 10:00:22.892,0.76321,0.76335,1.12,1.00
2017.02.28 10:00:23.411,0.7632,0.76337,1.37,1.37
2017.02.28 10:00:25.111,0.7632,0.76335,1.37,1.00
2017.02.28 10:00:25.262,0.76317,0.76334,1.37,1.37
2017.02.28 10:00:25.879,0.76317,0.76334,1.37,1.37
2017.02.28 10:00:26.435,0.76318,0.76335,1.12,1.37
2017.02.28 10:00:26.485,0.76321,0.76336,1.00,1.37
2017.02.28 10:00:26.586,0.76322,0.76337,1.00,1.37
2017.02.28 10:00:27.581,0.76323,0.76337,1.00,1.37
2017.02.28 10:00:28.579,0.76324,0.76339,1.00,3.00
2017.02.28 10:00:28.680,0.76324,0.76341,1.12,3.00
2017.02.28 10:00:29.296,0.76324,0.76341,1.37,1.37
2017.02.28 10:00:30.181,0.76324,0.76339,1.12,1.12
2017.02.28 10:00:30.793,0.76325,0.76339,1.00,1.00
2017.02.28 10:00:31.219,0.76328,0.76343,1.00,3.75
2017.02.28 10:00:31.521,0.76333,0.76347,1.00,3.97
2017.02.28 10:00:31.671,0.76329,0.76344,1.37,1.12
2017.02.28 10:00:31.772,0.76328,0.76343,1.00,1.87
2017.02.28 10:00:32.124,0.7633,0.76344,1.00,2.25
2017.02.28 10:00:32.175,0.7633,0.76345,1.12,1.00
2017.02.28 10:00:32.225,0.76334,0.76349,1.00,3.00
2017.02.28 10:00:32.376,0.76336,0.76352,1.00,3.00
2017.02.28 10:00:32.477,0.76337,0.76353,1.12,1.37
2017.02.28 10:00:32.886,0.76337,0.76353,1.00,1.37
2017.02.28 10:00:33.430,0.76337,0.76353,1.12,1.37
2017.02.28 10:00:34.341,0.76338,0.76353,1.00,1.37
2017.02.28 10:00:36.619,0.7634,0.76356,1.00,3.00
2017.02.28 10:00:36.820,0.76342,0.76357,1.00,1.37
2017.02.28 10:00:36.921,0.76342,0.76357,1.00,1.12
2017.02.28 10:00:37.111,0.76342,0.76357,1.00,1.37
2017.02.28 10:00:37.212,0.76342,0.76357,1.00,1.12
2017.02.28 10:00:37.684,0.76339,0.76357,1.37,1.12
2017.02.28 10:00:38.175,0.76338,0.76356,1.37,1.37
2017.02.28 10:00:38.583,0.76338,0.76354,1.12,1.12
2017.02.28 10:00:39.485,0.76338,0.76354,1.12,1.37
2017.02.28 10:00:40.793,0.76338,0.76354,1.00,1.37
2017.02.28 10:00:41.239,0.76334,0.76352,1.87,1.12
2017.02.28 10:00:41.290,0.76335,0.76352,2.25,1.00
2017.02.28 10:00:41.591,0.76334,0.76352,1.37,1.37
2017.02.28 10:00:43.104,0.76335,0.76352,1.37,1.12
2017.02.28 10:00:43.205,0.76335,0.76352,1.12,1.37
2017.02.28 10:00:43.587,0.76338,0.76353,1.00,3.00
2017.02.28 10:00:43.638,0.76338,0.76353,1.00,1.37
2017.02.28 10:00:44.341,0.76338,0.76355,1.12,1.37
2017.02.28 10:00:47.197,0.76339,0.76353,1.00,1.37
2017.02.28 10:00:49.180,0.76338,0.76352,1.12,1.12
2017.02.28 10:00:49.686,0.76338,0.76352,1.00,1.37
2017.02.28 10:00:50.119,0.76339,0.76353,1.00,1.12
2017.02.28 10:00:51.005,0.76339,0.76353,1.00,1.37
2017.02.28 10:00:51.106,0.76337,0.76352,1.12,1.37
2017.02.28 10:00:51.618,0.76337,0.76351,1.00,1.37
2017.02.28 10:00:52.334,0.76338,0.76352,1.00,1.37
2017.02.28 10:00:54.511,0.76338,0.76352,1.12,1.12
2017.02.28 10:00:55.239,0.76338,0.76353,1.37,1.12
2017.02.28 10:00:55.840,0.76339,0.76353,1.37,1.00
2017.02.28 10:00:55.991,0.76338,0.76352,1.12,1.12
2017.02.28 10:00:56.494,0.76338,0.76352,1.00,1.37
2017.02.28 10:00:56.746,0.7634,0.76354,1.00,1.37
2017.02.28 10:00:59.276,0.76341,0.76356,1.00,2.25
2017.02.28 10:00:59.326,0.76341,0.76357,1.12,1.37
2017.02.28 10:00:59.927,0.76341,0.76357,1.37,1.37
2017.02.28 10:01:01.076,0.7634,0.76355,1.37,1.00
2017.02.28 10:01:01.177,0.76339,0.76353,1.12,1.12
2017.02.28 10:01:01.696,0.76339,0.76353,1.00,1.37
2017.02.28 10:01:04.072,0.76338,0.76353,1.12,1.37
2017.02.28 10:01:04.655,0.76337,0.76352,1.12,1.37
2017.02.28 10:01:05.270,0.76338,0.76352,1.12,1.12
2017.02.28 10:01:07.115,0.76339,0.76353,1.00,1.37
2017.02.28 10:01:07.310,0.76339,0.76354,1.37,1.12
2017.02.28 10:01:10.477,0.76339,0.76356,1.37,1.12
2017.02.28 10:01:10.760,0.76339,0.76354,1.12,1.00
2017.02.28 10:01:11.397,0.76338,0.76353,1.37,1.12
2017.02.28 10:01:11.844,0.76337,0.76354,1.12,1.37
2017.02.28 10:01:12.127,0.76339,0.76353,1.00,1.12
2017.02.28 10:01:12.379,0.76337,0.76352,1.12,1.00
2017.02.28 10:01:12.530,0.76336,0.7635,1.12,1.00
2017.02.28 10:01:13.118,0.76335,0.7635,1.12,1.37
2017.02.28 10:01:19.279,0.76334,0.76351,1.37,1.37
2017.02.28 10:01:20.298,0.76335,0.76349,1.37,1.00
2017.02.28 10:01:20.839,0.76335,0.76349,1.12,1.00
2017.02.28 10:01:21.189,0.76333,0.76348,1.00,1.12
2017.02.28 10:01:21.391,0.76331,0.76346,1.37,1.12
2017.02.28 10:01:21.919,0.76331,0.76346,1.12,1.00
2017.02.28 10:01:22.478,0.76332,0.76346,1.00,1.00
2017.02.28 10:01:23.165,0.76333,0.76347,1.00,1.00
2017.02.28 10:01:23.467,0.76332,0.76346,1.00,1.37
2017.02.28 10:01:24.398,0.7633,0.76347,1.12,1.37
2017.02.28 10:01:24.600,0.76327,0.76343,1.12,1.37
2017.02.28 10:01:25.387,0.7633,0.76344,1.00,2.25
2017.02.28 10:01:25.588,0.76332,0.76347,1.00,1.37
2017.02.28 10:01:26.135,0.76332,0.76347,1.37,1.12
2017.02.28 10:01:26.186,0.76332,0.76347,1.37,1.00
2017.02.28 10:01:26.710,0.76333,0.76347,1.37,1.00
2017.02.28 10:01:27.431,0.76333,0.76347,1.12,1.12
2017.02.28 10:01:27.948,0.76331,0.76345,1.37,1.00
2017.02.28 10:01:27.998,0.76331,0.76345,1.12,1.00
2017.02.28 10:01:28.476,0.76329,0.76344,1.12,1.12
2017.02.28 10:01:29.019,0.76328,0.76344,1.37,1.37
2017.02.28 10:01:29.523,0.76328,0.76344,1.37,1.00
2017.02.28 10:01:29.706,0.76327,0.76342,3.00,1.00
2017.02.28 10:01:30.701,0.76326,0.76341,3.97,1.00
2017.02.28 10:01:30.902,0.76325,0.7634,3.00,1.00
2017.02.28 10:01:31.003,0.76325,0.7634,1.37,1.12
2017.02.28 10:01:39.791,0.76326,0.76341,1.37,1.12
2017.02.28 10:01:40.595,0.76325,0.7634,1.37,1.00
2017.02.28 10:01:40.892,0.76325,0.7634,1.00,1.00
2017.02.28 10:01:41.225,0.76328,0.76342,1.00,1.37
2017.02.28 10:01:41.779,0.76328,0.76342,1.37,1.00
2017.02.28 10:01:42.364,0.76328,0.76343,1.37,1.12
2017.02.28 10:01:43.916,0.76327,0.76342,1.37,1.00
2017.02.28 10:01:44.017,0.76327,0.76342,1.12,1.37
2017.02.28 10:01:44.606,0.76328,0.76343,1.12,1.37
2017.02.28 10:01:45.606,0.76328,0.76343,1.37,1.12
2017.02.28 10:01:48.808,0.76327,0.76344,1.37,1.37
2017.02.28 10:01:51.836,0.76328,0.76342,1.00,1.37
2017.02.28 10:01:52.346,0.76327,0.76341,1.00,1.37
2017.02.28 10:01:53.004,0.76326,0.76341,1.37,1.00
2017.02.28 10:01:53.665,0.76326,0.76343,1.37,1.37
2017.02.28 10:01:54.833,0.76328,0.76343,1.12,1.00
2017.02.28 10:01:55.366,0.76327,0.76342,1.37,1.12
2017.02.28 10:01:59.668,0.76326,0.76341,1.37,1.00
2017.02.28 10:02:00.266,0.76327,0.76341,1.12,1.12
2017.02.28 10:02:02.044,0.76326,0.76342,1.37,1.00
2017.02.28 10:02:02.575,0.76327,0.76343,1.37,1.12
2017.02.28 10:02:04.444,0.76326,0.76341,1.37,1.00
2017.02.28 10:02:04.759,0.76326,0.76343,1.37,1.50
2017.02.28 10:02:04.859,0.76325,0.76339,1.37,1.00
2017.02.28 10:02:05.243,0.76326,0.76341,1.37,1.12
2017.02.28 10:02:05.294,0.76326,0.76341,1.37,1.00
2017.02.28 10:02:05.802,0.76326,0.76342,1.37,1.00
2017.02.28 10:02:05.953,0.76326,0.76341,1.12,1.12
2017.02.28 10:02:06.538,0.76326,0.76341,1.37,1.00
2017.02.28 10:02:07.288,0.76327,0.76342,1.37,1.12
2017.02.28 10:02:09.381,0.76326,0.76342,1.37,1.12
2017.02.28 10:02:09.593,0.76326,0.76342,1.37,1.00
2017.02.28 10:02:11.312,0.76326,0.76343,1.37,1.12
2017.02.28 10:02:14.093,0.76326,0.76341,1.37,1.00
2017.02.28 10:02:14.394,0.76325,0.7634,1.12,1.37
2017.02.28 10:02:14.923,0.76325,0.7634,1.37,1.12
2017.02.28 10:02:15.457,0.76326,0.76341,1.87,1.12
2017.02.28 10:02:16.712,0.76327,0.76341,1.37,1.00
2017.02.28 10:02:19.929,0.76324,0.76341,3.00,1.12
2017.02.28 10:02:20.459,0.76324,0.7634,1.37,1.00
2017.02.28 10:02:21.071,0.76325,0.76341,1.37,1.12
2017.02.28 10:02:22.448,0.76327,0.76341,1.00,1.12
2017.02.28 10:02:23.992,0.76326,0.76341,1.12,1.12
2017.02.28 10:02:25.589,0.76326,0.76343,1.37,1.37
2017.02.28 10:02:30.289,0.76329,0.76343,1.00,1.37
2017.02.28 10:02:30.800,0.76326,0.76343,1.37,1.37
2017.02.28 10:02:35.139,0.76328,0.76343,1.00,1.37
2017.02.28 10:02:35.809,0.76328,0.76343,1.12,1.37
2017.02.28 10:02:35.960,0.7633,0.76344,1.00,1.37
2017.02.28 10:02:36.484,0.7633,0.76344,1.00,1.37
2017.02.28 10:02:36.795,0.76329,0.76343,1.00,1.37
2017.02.28 10:02:37.477,0.76328,0.76342,1.00,1.37
2017.02.28 10:02:37.989,0.76326,0.76342,1.12,1.37
2017.02.28 10:02:38.791,0.76326,0.76343,1.37,1.37
2017.02.28 10:02:39.749,0.76329,0.76343,1.00,1.37
2017.02.28 10:02:39.950,0.76329,0.76345,1.37,1.12
2017.02.28 10:02:40.152,0.76329,0.76344,1.37,1.00
2017.02.28 10:02:40.253,0.76329,0.76343,1.12,1.00
2017.02.28 10:02:40.561,0.76329,0.76343,1.00,1.37
2017.02.28 10:02:41.106,0.76328,0.76342,1.00,1.37
2017.02.28 10:02:41.725,0.76329,0.76343,1.00,1.37
2017.02.28 10:02:42.230,0.76328,0.76342,1.00,1.37
2017.02.28 10:02:42.451,0.76329,0.76343,1.00,1.12
2017.02.28 10:02:45.372,0.76328,0.76343,1.00,1.12
2017.02.28 10:02:46.034,0.76329,0.76343,1.00,1.00
2017.02.28 10:02:46.495,0.76331,0.76345,1.00,1.37
2017.02.28 10:02:47.879,0.7633,0.76346,1.12,1.37
2017.02.28 10:02:48.383,0.7633,0.76344,1.00,1.37
2017.02.28 10:02:48.971,0.76329,0.76344,1.12,1.37
2017.02.28 10:02:49.172,0.7633,0.76346,1.37,1.12
2017.02.28 10:02:49.602,0.7633,0.76344,1.37,1.00
2017.02.28 10:02:49.653,0.7633,0.76344,1.12,1.12
2017.02.28 10:02:50.005,0.76332,0.76346,1.00,1.37
2017.02.28 10:02:50.519,0.76332,0.76346,1.12,1.12
2017.02.28 10:02:51.875,0.7633,0.76346,1.37,1.37
2017.02.28 10:02:52.395,0.76332,0.76346,1.00,1.00
2017.02.28 10:02:53.845,0.76332,0.76346,1.37,1.00
2017.02.28 10:02:55.279,0.76333,0.76347,1.37,1.00
2017.02.28 10:02:56.867,0.76333,0.76347,1.12,1.12
2017.02.28 10:02:57.669,0.76333,0.76347,1.37,1.00
2017.02.28 10:02:58.335,0.76333,0.76348,1.37,1.12
2017.02.28 10:03:00.496,0.76333,0.76347,1.37,1.00
2017.02.28 10:03:01.305,0.76333,0.76347,1.12,1.12
2017.02.28 10:03:01.601,0.7633,0.76346,1.12,1.37
2017.02.28 10:03:02.107,0.7633,0.76346,1.12,1.37
2017.02.28 10:03:03.405,0.76331,0.76347,1.00,1.37
2017.02.28 10:03:04.860,0.7633,0.76345,1.12,1.37
2017.02.28 10:03:05.065,0.76329,0.76344,1.00,1.37
2017.02.28 10:03:05.570,0.76329,0.76344,1.37,1.12
2017.02.28 10:03:07.003,0.76327,0.76344,1.37,1.37
2017.02.28 10:03:07.537,0.76327,0.76344,1.37,1.12
2017.02.28 10:03:08.775,0.76327,0.76344,1.37,1.37
2017.02.28 10:03:10.623,0.76327,0.76344,1.37,1.00
2017.02.28 10:03:11.228,0.76329,0.76343,1.12,1.00
2017.02.28 10:03:18.169,0.76331,0.76345,1.00,1.12
2017.02.28 10:03:18.924,0.76329,0.76345,1.37,1.00
2017.02.28 10:03:19.596,0.7633,0.76344,1.37,1.00
2017.02.28 10:03:19.647,0.76329,0.76347,1.37,1.12
2017.02.28 10:03:19.880,0.7633,0.76345,1.12,1.00
2017.02.28 10:03:20.203,0.76329,0.76344,1.00,1.37
2017.02.28 10:03:20.718,0.76328,0.76343,1.00,1.12
2017.02.28 10:03:21.575,0.76327,0.76343,1.12,1.12
2017.02.28 10:03:22.812,0.76328,0.76343,1.00,1.12
2017.02.28 10:03:23.893,0.76329,0.76343,1.00,1.12
2017.02.28 10:03:25.712,0.76328,0.76343,1.12,1.12
2017.02.28 10:03:26.942,0.76328,0.76343,1.37,1.12
2017.02.28 10:03:27.975,0.76328,0.76342,1.37,1.00
2017.02.28 10:03:31.445,0.76328,0.76342,1.12,1.12
2017.02.28 10:03:36.565,0.76327,0.76341,1.37,1.00
2017.02.28 10:03:36.773,0.76325,0.76342,1.12,1.37
2017.02.28 10:03:36.874,0.76325,0.76342,1.12,1.37
2017.02.28 10:03:37.972,0.76325,0.7634,1.00,1.37
2017.02.28 10:03:39.360,0.76325,0.7634,1.12,1.37
2017.02.28 10:03:40.067,0.76326,0.76341,1.00,1.37
2017.02.28 10:03:40.839,0.76327,0.76341,1.00,1.37
2017.02.28 10:03:41.391,0.76326,0.76341,1.00,1.37
2017.02.28 10:03:42.968,0.76326,0.76342,1.12,1.50
2017.02.28 10:03:43.515,0.76326,0.76341,1.12,1.00
2017.02.28 10:03:43.783,0.76328,0.76342,1.00,1.37
2017.02.28 10:03:44.049,0.76328,0.76342,1.00,1.12
2017.02.28 10:03:44.250,0.76328,0.76342,1.00,1.37
2017.02.28 10:03:44.770,0.76327,0.76343,1.12,1.37
2017.02.28 10:03:45.253,0.76326,0.7634,1.00,1.37
2017.02.28 10:03:45.554,0.76324,0.76341,1.37,1.12
2017.02.28 10:03:46.294,0.76325,0.76339,1.12,1.00
2017.02.28 10:03:46.810,0.76326,0.7634,1.12,1.00
2017.02.28 10:03:47.376,0.76326,0.7634,1.00,1.37
2017.02.28 10:03:47.877,0.76325,0.76339,1.00,1.37
2017.02.28 10:03:49.424,0.76324,0.76338,1.12,1.12
2017.02.28 10:03:49.726,0.76326,0.76341,1.00,1.37
2017.02.28 10:03:49.776,0.76326,0.76341,1.37,1.12
2017.02.28 10:03:50.667,0.76326,0.7634,1.37,1.00
2017.02.28 10:03:51.411,0.76326,0.7634,1.00,1.00
2017.02.28 10:03:51.512,0.76323,0.76337,1.37,1.00
2017.02.28 10:03:51.814,0.76324,0.76338,1.00,1.37
2017.02.28 10:03:51.991,0.76324,0.76338,1.12,1.00
2017.02.28 10:03:52.512,0.76325,0.76339,1.12,1.12
2017.02.28 10:03:53.071,0.76325,0.7634,1.00,1.12
2017.02.28 10:03:53.196,0.76325,0.7634,1.00,1.37
2017.02.28 10:03:53.906,0.76325,0.76339,1.00,1.12
2017.02.28 10:03:54.444,0.76324,0.76338,1.00,1.00
2017.02.28 10:03:55.176,0.76323,0.76338,1.12,1.37
2017.02.28 10:03:58.796,0.76322,0.76338,1.00,1.37
2017.02.28 10:04:01.154,0.76324,0.76338,1.00,1.37
2017.02.28 10:04:01.827,0.76324,0.76338,1.00,1.12
2017.02.28 10:04:02.488,0.76325,0.76339,1.00,1.37
2017.02.28 10:04:03.700,0.76324,0.76339,1.00,1.37
2017.02.28 10:04:08.610,0.76323,0.76337,1.37,1.00
2017.02.28 10:04:08.710,0.76322,0.76336,1.12,1.00
2017.02.28 10:04:09.300,0.76321,0.76336,1.12,1.37
2017.02.28 10:04:09.938,0.76321,0.76336,1.37,1.12
2017.02.28 10:04:11.668,0.76321,0.76335,1.37,1.00
2017.02.28 10:04:12.209,0.76321,0.76335,1.00,1.12
2017.02.28 10:04:19.245,0.76319,0.76334,1.00,1.37
2017.02.28 10:04:19.561,0.76321,0.76335,1.00,1.37
2017.02.28 10:04:20.047,0.76321,0.76336,1.12,1.37
2017.02.28 10:04:24.524,0.76319,0.76336,1.37,1.37
2017.02.28 10:04:26.155,0.76322,0.76336,1.00,1.37
2017.02.28 10:04:26.429,0.76322,0.76336,1.12,1.12
2017.02.28 10:04:28.071,0.76321,0.76336,1.12,1.37
2017.02.28 10:04:29.671,0.76323,0.76338,1.00,3.00
2017.02.28 10:04:29.772,0.76324,0.76339,1.00,1.37
2017.02.28 10:04:29.835,0.76324,0.76339,1.37,1.00
2017.02.28 10:04:36.153,0.76324,0.76339,1.12,1.12
2017.02.28 10:04:37.108,0.76324,0.76338,1.12,1.00
2017.02.28 10:04:39.612,0.76324,0.7634,1.12,1.37
2017.02.28 10:04:39.663,0.76324,0.7634,1.37,1.12
2017.02.28 10:04:40.031,0.76324,0.76338,1.37,1.00
2017.02.28 10:04:40.575,0.76325,0.76339,1.12,1.12
2017.02.28 10:04:41.567,0.76323,0.7634,1.12,1.37
2017.02.28 10:04:42.085,0.76324,0.76338,1.00,1.12
2017.02.28 10:04:43.216,0.76325,0.76339,1.00,1.37
2017.02.28 10:04:45.401,0.76324,0.76338,1.00,1.12
2017.02.28 10:04:45.757,0.76323,0.76338,1.00,1.37
2017.02.28 10:04:46.070,0.76321,0.76335,1.12,1.12
2017.02.28 10:04:47.337,0.76321,0.76336,1.12,1.00
2017.02.28 10:04:47.387,0.76323,0.76338,1.00,1.37
2017.02.28 10:04:47.714,0.76325,0.76339,1.00,1.12
2017.02.28 10:04:48.015,0.76323,0.76338,1.12,1.37
2017.02.28 10:04:50.444,0.76324,0.76338,1.00,1.37
2017.02.28 10:04:50.968,0.76325,0.76339,1.12,1.12
2017.02.28 10:04:51.971,0.76325,0.76339,1.00,1.37
2017.02.28 10:04:52.491,0.76324,0.76338,1.12,1.12
2017.02.28 10:04:58.281,0.76323,0.7634,1.12,1.37
2017.02.28 10:04:58.799,0.76324,0.76339,1.00,1.37
2017.02.28 10:05:00.000,0.76324,0.76339,1.00,1.37
2017.02.28 10:05:02.708,0.76322,0.76339,1.37,1.37
2017.02.28 10:05:02.992,0.76326,0.7634,1.00,1.37
2017.02.28 10:05:03.194,0.76328,0.76342,1.12,1.12
2017.02.28 10:05:03.244,0.7633,0.76344,1.00,1.37
2017.02.28 10:05:03.751,0.7633,0.76344,1.00,1.37
2017.02.28 10:05:04.040,0.76327,0.76344,1.12,1.37
2017.02.28 10:05:04.491,0.76327,0.76341,1.12,1.00
2017.02.28 10:05:04.896,0.76327,0.76341,1.00,1.37
2017.02.28 10:05:05.003,0.76327,0.76341,1.00,1.00
2017.02.28 10:05:06.931,0.76327,0.76342,1.00,1.12
2017.02.28 10:05:07.500,0.76327,0.76342,1.00,1.37
2017.02.28 10:05:08.202,0.76327,0.76341,1.12,1.12
2017.02.28 10:05:09.108,0.76327,0.76343,1.37,1.12
2017.02.28 10:05:09.208,0.76327,0.76343,1.12,1.37
2017.02.28 10:05:09.309,0.76326,0.7634,1.37,1.00
2017.02.28 10:05:09.410,0.76324,0.7634,1.37,1.12
2017.02.28 10:05:09.511,0.76324,0.7634,1.00,1.12
2017.02.28 10:05:09.985,0.76327,0.76341,1.00,1.37
2017.02.28 10:05:10.494,0.76327,0.76341,1.12,1.12
2017.02.28 10:05:11.015,0.76326,0.7634,1.00,1.37
2017.02.28 10:05:11.671,0.76325,0.76339,1.12,1.12
2017.02.28 10:05:12.430,0.76325,0.76339,1.37,1.00
2017.02.28 10:05:16.220,0.76325,0.76339,1.12,1.12
2017.02.28 10:05:20.313,0.76322,0.76336,2.25,1.00
2017.02.28 10:05:20.363,0.76321,0.76336,1.37,1.00
2017.02.28 10:05:20.928,0.76322,0.76338,1.00,1.37
2017.02.28 10:05:21.689,0.76321,0.76337,1.12,1.12
2017.02.28 10:05:24.991,0.76321,0.76336,1.12,1.00
2017.02.28 10:05:25.497,0.76322,0.76337,1.00,1.12
2017.02.28 10:05:26.041,0.76324,0.76339,1.00,1.37
2017.02.28 10:05:26.243,0.76324,0.76339,1.00,1.00
2017.02.28 10:05:26.922,0.76324,0.76339,1.12,1.37
2017.02.28 10:05:27.739,0.76323,0.76338,1.12,1.00
2017.02.28 10:05:28.277,0.76324,0.76338,1.37,1.00
2017.02.28 10:05:28.783,0.76324,0.76338,1.12,1.00
2017.02.28 10:05:29.516,0.76323,0.76337,1.37,1.00
2017.02.28 10:05:30.165,0.76322,0.76337,1.37,1.12
2017.02.28 10:05:30.768,0.76322,0.76338,1.37,1.00
2017.02.28 10:05:30.969,0.76324,0.76339,1.37,1.12
2017.02.28 10:05:34.607,0.76322,0.76337,1.37,1.00
2017.02.28 10:05:34.758,0.76322,0.76337,1.12,1.12
2017.02.28 10:05:35.274,0.76322,0.76337,1.37,1.12
2017.02.28 10:05:35.852,0.76323,0.76338,1.37,1.12
2017.02.28 10:05:36.326,0.76322,0.76337,1.12,1.12
2017.02.28 10:05:36.454,0.76322,0.76337,1.00,1.37
2017.02.28 10:05:37.758,0.76322,0.76337,1.12,1.12
2017.02.28 10:05:38.266,0.76322,0.76337,1.37,1.12
2017.02.28 10:05:38.847,0.76322,0.76337,1.12,1.37
2017.02.28 10:05:39.192,0.76324,0.76338,1.00,1.37
2017.02.28 10:05:39.393,0.76324,0.76339,1.12,1.37
2017.02.28 10:05:40.512,0.76323,0.76337,1.37,1.00
2017.02.28 10:05:41.017,0.76323,0.76338,1.00,1.37
2017.02.28 10:05:41.067,0.76323,0.76338,1.37,1.00
2017.02.28 10:05:41.369,0.76323,0.76338,1.12,1.00
2017.02.28 10:05:42.450,0.76322,0.76337,1.12,1.00
2017.02.28 10:05:46.295,0.76323,0.76337,1.00,1.00
2017.02.28 10:05:49.412,0.76322,0.76336,1.37,1.00
2017.02.28 10:05:49.587,0.76322,0.76336,1.12,1.00
2017.02.28 10:05:50.380,0.76322,0.76337,1.37,1.12
2017.02.28 10:05:54.825,0.76322,0.76336,1.37,1.00
2017.02.28 10:05:55.208,0.76321,0.76336,1.12,1.12
2017.02.28 10:05:55.717,0.76322,0.76336,1.12,1.12
2017.02.28 10:05:56.218,0.76322,0.76338,1.37,1.37
2017.02.28 10:05:56.757,0.76323,0.76339,1.12,1.37
2017.02.28 10:05:56.908,0.76323,0.76339,1.37,1.12
2017.02.28 10:05:57.433,0.76322,0.76339,1.37,1.37
2017.02.28 10:05:59.997,0.76324,0.76338,1.37,1.00
2017.02.28 10:06:00.148,0.76326,0.76341,1.37,1.12
2017.02.28 10:06:00.687,0.76325,0.7634,1.37,1.00
2017.02.28 10:06:01.255,0.76325,0.7634,1.37,1.12
2017.02.28 10:06:01.887,0.76326,0.76342,1.37,1.37
2017.02.28 10:06:02.866,0.76324,0.7634,1.37,1.00
2017.02.28 10:06:03.025,0.76324,0.7634,1.37,1.37
2017.02.28 10:06:03.627,0.76324,0.7634,1.12,1.37
2017.02.28 10:06:04.335,0.76324,0.76339,1.37,1.00
2017.02.28 10:06:04.907,0.76325,0.76339,1.12,1.12
2017.02.28 10:06:06.122,0.76322,0.76336,3.75,1.00
2017.02.28 10:06:06.324,0.7632,0.76333,1.37,1.00
2017.02.28 10:06:06.475,0.76319,0.76333,1.12,1.00
2017.02.28 10:06:07.139,0.7632,0.76335,1.00,1.37
2017.02.28 10:06:07.317,0.76322,0.76338,1.00,3.75
2017.02.28 10:06:07.511,0.76322,0.76338,1.00,1.37
2017.02.28 10:06:07.820,0.76319,0.76336,1.87,1.37
2017.02.28 10:06:08.202,0.76321,0.76337,1.37,1.37
2017.02.28 10:06:08.750,0.76321,0.76339,1.37,1.37
2017.02.28 10:06:09.359,0.76323,0.76338,1.37,1.12
2017.02.28 10:06:10.617,0.76323,0.76338,1.00,1.00
2017.02.28 10:06:11.417,0.76323,0.76337,1.00,1.00
2017.02.28 10:06:11.956,0.7632,0.76336,1.37,1.12
2017.02.28 10:06:12.823,0.76319,0.76335,1.87,1.12
2017.02.28 10:06:13.623,0.76319,0.76334,1.87,1.00
2017.02.28 10:06:13.859,0.76319,0.76333,1.12,1.00
2017.02.28 10:06:14.010,0.76316,0.7633,1.37,1.00
2017.02.28 10:06:14.060,0.76316,0.7633,1.12,1.12
2017.02.28 10:06:16.639,0.76314,0.76331,1.37,1.37
2017.02.28 10:06:18.034,0.76315,0.7633,1.37,1.12
2017.02.28 10:06:18.966,0.76315,0.76329,1.37,1.00
2017.02.28 10:06:19.634,0.76316,0.76331,1.12,1.37
2017.02.28 10:06:20.350,0.76315,0.7633,1.00,1.37
2017.02.28 10:06:20.918,0.76313,0.7633,1.37,1.12
2017.02.28 10:06:20.968,0.76313,0.7633,1.37,1.37
2017.02.28 10:06:22.581,0.76314,0.76329,1.12,1.12
2017.02.28 10:06:28.177,0.76314,0.76329,1.12,1.37
2017.02.28 10:06:28.741,0.76314,0.76329,1.37,1.12
2017.02.28 10:06:33.603,0.76313,0.7633,1.87,1.37
2017.02.28 10:06:35.059,0.76314,0.76328,1.00,1.37
2017.02.28 10:06:38.958,0.76314,0.76328,1.00,1.00
2017.02.28 10:06:40.400,0.76314,0.76329,1.00,1.00
2017.02.28 10:06:41.044,0.76314,0.7633,1.00,1.35
2017.02.28 10:06:42.434,0.76314,0.76329,1.00,1.00
2017.02.28 10:06:45.373,0.76315,0.76329,1.00,1.00
2017.02.28 10:06:45.881,0.76316,0.76331,1.00,1.12
2017.02.28 10:06:46.708,0.76317,0.76332,1.00,1.37
2017.02.28 10:06:47.917,0.76316,0.76331,1.00,1.12
2017.02.28 10:06:48.786,0.76316,0.76331,1.37,1.12
2017.02.28 10:06:49.426,0.76316,0.76332,1.37,1.12
2017.02.28 10:06:50.979,0.76317,0.76331,1.37,1.00
2017.02.28 10:06:51.675,0.76317,0.76332,1.37,1.12
2017.02.28 10:06:52.636,0.76318,0.76333,1.00,1.37
2017.02.28 10:06:53.027,0.76319,0.76333,1.00,1.37
2017.02.28 10:06:53.626,0.76319,0.76333,1.12,1.12
2017.02.28 10:06:54.205,0.76317,0.76334,1.12,1.37
2017.02.28 10:06:54.974,0.76317,0.76334,1.12,1.37
2017.02.28 10:06:55.497,0.76317,0.76332,1.12,1.00
2017.02.28 10:06:56.015,0.76317,0.76331,1.00,1.12
2017.02.28 10:06:56.341,0.76318,0.76332,1.00,1.72
2017.02.28 10:06:56.391,0.76316,0.76331,1.00,1.37
2017.02.28 10:06:56.955,0.76314,0.76331,1.37,1.37
2017.02.28 10:07:00.545,0.76314,0.76329,1.12,1.37
2017.02.28 10:07:00.814,0.76313,0.76328,1.00,1.37
2017.02.28 10:07:01.318,0.76313,0.76328,1.12,1.37
2017.02.28 10:07:03.151,0.76312,0.76329,1.12,1.37
2017.02.28 10:07:08.399,0.76314,0.76329,1.00,1.37
2017.02.28 10:07:08.550,0.76314,0.76329,1.12,1.12
2017.02.28 10:07:09.192,0.76314,0.76329,1.12,1.37
2017.02.28 10:07:15.174,0.76312,0.76329,1.37,1.37
2017.02.28 10:07:16.270,0.76312,0.76327,1.00,1.12
2017.02.28 10:07:19.899,0.76309,0.76323,1.37,1.00
2017.02.28 10:07:20.070,0.76307,0.76322,1.37,1.00
2017.02.28 10:07:20.610,0.76306,0.76321,1.37,1.00
2017.02.28 10:07:20.710,0.76306,0.76323,1.37,1.12
2017.02.28 10:07:20.761,0.76306,0.76321,1.00,1.12
2017.02.28 10:07:21.300,0.76306,0.76321,1.00,1.37
2017.02.28 10:07:21.895,0.76305,0.7632,1.00,1.12
2017.02.28 10:07:24.857,0.76305,0.7632,1.00,1.37
2017.02.28 10:07:26.225,0.76303,0.7632,1.12,1.37
2017.02.28 10:07:26.326,0.76305,0.7632,1.00,1.37
2017.02.28 10:07:26.684,0.76305,0.7632,1.37,1.12
2017.02.28 10:07:28.763,0.76305,0.7632,1.12,1.37
2017.02.28 10:07:29.277,0.76304,0.76319,1.00,1.12
2017.02.28 10:07:31.685,0.76304,0.76319,1.37,1.12
2017.02.28 10:07:38.384,0.76304,0.76319,1.12,1.37
2017.02.28 10:07:43.742,0.76305,0.7632,1.00,1.37
2017.02.28 10:07:44.251,0.76305,0.7632,1.12,1.37
2017.02.28 10:07:46.916,0.76303,0.76318,1.37,1.00
2017.02.28 10:07:47.017,0.76303,0.76318,1.00,1.37
2017.02.28 10:07:48.083,0.76302,0.76317,1.12,1.37
2017.02.28 10:07:50.635,0.76303,0.76318,1.00,1.37
2017.02.28 10:07:51.183,0.76303,0.76318,1.12,1.37
2017.02.28 10:07:59.449,0.76304,0.76319,1.00,1.37
2017.02.28 10:07:59.550,0.76304,0.76319,1.37,1.12
2017.02.28 10:08:00.535,0.76304,0.76319,1.12,1.37
2017.02.28 10:08:07.665,0.76303,0.76318,1.00,1.12
2017.02.28 10:08:08.763,0.76303,0.76318,1.12,1.37
2017.02.28 10:08:09.001,0.763,0.76315,3.00,1.00
2017.02.28 10:08:09.051,0.763,0.76315,1.12,1.37
2017.02.28 10:08:09.606,0.76298,0.76315,1.37,1.37
2017.02.28 10:08:10.353,0.76297,0.76314,1.12,1.75
2017.02.28 10:08:12.085,0.76297,0.76314,1.12,1.37
2017.02.28 10:08:12.186,0.76297,0.76314,1.12,1.37
2017.02.28 10:08:12.565,0.76296,0.76311,1.37,1.00
2017.02.28 10:08:12.866,0.76294,0.76309,1.00,1.12
2017.02.28 10:08:13.509,0.76294,0.76309,1.00,1.37
2017.02.28 10:08:14.878,0.76293,0.76308,1.37,1.00
2017.02.28 10:08:16.071,0.76295,0.7631,1.12,1.37
2017.02.28 10:08:16.171,0.76295,0.76311,1.00,2.25
2017.02.28 10:08:16.272,0.76295,0.7631,1.12,1.37
2017.02.28 10:08:16.574,0.76295,0.7631,1.37,1.00
2017.02.28 10:08:17.010,0.76293,0.7631,1.37,1.00
2017.02.28 10:08:17.070,0.76293,0.7631,1.37,1.37
2017.02.28 10:08:17.869,0.76295,0.7631,1.00,1.37
2017.02.28 10:08:18.845,0.76294,0.76309,1.12,1.37
2017.02.28 10:08:20.951,0.76295,0.7631,1.00,1.37
2017.02.28 10:08:21.185,0.76297,0.76312,1.00,1.12
2017.02.28 10:08:21.624,0.76295,0.7631,1.37,1.12
2017.02.28 10:08:22.215,0.76295,0.7631,1.12,1.37
2017.02.28 10:08:23.193,0.76295,0.7631,1.12,1.12
2017.02.28 10:08:23.748,0.76296,0.76311,1.12,1.37
2017.02.28 10:08:25.508,0.76295,0.7631,1.00,1.12
2017.02.28 10:08:25.858,0.76295,0.7631,1.00,1.37
2017.02.28 10:08:26.907,0.76294,0.76309,1.00,1.37
2017.02.28 10:08:28.084,0.76296,0.76311,1.00,3.00
2017.02.28 10:08:28.236,0.76296,0.76312,1.00,1.37
2017.02.28 10:08:28.439,0.76296,0.76311,1.00,1.37
2017.02.28 10:08:29.092,0.76296,0.76311,1.12,1.37
2017.02.28 10:08:30.269,0.76295,0.7631,1.00,1.12
2017.02.28 10:08:30.856,0.76296,0.76311,1.12,1.37
2017.02.28 10:08:31.360,0.76295,0.7631,1.12,1.37
2017.02.28 10:08:32.317,0.76294,0.76309,1.12,1.37
2017.02.28 10:08:39.480,0.76294,0.76311,1.37,1.37
2017.02.28 10:08:39.987,0.76294,0.76311,1.12,1.37
2017.02.28 10:08:42.047,0.76293,0.7631,1.12,3.00
2017.02.28 10:08:44.244,0.76295,0.7631,1.00,3.00
2017.02.28 10:08:44.496,0.76296,0.76311,1.00,1.37
2017.02.28 10:08:45.651,0.76296,0.76311,1.00,1.37
2017.02.28 10:08:46.571,0.76297,0.76312,1.00,3.97
2017.02.28 10:08:47.240,0.76297,0.76312,1.00,2.10
2017.02.28 10:08:47.290,0.76292,0.76303,3.00,1.60
2017.02.28 10:08:47.391,0.76289,0.763,1.37,1.72
2017.02.28 10:08:47.492,0.76289,0.76297,1.00,1.00
2017.02.28 10:08:47.796,0.76282,0.76297,1.00,1.37
2017.02.28 10:08:48.097,0.76282,0.76297,1.00,1.37
2017.02.28 10:08:48.609,0.76282,0.76297,1.00,1.37
2017.02.28 10:08:50.514,0.76283,0.76298,1.00,3.00
2017.02.28 10:08:50.715,0.76284,0.76299,1.00,1.37
2017.02.28 10:08:50.766,0.76286,0.763,1.00,2.25
2017.02.28 10:08:50.917,0.76286,0.76301,1.00,1.37
2017.02.28 10:08:51.018,0.76286,0.76301,1.00,1.12
2017.02.28 10:08:51.068,0.76286,0.76301,1.00,1.37
2017.02.28 10:08:51.591,0.76287,0.76303,1.00,1.37
2017.02.28 10:08:51.790,0.76288,0.76305,1.00,1.37
2017.02.28 10:08:52.595,0.76288,0.76305,1.00,1.37
2017.02.28 10:08:52.860,0.7629,0.76305,1.00,1.37
2017.02.28 10:08:53.521,0.76289,0.76304,1.00,1.37
2017.02.28 10:08:53.890,0.7629,0.76304,1.00,1.12
2017.02.28 10:08:54.478,0.7629,0.76304,1.00,1.37
2017.02.28 10:08:55.028,0.76288,0.76305,1.37,1.37
2017.02.28 10:08:55.330,0.76288,0.76304,1.00,2.25
2017.02.28 10:08:55.832,0.76287,0.76304,1.00,3.00
2017.02.28 10:08:56.354,0.76288,0.76302,1.00,1.37
2017.02.28 10:08:57.151,0.76288,0.76302,1.00,1.00
2017.02.28 10:08:57.957,0.76288,0.76303,1.00,1.12
2017.02.28 10:08:58.332,0.76287,0.76302,1.00,1.37
2017.02.28 10:09:00.502,0.76286,0.76301,1.12,1.37
2017.02.28 10:09:00.898,0.76285,0.76299,1.00,1.37
2017.02.28 10:09:01.638,0.76284,0.76299,1.00,1.37
2017.02.28 10:09:03.265,0.76285,0.763,1.00,3.00
2017.02.28 10:09:04.082,0.76285,0.763,1.00,1.37
2017.02.28 10:09:04.408,0.76285,0.763,1.00,1.12
2017.02.28 10:09:05.814,0.76285,0.763,1.00,1.37
2017.02.28 10:09:06.474,0.76286,0.763,1.00,1.37
2017.02.28 10:09:07.083,0.76285,0.763,1.12,1.37
2017.02.28 10:09:07.690,0.76285,0.763,1.00,1.87
2017.02.28 10:09:09.022,0.76285,0.763,1.12,1.37
2017.02.28 10:09:09.536,0.76286,0.763,1.00,1.37
2017.02.28 10:09:10.105,0.76285,0.763,1.12,1.37
2017.02.28 10:09:10.155,0.76289,0.76302,1.00,2.25
2017.02.28 10:09:10.256,0.76287,0.76303,1.00,1.37
2017.02.28 10:09:10.307,0.76289,0.76303,1.00,1.37
2017.02.28 10:09:10.357,0.76289,0.76303,1.00,1.37
2017.02.28 10:09:10.578,0.76287,0.76302,1.00,1.50
2017.02.28 10:09:10.679,0.76287,0.76302,1.00,1.37
2017.02.28 10:09:10.780,0.76287,0.76302,1.00,1.37
2017.02.28 10:09:11.036,0.76287,0.76302,1.00,1.37
2017.02.28 10:09:11.902,0.76288,0.76302,1.00,1.37
2017.02.28 10:09:12.261,0.76288,0.76302,1.00,1.37
2017.02.28 10:09:12.983,0.76287,0.76301,1.00,1.12
2017.02.28 10:09:13.937,0.76285,0.76302,1.37,1.37
2017.02.28 10:09:16.124,0.76286,0.763,1.12,1.00
2017.02.28 10:09:22.152,0.76284,0.76299,1.37,1.00
2017.02.28 10:09:22.783,0.76286,0.76301,1.12,1.37
2017.02.28 10:09:27.097,0.76284,0.76299,1.37,1.00
2017.02.28 10:09:27.298,0.76283,0.76299,1.12,1.37
2017.02.28 10:09:28.086,0.76284,0.76299,1.00,1.37
2017.02.28 10:09:29.231,0.76286,0.763,1.00,1.37
2017.02.28 10:09:29.697,0.76287,0.76302,1.00,1.37
2017.02.28 10:09:31.560,0.76288,0.76302,1.00,1.37
2017.02.28 10:09:31.680,0.76288,0.76302,1.00,1.00
2017.02.28 10:09:32.241,0.76288,0.76302,1.00,1.37
2017.02.28 10:09:35.001,0.76288,0.76302,1.00,1.12
2017.02.28 10:09:37.542,0.76289,0.76303,1.00,1.37
2017.02.28 10:09:37.794,0.76289,0.76303,1.00,3.00
2017.02.28 10:09:38.054,0.76289,0.76303,1.00,1.37
2017.02.28 10:09:40.004,0.7629,0.76304,1.00,1.37
2017.02.28 10:09:42.187,0.76288,0.76305,1.12,1.37
2017.02.28 10:09:44.683,0.76289,0.76306,1.00,4.72
2017.02.28 10:09:45.122,0.76289,0.76306,1.37,1.37
2017.02.28 10:09:45.673,0.7629,0.76304,1.00,1.37
2017.02.28 10:09:48.199,0.76286,0.76303,1.37,1.12
2017.02.28 10:09:48.300,0.76286,0.76301,1.37,1.00
2017.02.28 10:09:48.451,0.76286,0.76301,1.12,1.00
2017.02.28 10:09:48.813,0.76286,0.76301,1.37,1.00
2017.02.28 10:09:52.205,0.76286,0.76303,1.37,1.87
2017.02.28 10:09:52.689,0.7629,0.76305,1.37,1.12
2017.02.28 10:10:05.608,0.76288,0.76302,1.37,1.00
2017.02.28 10:10:05.709,0.76289,0.76304,3.00,1.00
2017.02.28 10:10:05.849,0.76289,0.76304,1.37,1.00
2017.02.28 10:10:06.409,0.76289,0.76304,1.37,1.00
2017.02.28 10:10:07.556,0.76288,0.76304,1.12,1.00
2017.02.28 10:10:07.784,0.7629,0.76304,1.00,1.00
2017.02.28 10:10:07.970,0.76288,0.76304,1.12,1.00
2017.02.28 10:10:08.105,0.76288,0.76304,1.12,1.37
2017.02.28 10:10:08.858,0.76288,0.76304,1.37,1.37
2017.02.28 10:10:09.430,0.7629,0.76305,1.00,1.37
2017.02.28 10:10:09.560,0.7629,0.76305,1.12,1.12
2017.02.28 10:10:10.237,0.7629,0.76304,1.12,1.00
2017.02.28 10:10:10.750,0.7629,0.76305,1.37,1.12
2017.02.28 10:10:11.258,0.7629,0.76304,1.37,1.00
2017.02.28 10:10:11.768,0.76289,0.76306,1.37,1.37
2017.02.28 10:10:15.343,0.76292,0.76307,1.00,1.37
2017.02.28 10:10:15.594,0.76292,0.76306,1.37,1.00
2017.02.28 10:10:15.700,0.76292,0.76306,1.00,1.37
2017.02.28 10:10:16.309,0.76292,0.76306,1.12,1.12
2017.02.28 10:10:16.449,0.76289,0.76304,3.00,1.00
2017.02.28 10:10:16.701,0.76287,0.76302,1.37,1.12
2017.02.28 10:10:17.228,0.76287,0.76302,1.12,1.37
2017.02.28 10:10:25.708,0.76285,0.76302,1.37,1.37
2017.02.28 10:10:25.795,0.76285,0.76302,1.37,1.12
2017.02.28 10:10:26.665,0.76289,0.76304,1.00,1.37
2017.02.28 10:10:27.003,0.76289,0.76304,1.12,1.12
2017.02.28 10:10:27.627,0.76289,0.76304,1.37,1.12
2017.02.28 10:10:28.154,0.76289,0.76305,1.00,1.12
2017.02.28 10:10:28.954,0.76289,0.76304,1.00,1.00
2017.02.28 10:10:31.236,0.76289,0.76303,1.00,1.00
2017.02.28 10:10:31.745,0.76288,0.76303,1.00,1.00
2017.02.28 10:10:32.255,0.76288,0.76303,1.37,1.12
2017.02.28 10:10:33.641,0.76287,0.76302,1.37,1.00
2017.02.28 10:10:33.808,0.76287,0.76302,1.00,1.00
2017.02.28 10:10:34.964,0.76286,0.76304,1.87,1.37
2017.02.28 10:10:35.015,0.76291,0.76307,1.00,3.75
2017.02.28 10:10:35.216,0.76291,0.76307,1.37,1.12
2017.02.28 10:10:35.724,0.76289,0.76307,2.25,1.37
2017.02.28 10:10:36.433,0.7629,0.76306,1.37,1.37
2017.02.28 10:10:50.245,0.76292,0.76306,1.00,1.37
2017.02.28 10:10:56.478,0.76292,0.76306,1.12,1.12
2017.02.28 10:10:57.076,0.76292,0.76306,1.00,1.37
2017.02.28 10:11:04.761,0.76295,0.76308,1.00,2.25
2017.02.28 10:11:04.913,0.76295,0.76312,1.12,3.00
2017.02.28 10:11:05.468,0.76295,0.76309,1.00,1.37
2017.02.28 10:11:05.991,0.76293,0.76308,1.37,1.12
2017.02.28 10:11:06.400,0.76293,0.76308,1.00,1.37
2017.02.28 10:11:06.980,0.76292,0.76307,1.00,1.37
2017.02.28 10:11:08.518,0.76292,0.76306,1.00,1.37
2017.02.28 10:11:10.720,0.76291,0.76306,1.00,1.37
2017.02.28 10:11:11.272,0.76291,0.76306,1.00,3.00
2017.02.28 10:11:11.608,0.76289,0.76304,1.00,1.37
2017.02.28 10:11:11.659,0.76286,0.76301,1.37,1.12
2017.02.28 10:11:11.809,0.76285,0.763,1.50,1.12
2017.02.28 10:11:12.666,0.76284,0.76299,1.12,1.00
2017.02.28 10:11:13.327,0.76284,0.76299,1.12,1.37
2017.02.28 10:11:13.803,0.76286,0.76301,1.00,1.37
2017.02.28 10:11:13.853,0.76286,0.76301,1.50,1.12
2017.02.28 10:11:14.308,0.76287,0.76302,1.37,1.12
2017.02.28 10:11:16.828,0.76286,0.76301,1.37,1.00
2017.02.28 10:11:16.967,0.76284,0.76301,1.50,1.37
2017.02.28 10:11:17.618,0.76284,0.76301,1.37,1.37
2017.02.28 10:11:18.237,0.76286,0.76301,1.12,1.37
2017.02.28 10:11:18.489,0.76287,0.76302,1.12,1.12
2017.02.28 10:11:19.612,0.76285,0.76302,1.37,1.37
2017.02.28 10:11:20.209,0.76285,0.76302,1.12,1.37
2017.02.28 10:11:21.025,0.76285,0.76302,1.00,1.37
2017.02.28 10:11:21.451,0.76283,0.76297,1.37,1.00
2017.02.28 10:11:21.652,0.7628,0.76295,1.37,1.00
2017.02.28 10:11:21.836,0.7628,0.76295,1.00,1.37
2017.02.28 10:11:22.346,0.7628,0.76295,1.12,1.37
2017.02.28 10:11:22.905,0.76281,0.76296,1.00,1.37
2017.02.28 10:11:23.810,0.7628,0.76295,1.00,1.37
2017.02.28 10:11:24.333,0.76281,0.76296,1.00,1.37
2017.02.28 10:11:25.005,0.76279,0.76296,1.87,1.37
2017.02.28 10:11:25.601,0.76281,0.76296,1.00,3.00
2017.02.28 10:11:25.895,0.76279,0.76295,1.12,1.37
2017.02.28 10:11:26.046,0.76279,0.76294,1.00,1.37
2017.02.28 10:11:26.147,0.7628,0.76295,1.00,1.37
2017.02.28 10:11:26.762,0.7628,0.76295,1.12,1.12
2017.02.28 10:11:26.863,0.76278,0.76292,1.37,1.00
2017.02.28 10:11:27.015,0.76278,0.76292,1.00,1.37
2017.02.28 10:11:27.552,0.76277,0.76291,1.00,1.37
2017.02.28 10:11:28.557,0.76276,0.76291,1.12,1.37
2017.02.28 10:11:29.339,0.76276,0.76291,1.00,1.37
2017.02.28 10:11:30.413,0.76277,0.76291,1.12,1.37
2017.02.28 10:11:30.915,0.76276,0.76293,1.37,3.00
2017.02.28 10:11:34.435,0.76277,0.76291,1.00,1.37
2017.02.28 10:11:34.998,0.76276,0.76291,1.00,1.37
2017.02.28 10:11:35.523,0.76277,0.76292,1.00,3.00
2017.02.28 10:11:36.044,0.76277,0.76292,1.12,1.12
2017.02.28 10:11:36.915,0.76278,0.76293,1.00,1.12
2017.02.28 10:11:37.615,0.76279,0.76293,1.00,1.12
2017.02.28 10:11:37.867,0.76279,0.76295,1.37,1.12
2017.02.28 10:11:38.219,0.76277,0.76292,2.25,1.00
2017.02.28 10:11:38.269,0.76276,0.76292,3.00,1.00
2017.02.28 10:11:38.894,0.76276,0.76292,1.37,1.12
2017.02.28 10:11:40.471,0.76275,0.7629,1.37,1.00
2017.02.28 10:11:40.672,0.76275,0.7629,1.37,1.00
2017.02.28 10:11:47.151,0.76275,0.7629,1.12,1.37
2017.02.28 10:11:47.353,0.76275,0.76292,1.37,1.37
2017.02.28 10:11:47.868,0.76274,0.76289,1.37,1.00
2017.02.28 10:11:48.363,0.76277,0.76292,1.00,1.37
2017.02.28 10:11:48.464,0.76277,0.76292,1.37,1.12
2017.02.28 10:11:54.993,0.76278,0.76293,1.37,1.12
2017.02.28 10:11:55.509,0.76278,0.76292,1.00,1.00
2017.02.28 10:11:56.080,0.76277,0.76292,1.37,1.00
2017.02.28 10:11:56.762,0.76278,0.76293,1.37,1.12
2017.02.28 10:11:57.559,0.76278,0.76292,1.37,1.00
2017.02.28 10:11:58.082,0.76278,0.76293,1.37,1.12
2017.02.28 10:11:59.124,0.76278,0.76292,1.50,1.00
2017.02.28 10:11:59.275,0.76277,0.76292,1.12,1.00
2017.02.28 10:12:00.063,0.76276,0.76291,1.37,1.12
2017.02.28 10:12:00.807,0.76277,0.76292,1.37,1.00
2017.02.28 10:12:01.384,0.76277,0.76292,1.12,1.37
2017.02.28 10:12:01.897,0.76275,0.7629,1.12,1.37
2017.02.28 10:12:02.476,0.76273,0.76289,3.37,1.00
2017.02.28 10:12:02.675,0.76273,0.76289,1.37,1.00
2017.02.28 10:12:03.085,0.76273,0.76287,1.37,1.00
2017.02.28 10:12:03.287,0.76271,0.76287,1.37,1.00
2017.02.28 10:12:03.515,0.76272,0.76288,1.37,1.12
2017.02.28 10:12:04.195,0.76274,0.76289,1.50,1.00
2017.02.28 10:12:05.015,0.76274,0.76289,1.50,1.00
2017.02.28 10:12:06.953,0.76273,0.76288,1.37,1.00
2017.02.28 10:12:07.105,0.76273,0.76288,1.12,1.12
2017.02.28 10:12:07.155,0.76275,0.7629,1.00,1.37
2017.02.28 10:12:07.507,0.76275,0.7629,1.37,1.12
2017.02.28 10:12:08.054,0.76275,0.7629,1.12,1.37
2017.02.28 10:12:09.023,0.76274,0.76289,1.00,1.12
2017.02.28 10:12:09.124,0.76271,0.76286,3.00,1.00
2017.02.28 10:12:09.225,0.76271,0.76285,1.37,1.00
2017.02.28 10:12:09.837,0.76271,0.76285,1.00,1.00
2017.02.28 10:12:10.649,0.76269,0.76286,1.37,1.12
2017.02.28 10:12:11.650,0.7627,0.76284,1.12,1.00
2017.02.28 10:12:12.179,0.7627,0.76285,1.12,1.00
2017.02.28 10:12:12.683,0.76272,0.76286,1.00,1.37
2017.02.28 10:12:13.335,0.76272,0.76286,1.00,1.37
2017.02.28 10:12:13.848,0.76271,0.76288,1.12,1.37
2017.02.28 10:12:14.386,0.76271,0.76286,1.37,1.12
2017.02.28 10:12:14.967,0.76272,0.76287,1.12,1.00
2017.02.28 10:12:16.937,0.76271,0.76286,1.37,1.00
2017.02.28 10:12:17.636,0.76272,0.76287,1.37,1.12
2017.02.28 10:12:24.750,0.76273,0.76288,1.37,1.12
2017.02.28 10:12:25.877,0.76273,0.76289,1.37,1.00
2017.02.28 10:12:26.199,0.76273,0.76287,1.37,1.00
2017.02.28 10:12:26.707,0.76272,0.76287,1.37,1.00
2017.02.28 10:12:27.071,0.76275,0.7629,1.00,1.37
2017.02.28 10:12:27.373,0.76279,0.76293,1.00,1.37
2017.02.28 10:12:27.961,0.76279,0.76293,1.12,1.12
2017.02.28 10:12:28.501,0.76276,0.76293,1.37,1.37
2017.02.28 10:12:30.769,0.76278,0.76292,1.37,1.00
2017.02.28 10:12:31.399,0.76277,0.76294,1.37,1.12
2017.02.28 10:12:34.859,0.76277,0.76294,1.37,1.37
2017.02.28 10:12:36.767,0.76278,0.76292,1.37,1.00
2017.02.28 10:12:37.562,0.76278,0.76292,1.37,1.00
2017.02.28 10:12:38.477,0.76278,0.76294,1.37,1.00
2017.02.28 10:12:38.577,0.7628,0.76295,1.37,1.00
2017.02.28 10:12:39.443,0.76279,0.76294,3.00,1.00
2017.02.28 10:12:39.695,0.76277,0.76291,1.12,1.00
2017.02.28 10:12:40.596,0.76275,0.7629,1.37,1.00
2017.02.28 10:12:41.701,0.76276,0.76291,1.37,1.00
2017.02.28 10:12:41.940,0.76276,0.76293,1.37,1.12
2017.02.28 10:12:42.091,0.76278,0.76293,1.37,1.00
2017.02.28 10:12:42.859,0.76279,0.76293,1.37,1.00
2017.02.28 10:12:45.178,0.76277,0.76291,1.12,1.00
2017.02.28 10:12:47.913,0.76277,0.76291,1.37,1.00
2017.02.28 10:12:47.968,0.76277,0.76291,1.37,1.00
2017.02.28 10:12:48.173,0.76279,0.76294,1.37,1.00
2017.02.28 10:12:48.771,0.7628,0.76294,1.37,1.00
2017.02.28 10:12:49.278,0.7628,0.76295,1.37,1.00
2017.02.28 10:12:51.123,0.7628,0.76295,1.37,1.00
2017.02.28 10:12:51.465,0.7628,0.76295,1.37,1.00
2017.02.28 10:12:55.049,0.76281,0.76295,1.12,1.00
2017.02.28 10:12:55.413,0.76281,0.76295,1.37,1.00
2017.02.28 10:12:59.110,0.76281,0.76296,1.37,1.00
2017.02.28 10:13:00.134,0.7628,0.76296,1.37,1.12
2017.02.28 10:13:00.710,0.7628,0.76296,3.00,1.00
2017.02.28 10:13:03.053,0.7628,0.76296,1.37,1.12
2017.02.28 10:13:06.331,0.76281,0.76296,1.50,1.00
2017.02.28 10:13:06.717,0.76282,0.76296,1.75,1.00
2017.02.28 10:13:07.319,0.76282,0.76297,1.75,1.00
2017.02.28 10:13:10.441,0.76282,0.76297,1.37,1.00
2017.02.28 10:13:10.952,0.76282,0.76296,1.37,1.00
2017.02.28 10:13:16.250,0.76281,0.76296,1.37,1.00
2017.02.28 10:13:17.220,0.76281,0.76295,1.37,1.00
2017.02.28 10:13:19.560,0.76281,0.76297,1.37,1.50
2017.02.28 10:13:20.167,0.76281,0.76296,1.37,1.00
2017.02.28 10:13:20.370,0.76282,0.76297,1.37,1.00
2017.02.28 10:13:21.855,0.76282,0.76297,1.12,1.00
2017.02.28 10:13:22.024,0.76282,0.76297,1.37,1.00
2017.02.28 10:13:22.594,0.76285,0.76301,1.12,1.87
2017.02.28 10:13:22.795,0.76285,0.76301,1.37,1.12
2017.02.28 10:13:23.318,0.76285,0.76301,1.37,1.37
2017.02.28 10:13:25.560,0.76284,0.763,1.37,1.87
2017.02.28 10:13:25.996,0.76284,0.76299,1.00,1.37
2017.02.28 10:13:26.584,0.76284,0.76299,1.12,1.37
2017.02.28 10:13:30.767,0.76283,0.76298,1.00,1.37
2017.02.28 10:13:31.613,0.76281,0.76298,1.37,1.37
2017.02.28 10:13:32.069,0.76281,0.76298,1.00,3.00
2017.02.28 10:13:36.021,0.76281,0.76296,1.12,1.12
2017.02.28 10:13:43.105,0.7628,0.76295,1.37,1.00
2017.02.28 10:13:43.421,0.76279,0.76294,1.12,1.37
2017.02.28 10:13:44.133,0.76279,0.76294,1.37,1.12
2017.02.28 10:13:47.602,0.76278,0.76293,1.37,1.00
2017.02.28 10:13:48.310,0.76276,0.76293,1.37,1.37
2017.02.28 10:13:48.970,0.76276,0.76291,1.37,1.00
2017.02.28 10:13:51.307,0.76275,0.7629,3.00,1.00
2017.02.28 10:13:54.098,0.76276,0.76291,1.37,1.00
2017.02.28 10:13:54.408,0.76279,0.76293,1.00,1.12
2017.02.28 10:13:54.559,0.76279,0.76294,3.00,1.00
2017.02.28 10:13:55.291,0.76279,0.76296,3.00,1.12
2017.02.28 10:13:56.154,0.76279,0.76296,1.37,1.37
2017.02.28 10:13:58.235,0.76279,0.76296,3.00,1.12
2017.02.28 10:13:59.072,0.76281,0.76296,1.37,1.00
2017.02.28 10:14:02.376,0.76282,0.76297,1.37,1.12
2017.02.28 10:14:03.259,0.76281,0.76296,1.37,1.12
2017.02.28 10:14:04.757,0.76282,0.76297,1.37,1.12
2017.02.28 10:14:10.998,0.76282,0.76297,1.12,1.37
2017.02.28 10:14:18.496,0.76282,0.76297,1.37,1.12
2017.02.28 10:14:21.498,0.7628,0.76295,1.37,1.00
2017.02.28 10:14:21.599,0.7628,0.76295,1.37,1.00
2017.02.28 10:14:22.188,0.76281,0.76296,1.12,1.12
2017.02.28 10:14:22.825,0.76281,0.76296,1.37,1.00
2017.02.28 10:14:24.337,0.76282,0.76297,1.12,1.00
2017.02.28 10:14:27.759,0.76283,0.76298,1.00,1.87
2017.02.28 10:14:28.903,0.76282,0.76297,1.00,1.12
2017.02.28 10:14:29.425,0.76282,0.76297,1.00,1.37
2017.02.28 10:14:31.008,0.76282,0.76297,1.00,1.37
2017.02.28 10:14:31.214,0.76282,0.76297,1.00,1.37
2017.02.28 10:14:42.298,0.76283,0.76297,1.00,1.37
2017.02.28 10:14:42.854,0.76283,0.76297,1.00,1.12
2017.02.28 10:14:43.311,0.76281,0.76298,1.12,1.37
2017.02.28 10:14:44.292,0.76283,0.76298,1.00,1.37
2017.02.28 10:14:47.231,0.76284,0.76298,1.00,1.37
2017.02.28 10:14:50.756,0.76284,0.76298,1.12,1.00
2017.02.28 10:14:52.126,0.76285,0.76299,1.00,1.00
2017.02.28 10:14:52.535,0.76286,0.76301,1.37,1.12
2017.02.28 10:14:53.221,0.76287,0.76302,1.37,1.87
2017.02.28 10:14:53.755,0.76289,0.76303,1.00,1.37
2017.02.28 10:14:54.321,0.76289,0.76304,1.12,1.87
2017.02.28 10:14:54.965,0.76289,0.76306,1.37,1.37
2017.02.28 10:14:55.387,0.76289,0.76304,1.00,1.37
2017.02.28 10:14:55.488,0.76289,0.76304,1.12,1.12
2017.02.28 10:14:55.589,0.76289,0.76304,1.37,1.00
2017.02.28 10:14:55.736,0.76289,0.76304,1.12,1.12
2017.02.28 10:14:55.849,0.76289,0.76304,1.37,1.00
2017.02.28 10:14:56.156,0.76288,0.76305,1.37,1.37
2017.02.28 10:14:59.874,0.76289,0.76304,1.12,1.12
2017.02.28 10:15:00.557,0.76288,0.76305,1.00,1.87
2017.02.28 10:15:01.066,0.76288,0.76302,1.00,1.12
2017.02.28 10:15:01.195,0.76288,0.76302,1.00,1.37
2017.02.28 10:15:01.575,0.76288,0.76302,1.00,1.12
2017.02.28 10:15:08.492,0.76287,0.76302,1.12,1.12
2017.02.28 10:15:08.593,0.76284,0.76301,1.87,1.37
2017.02.28 10:15:09.132,0.76285,0.763,1.12,1.37
2017.02.28 10:15:09.819,0.76286,0.76301,1.00,1.37
2017.02.28 10:15:10.324,0.76283,0.763,1.37,1.37
2017.02.28 10:15:13.933,0.76283,0.763,1.37,1.37
2017.02.28 10:15:14.792,0.76283,0.76298,1.12,1.12
2017.02.28 10:15:15.494,0.76283,0.76298,1.00,1.37
2017.02.28 10:15:16.062,0.76283,0.76298,1.12,1.37
2017.02.28 10:15:19.010,0.76282,0.76299,1.12,1.37
2017.02.28 10:15:20.767,0.76284,0.76299,1.00,1.37
2017.02.28 10:15:21.269,0.76283,0.76298,1.12,1.37
2017.02.28 10:15:23.186,0.76282,0.76297,1.00,1.12
2017.02.28 10:15:23.805,0.76282,0.76297,1.00,1.37
2017.02.28 10:15:24.123,0.76283,0.76298,1.12,1.00
2017.02.28 10:15:24.720,0.76284,0.76299,1.00,1.37
2017.02.28 10:15:25.355,0.76283,0.76298,1.00,1.37
2017.02.28 10:15:30.547,0.76283,0.76298,1.00,1.12
2017.02.28 10:15:30.727,0.76283,0.76298,1.00,1.37
2017.02.28 10:15:35.637,0.76283,0.76297,1.00,1.37
2017.02.28 10:15:36.572,0.76283,0.76298,1.00,1.37
2017.02.28 10:15:38.388,0.76284,0.76299,1.00,1.37
2017.02.28 10:15:38.438,0.76282,0.76299,1.12,1.37
2017.02.28 10:15:38.489,0.76282,0.76299,1.37,1.37
2017.02.28 10:15:38.888,0.76282,0.76299,1.12,1.37
2017.02.28 10:15:39.434,0.76283,0.76297,1.00,1.37
2017.02.28 10:15:41.188,0.76283,0.76297,1.00,1.37
2017.02.28 10:15:42.546,0.76286,0.76298,1.00,2.25
2017.02.28 10:15:42.597,0.76286,0.763,1.00,3.00
2017.02.28 10:15:42.698,0.76284,0.76299,1.00,1.37
2017.02.28 10:15:45.092,0.76284,0.763,1.12,1.37
2017.02.28 10:15:45.880,0.76285,0.763,1.00,1.37
2017.02.28 10:15:48.013,0.76285,0.76302,1.00,1.37
2017.02.28 10:15:48.114,0.76285,0.76302,1.00,3.00
2017.02.28 10:15:50.464,0.76284,0.76301,1.12,1.37
2017.02.28 10:15:50.924,0.76282,0.76299,1.00,3.75
2017.02.28 10:15:51.669,0.76284,0.76298,1.00,1.37
2017.02.28 10:15:51.870,0.76281,0.76297,1.00,1.37
2017.02.28 10:15:52.432,0.76282,0.76298,1.00,2.25
2017.02.28 10:15:52.532,0.76284,0.76299,1.00,1.87
2017.02.28 10:15:53.333,0.76281,0.76296,1.37,1.12
2017.02.28 10:15:53.488,0.76281,0.76296,1.00,1.37
2017.02.28 10:15:55.649,0.7628,0.76295,1.12,1.37
2017.02.28 10:15:56.197,0.7628,0.76295,1.00,1.37
2017.02.28 10:15:59.766,0.76281,0.76296,1.00,3.00
2017.02.28 10:15:59.817,0.76281,0.76296,1.00,1.12
2017.02.28 10:15:59.968,0.76283,0.76298,1.00,1.37
2017.02.28 10:16:00.877,0.76284,0.76298,1.00,1.37
2017.02.28 10:16:01.994,0.76285,0.763,1.00,3.75
2017.02.28 10:16:02.145,0.76285,0.763,1.00,2.10
2017.02.28 10:16:02.910,0.76286,0.763,1.00,1.37
2017.02.28 10:16:03.569,0.76285,0.76301,1.00,2.25
2017.02.28 10:16:03.627,0.76287,0.76301,1.00,2.25
2017.02.28 10:16:04.230,0.76287,0.76302,1.00,2.10
2017.02.28 10:16:04.916,0.76287,0.76301,1.00,1.37
2017.02.28 10:16:05.606,0.76287,0.76301,1.00,1.37
2017.02.28 10:16:08.973,0.76286,0.76302,1.00,1.37
2017.02.28 10:16:13.960,0.76286,0.76301,1.00,1.37
2017.02.28 10:16:16.508,0.76287,0.76301,1.00,1.37
2017.02.28 10:16:16.615,0.76285,0.76301,1.12,1.37
2017.02.28 10:16:16.666,0.76285,0.76301,1.37,1.37
2017.02.28 10:16:17.179,0.76287,0.76302,1.00,1.37
2017.02.28 10:16:19.099,0.76285,0.76302,1.00,1.37
2017.02.28 10:16:19.903,0.76286,0.763,1.00,1.37
2017.02.28 10:16:20.160,0.76284,0.76301,1.12,3.00
2017.02.28 10:16:21.171,0.76285,0.76299,1.00,1.37
2017.02.28 10:16:21.724,0.76285,0.76299,1.00,1.12
2017.02.28 10:16:22.167,0.76285,0.76299,1.00,1.37
2017.02.28 10:16:22.706,0.76284,0.76299,1.00,1.12
2017.02.28 10:16:22.908,0.76286,0.76301,1.00,3.00
2017.02.28 10:16:22.958,0.76286,0.763,1.00,1.12
2017.02.28 10:16:23.501,0.76288,0.76302,1.00,1.37
2017.02.28 10:16:23.702,0.76288,0.76302,1.12,1.12
2017.02.28 10:16:24.408,0.76288,0.76303,1.00,1.37
2017.02.28 10:16:27.145,0.76289,0.76303,1.00,1.37
2017.02.28 10:16:29.478,0.76289,0.76301,1.00,2.62
2017.02.28 10:16:29.630,0.76281,0.76302,2.25,3.60
2017.02.28 10:16:30.140,0.76281,0.76302,2.62,3.22
2017.02.28 10:16:31.652,0.76286,0.763,1.00,1.37
2017.02.28 10:16:32.450,0.76286,0.763,1.12,1.12
2017.02.28 10:16:32.962,0.76286,0.763,1.00,1.37
2017.02.28 10:16:33.592,0.76285,0.763,1.37,1.12
2017.02.28 10:16:34.342,0.76285,0.76299,1.37,1.00
2017.02.28 10:16:34.863,0.76285,0.76299,1.12,1.00
2017.02.28 10:16:35.393,0.76285,0.76299,1.00,1.37
2017.02.28 10:16:37.689,0.76285,0.76299,1.00,1.37
2017.02.28 10:16:38.329,0.76284,0.76298,1.00,1.37
2017.02.28 10:16:40.593,0.76283,0.76298,1.12,1.37
2017.02.28 10:16:41.695,0.76283,0.763,1.00,3.00
2017.02.28 10:16:42.210,0.76284,0.76299,1.00,1.37
2017.02.28 10:16:42.775,0.76285,0.763,1.00,1.37
2017.02.28 10:16:43.651,0.76286,0.763,1.00,3.00
2017.02.28 10:16:44.156,0.76286,0.763,1.00,1.37
2017.02.28 10:16:44.601,0.76286,0.76301,1.00,1.37
2017.02.28 10:16:45.383,0.76284,0.76301,1.00,1.37
2017.02.28 10:16:46.077,0.76284,0.76301,1.00,1.37
2017.02.28 10:16:47.615,0.76286,0.763,1.00,1.37
2017.02.28 10:16:48.837,0.76286,0.763,1.00,1.37
2017.02.28 10:16:53.739,0.76286,0.76301,1.00,1.37
2017.02.28 10:16:54.366,0.76287,0.76302,1.00,1.37
2017.02.28 10:16:56.117,0.76288,0.76303,1.00,1.37
2017.02.28 10:16:59.260,0.76287,0.76301,1.00,1.37
2017.02.28 10:16:59.361,0.76285,0.76301,1.12,1.37
2017.02.28 10:16:59.941,0.76285,0.76301,1.37,1.37
2017.02.28 10:17:00.631,0.76286,0.76302,1.37,1.37
2017.02.28 10:17:01.167,0.76286,0.76301,1.12,1.37
2017.02.28 10:17:01.788,0.76286,0.76301,1.00,1.37
2017.02.28 10:17:02.316,0.76287,0.76301,1.00,1.37
2017.02.28 10:17:03.826,0.76288,0.76302,1.00,1.37
2017.02.28 10:17:04.067,0.76288,0.76302,1.12,1.12
2017.02.28 10:17:04.722,0.76288,0.76304,1.00,3.00
2017.02.28 10:17:04.823,0.76288,0.76304,1.12,1.12
2017.02.28 10:17:06.964,0.76288,0.76305,1.37,1.37
2017.02.28 10:17:07.165,0.7629,0.76306,1.12,1.00
2017.02.28 10:17:07.702,0.7629,0.76306,1.37,1.37
2017.02.28 10:17:08.752,0.7629,0.76306,1.12,1.37
2017.02.28 10:17:10.450,0.76291,0.76306,1.00,1.37
2017.02.28 10:17:10.651,0.76289,0.76306,1.12,3.00
2017.02.28 10:17:11.378,0.76291,0.76305,1.00,1.37
2017.02.28 10:17:11.523,0.76289,0.76305,1.12,1.37
2017.02.28 10:17:11.731,0.76291,0.76305,1.00,1.37
2017.02.28 10:17:11.833,0.76289,0.76306,1.12,3.00
2017.02.28 10:17:12.026,0.76291,0.76305,1.00,1.37
2017.02.28 10:17:12.143,0.76288,0.76306,1.37,2.25
2017.02.28 10:17:12.721,0.76291,0.76306,1.00,3.00
2017.02.28 10:17:12.884,0.76289,0.76305,1.12,1.37
2017.02.28 10:17:13.366,0.76291,0.76306,1.00,3.00
2017.02.28 10:17:13.600,0.76291,0.76307,1.00,1.37
2017.02.28 10:17:14.249,0.76292,0.76306,1.00,1.37
2017.02.28 10:17:14.762,0.76291,0.76306,1.00,1.37
2017.02.28 10:17:15.332,0.76292,0.76307,1.12,1.37
2017.02.28 10:17:19.779,0.76292,0.76307,1.00,1.37
2017.02.28 10:17:20.329,0.76291,0.76308,1.12,3.00
2017.02.28 10:17:21.499,0.76292,0.76306,1.00,1.37
2017.02.28 10:17:29.542,0.76292,0.76306,1.00,1.37
2017.02.28 10:17:31.517,0.7629,0.76307,1.12,3.00
2017.02.28 10:17:34.153,0.76292,0.76306,1.00,1.37
2017.02.28 10:17:34.799,0.76292,0.76306,1.00,1.37
2017.02.28 10:17:44.466,0.76293,0.76307,1.00,1.37
2017.02.28 10:17:44.627,0.76293,0.76307,1.12,1.12
2017.02.28 10:17:45.557,0.76292,0.76307,1.00,1.37
2017.02.28 10:17:47.735,0.76293,0.76307,1.00,1.37
2017.02.28 10:17:48.835,0.76293,0.76307,1.00,1.37
2017.02.28 10:17:49.610,0.76292,0.76307,1.12,1.37
2017.02.28 10:17:49.934,0.76291,0.76306,1.00,1.37
2017.02.28 10:17:50.038,0.76291,0.76306,1.00,1.37
2017.02.28 10:17:50.242,0.76291,0.76306,1.00,1.37
2017.02.28 10:17:50.778,0.7629,0.76305,1.00,1.37
2017.02.28 10:17:50.829,0.76288,0.76305,1.12,1.37
2017.02.28 10:17:50.978,0.7629,0.76305,1.00,1.37
2017.02.28 10:17:51.643,0.7629,0.76305,1.00,1.37
2017.02.28 10:17:52.238,0.76288,0.76306,1.37,1.37
2017.02.28 10:17:52.898,0.7629,0.76305,1.00,1.37
2017.02.28 10:17:54.213,0.76291,0.76306,1.00,1.37
2017.02.28 10:17:54.448,0.76292,0.76306,1.00,1.12
2017.02.28 10:17:54.996,0.76292,0.76306,1.00,1.37
2017.02.28 10:17:58.192,0.76291,0.76306,1.12,1.37
2017.02.28 10:17:59.191,0.76292,0.76306,1.00,1.37
2017.02.28 10:18:05.194,0.76291,0.76306,1.12,1.37
2017.02.28 10:18:06.268,0.76291,0.76306,1.00,1.37
2017.02.28 10:18:07.371,0.76292,0.76307,1.00,1.37
2017.02.28 10:18:08.802,0.76292,0.76307,1.00,1.37
2017.02.28 10:18:10.752,0.76293,0.76308,1.00,3.00
2017.02.28 10:18:10.803,0.76293,0.76308,1.00,1.37
2017.02.28 10:18:11.449,0.76294,0.76307,1.00,1.12
2017.02.28 10:18:11.601,0.76293,0.76307,2.85,1.00
2017.02.28 10:18:11.752,0.76295,0.76313,1.37,2.25
2017.02.28 10:18:11.880,0.76295,0.76315,1.12,3.00
2017.02.28 10:18:12.433,0.763,0.76314,1.00,1.37
2017.02.28 10:18:13.043,0.763,0.76314,1.00,1.37
2017.02.28 10:18:13.591,0.76298,0.76315,1.12,1.37
2017.02.28 10:18:14.746,0.76299,0.76313,1.00,1.37
2017.02.28 10:18:19.503,0.76299,0.76314,1.00,3.00
2017.02.28 10:18:22.255,0.76298,0.76314,1.00,3.00
2017.02.28 10:18:25.615,0.76298,0.76314,1.12,1.37
2017.02.28 10:18:29.742,0.76299,0.76314,1.00,1.37
2017.02.28 10:18:34.117,0.76298,0.76313,1.00,1.37
2017.02.28 10:18:34.369,0.76296,0.7631,1.00,1.00
2017.02.28 10:18:36.475,0.76295,0.7631,1.12,1.12
2017.02.28 10:18:37.082,0.76295,0.7631,1.37,1.12
2017.02.28 10:18:38.660,0.76295,0.7631,1.12,1.37
2017.02.28 10:18:41.756,0.76294,0.76309,1.12,1.37
2017.02.28 10:18:45.375,0.76293,0.76309,1.12,1.37
2017.02.28 10:18:45.884,0.76293,0.76309,1.12,1.37
2017.02.28 10:18:47.767,0.76293,0.7631,1.37,1.37
2017.02.28 10:18:48.474,0.76293,0.76308,1.12,1.37
2017.02.28 10:18:49.544,0.76294,0.76308,1.00,1.37
2017.02.28 10:18:50.573,0.76294,0.76308,1.12,1.12
2017.02.28 10:18:51.095,0.76295,0.7631,1.00,1.37
2017.02.28 10:18:51.196,0.76293,0.76309,1.00,1.37
2017.02.28 10:18:51.398,0.7629,0.76306,1.37,1.37
2017.02.28 10:18:51.498,0.7629,0.76306,1.00,1.37
2017.02.28 10:18:51.699,0.76291,0.76306,1.00,1.37
2017.02.28 10:18:52.218,0.76291,0.76306,1.00,1.37
2017.02.28 10:18:52.497,0.76291,0.76306,1.00,1.12
2017.02.28 10:18:52.883,0.76292,0.76306,1.00,1.37
2017.02.28 10:18:53.736,0.76288,0.76305,1.37,1.37
2017.02.28 10:18:53.787,0.76287,0.76304,1.37,1.37
2017.02.28 10:18:54.289,0.76289,0.76304,1.00,1.37
2017.02.28 10:18:54.390,0.76289,0.76304,1.00,1.12
2017.02.28 10:18:54.912,0.76288,0.76303,1.00,1.00
2017.02.28 10:18:54.990,0.76288,0.76303,1.00,1.37
2017.02.28 10:18:55.952,0.76289,0.76303,1.00,1.37
2017.02.28 10:18:56.494,0.7629,0.76305,1.00,2.25
2017.02.28 10:18:56.595,0.7629,0.76306,1.00,3.75
2017.02.28 10:18:57.439,0.76291,0.76306,1.00,3.75
2017.02.28 10:18:57.540,0.76291,0.76306,1.00,1.37
2017.02.28 10:18:58.261,0.7629,0.76305,1.00,1.12
2017.02.28 10:18:58.312,0.76289,0.76307,1.12,3.75
2017.02.28 10:18:58.852,0.76288,0.76304,1.00,1.37
2017.02.28 10:18:59.398,0.76289,0.76305,1.00,1.37
2017.02.28 10:19:01.261,0.7629,0.76305,1.00,1.37
2017.02.28 10:19:03.735,0.76289,0.76304,1.00,1.37
2017.02.28 10:19:05.311,0.76288,0.76304,1.00,1.37
2017.02.28 10:19:08.707,0.76288,0.76304,1.00,1.37
2017.02.28 10:19:09.225,0.76288,0.76303,1.00,1.37
2017.02.28 10:19:10.466,0.76288,0.76302,1.00,1.37
2017.02.28 10:19:11.132,0.76288,0.76302,1.00,1.37
2017.02.28 10:19:16.085,0.76286,0.76301,1.37,1.12
2017.02.28 10:19:16.186,0.76286,0.76301,1.00,1.37
2017.02.28 10:19:16.778,0.76287,0.76302,1.00,3.00
2017.02.28 10:19:16.879,0.76288,0.76303,1.00,1.37
2017.02.28 10:19:17.442,0.76288,0.76303,1.00,1.37
2017.02.28 10:19:18.669,0.76286,0.76303,1.12,1.37
2017.02.28 10:19:18.770,0.76288,0.76303,1.00,1.37
2017.02.28 10:19:19.445,0.76287,0.76303,1.00,1.37
2017.02.28 10:19:20.069,0.76288,0.76303,1.00,1.37
2017.02.28 10:19:20.242,0.76286,0.76302,1.12,1.37
2017.02.28 10:19:20.775,0.76287,0.76303,1.00,1.37
2017.02.28 10:19:21.371,0.76287,0.76302,1.00,3.00
2017.02.28 10:19:21.422,0.76285,0.76301,1.12,1.37
2017.02.28 10:19:21.522,0.76287,0.76302,1.00,3.00
2017.02.28 10:19:22.031,0.76287,0.76302,1.00,1.37
2017.02.28 10:19:22.746,0.76288,0.76303,1.00,1.37
2017.02.28 10:19:23.208,0.76286,0.76303,1.12,1.37
2017.02.28 10:19:23.325,0.76288,0.76303,1.00,1.37
2017.02.28 10:19:23.961,0.76288,0.76303,1.00,1.37
2017.02.28 10:19:24.724,0.76287,0.76303,1.12,1.37
2017.02.28 10:19:25.384,0.76288,0.76303,1.00,1.37
2017.02.28 10:19:25.964,0.76287,0.76302,1.00,2.25
2017.02.28 10:19:32.806,0.76287,0.76303,1.00,1.37
2017.02.28 10:19:33.307,0.76288,0.76303,1.00,2.25
2017.02.28 10:19:33.849,0.76287,0.76302,1.00,1.37
2017.02.28 10:19:34.798,0.76287,0.76303,1.12,1.37
2017.02.28 10:19:35.340,0.76287,0.76303,1.00,3.00
2017.02.28 10:19:36.331,0.76287,0.76302,1.00,1.37
2017.02.28 10:19:37.650,0.76286,0.76302,1.12,1.37
2017.02.28 10:19:37.972,0.76284,0.763,1.00,1.37
2017.02.28 10:19:38.683,0.76285,0.76301,1.00,3.00
2017.02.28 10:19:39.234,0.76284,0.76301,1.12,1.37
2017.02.28 10:19:39.797,0.76284,0.763,1.00,2.25
2017.02.28 10:19:42.035,0.76285,0.763,1.00,2.25
2017.02.28 10:19:42.237,0.76284,0.76302,1.00,4.50
2017.02.28 10:19:42.337,0.76284,0.76301,1.00,2.25
2017.02.28 10:19:42.993,0.76283,0.76301,1.00,1.37
2017.02.28 10:19:45.354,0.76285,0.763,1.00,1.37
2017.02.28 10:19:45.829,0.76282,0.763,1.12,1.37
2017.02.28 10:19:45.947,0.76282,0.763,1.12,3.00
2017.02.28 10:19:46.513,0.76283,0.763,1.00,2.25
2017.02.28 10:19:47.211,0.76284,0.76301,1.00,3.75
2017.02.28 10:19:47.727,0.76284,0.763,1.12,1.37
2017.02.28 10:19:48.075,0.76286,0.76301,1.00,1.37
2017.02.28 10:19:48.126,0.76284,0.763,1.00,1.37
2017.02.28 10:19:48.227,0.76283,0.76299,1.00,1.37
2017.02.28 10:19:50.581,0.76282,0.76298,1.00,1.37
2017.02.28 10:19:51.034,0.76283,0.76299,1.00,1.87
2017.02.28 10:19:51.610,0.76283,0.76299,1.12,1.37
2017.02.28 10:19:52.138,0.76283,0.76299,1.00,1.37
2017.02.28 10:19:53.333,0.76284,0.763,1.00,4.72
2017.02.28 10:19:53.963,0.76283,0.76299,1.00,3.00
2017.02.28 10:19:54.550,0.76284,0.763,1.00,3.97
2017.02.28 10:19:57.024,0.76284,0.763,1.00,3.97
2017.02.28 10:19:58.045,0.76284,0.763,1.12,1.37
2017.02.28 10:19:58.554,0.76284,0.763,1.00,3.00
2017.02.28 10:19:59.228,0.76284,0.763,1.00,3.00
2017.02.28 10:20:04.581,0.76284,0.76299,1.00,1.37
2017.02.28 10:20:05.219,0.76283,0.76298,1.12,1.37
2017.02.28 10:20:06.049,0.76283,0.76298,1.37,1.12
2017.02.28 10:20:06.569,0.76283,0.76298,1.00,1.12
2017.02.28 10:20:14.697,0.76283,0.763,1.12,3.00
2017.02.28 10:20:15.256,0.76283,0.763,1.00,3.00
2017.02.28 10:20:15.307,0.76283,0.763,1.00,1.37
2017.02.28 10:20:15.667,0.76283,0.763,1.12,3.00
2017.02.28 10:20:18.045,0.76284,0.76298,1.00,1.37
2017.02.28 10:20:19.549,0.76284,0.76298,1.00,1.00
2017.02.28 10:20:19.600,0.76281,0.76297,1.37,1.00
2017.02.28 10:20:20.563,0.76281,0.76296,1.12,1.00
2017.02.28 10:20:20.917,0.76281,0.76296,1.00,2.25
2017.02.28 10:20:21.490,0.76281,0.76297,1.00,1.37
2017.02.28 10:20:21.925,0.76282,0.76297,1.37,2.25
2017.02.28 10:20:22.026,0.76282,0.763,1.50,2.25
2017.02.28 10:20:22.551,0.76282,0.76299,1.00,2.25
2017.02.28 10:20:23.112,0.76283,0.76299,1.00,3.00
2017.02.28 10:20:23.213,0.76283,0.76299,1.00,1.37
2017.02.28 10:20:23.612,0.76283,0.76299,1.00,3.00
2017.02.28 10:20:24.144,0.76283,0.76299,1.00,3.75
2017.02.28 10:20:24.712,0.76283,0.76298,1.00,2.25
2017.02.28 10:20:27.335,0.76283,0.76299,1.00,1.37
2017.02.28 10:20:30.391,0.76281,0.76296,1.00,1.12
2017.02.28 10:20:30.542,0.76278,0.76295,1.37,1.37
2017.02.28 10:20:30.844,0.76278,0.76295,1.12,1.37
2017.02.28 10:20:31.168,0.76281,0.76296,1.00,2.25
2017.02.28 10:20:31.219,0.76278,0.76295,1.37,1.37
2017.02.28 10:20:31.420,0.76281,0.76295,1.00,3.00
2017.02.28 10:20:31.962,0.76281,0.76295,1.00,1.37
2017.02.28 10:20:32.665,0.76281,0.76296,1.00,3.00
2017.02.28 10:20:34.036,0.76281,0.76296,1.00,1.37
2017.02.28 10:20:35.611,0.76281,0.76296,1.00,1.37
2017.02.28 10:20:39.370,0.76282,0.76297,1.00,3.00
2017.02.28 10:20:40.331,0.76281,0.76296,1.00,1.37
2017.02.28 10:20:51.339,0.76281,0.76296,1.00,3.00
2017.02.28 10:20:53.644,0.76281,0.76296,1.00,1.37
2017.02.28 10:20:54.830,0.76282,0.76297,1.00,3.00
2017.02.28 10:20:55.494,0.7628,0.76295,1.00,1.37
2017.02.28 10:20:56.424,0.76281,0.76296,1.00,3.00
2017.02.28 10:20:56.667,0.76278,0.76295,1.12,1.37
2017.02.28 10:20:57.260,0.76279,0.76296,1.12,1.37
2017.02.28 10:20:58.297,0.7628,0.76296,1.00,1.37
2017.02.28 10:20:59.623,0.76278,0.76295,1.37,1.37
2017.02.28 10:21:00.192,0.76278,0.76295,1.00,4.35
2017.02.28 10:21:00.293,0.7628,0.76295,1.00,4.35
2017.02.28 10:21:01.168,0.76278,0.76293,1.12,1.37
2017.02.28 10:21:01.736,0.76277,0.76295,1.00,3.00
2017.02.28 10:21:02.539,0.76278,0.76293,1.00,1.37
2017.02.28 10:21:04.182,0.76278,0.76294,1.00,1.37
2017.02.28 10:21:04.814,0.76277,0.76294,1.12,1.37
2017.02.28 10:21:10.765,0.76276,0.76291,1.12,1.12
2017.02.28 10:21:11.017,0.76273,0.76288,1.12,1.37
2017.02.28 10:21:11.523,0.76274,0.76289,1.00,1.37
2017.02.28 10:21:12.552,0.76274,0.76289,1.00,3.00
2017.02.28 10:21:15.534,0.76274,0.76289,1.00,3.00
2017.02.28 10:21:15.584,0.76272,0.76289,1.12,2.25
2017.02.28 10:21:16.953,0.76272,0.76288,1.00,1.37
2017.02.28 10:21:17.361,0.7627,0.76287,1.00,3.37
2017.02.28 10:21:18.355,0.76269,0.76285,1.12,1.37
2017.02.28 10:21:19.769,0.76267,0.76283,1.12,1.37
2017.02.28 10:21:20.774,0.76268,0.76284,1.00,1.37
2017.02.28 10:21:21.688,0.76269,0.76284,1.00,1.37
2017.02.28 10:21:22.230,0.76269,0.76285,1.00,3.75
2017.02.28 10:21:22.791,0.76269,0.76285,1.12,1.37
2017.02.28 10:21:23.832,0.7627,0.76285,1.00,1.37
2017.02.28 10:21:24.534,0.7627,0.76286,1.37,1.12
2017.02.28 10:21:24.635,0.7627,0.76286,1.12,1.37
2017.02.28 10:21:25.178,0.76271,0.76288,1.37,2.47
2017.02.28 10:21:25.696,0.76271,0.76288,1.12,3.75
2017.02.28 10:21:26.571,0.76271,0.76288,1.12,1.37
2017.02.28 10:21:27.077,0.76272,0.76287,1.00,1.37
2017.02.28 10:21:33.141,0.76273,0.76288,1.00,1.37
2017.02.28 10:21:34.101,0.76274,0.76289,1.00,3.00
2017.02.28 10:21:34.152,0.76274,0.76289,1.00,1.37
2017.02.28 10:21:34.304,0.76271,0.76286,1.37,1.00
2017.02.28 10:21:34.455,0.76268,0.76285,3.00,1.00
2017.02.28 10:21:34.570,0.76268,0.76285,1.37,1.37
2017.02.28 10:21:35.534,0.76268,0.76285,1.12,1.37
2017.02.28 10:21:36.067,0.76268,0.76285,1.37,1.37
2017.02.28 10:21:36.835,0.7627,0.76285,1.00,1.37
2017.02.28 10:21:37.367,0.76269,0.76284,1.12,1.37
2017.02.28 10:21:42.047,0.76269,0.76284,1.00,1.37
2017.02.28 10:21:44.215,0.76268,0.76283,1.00,1.37
2017.02.28 10:21:45.667,0.76268,0.76283,1.00,1.37
2017.02.28 10:21:46.217,0.76268,0.76283,1.00,3.00
2017.02.28 10:21:46.680,0.76268,0.76284,1.12,1.37
2017.02.28 10:21:47.268,0.76268,0.76284,1.00,1.37
2017.02.28 10:21:53.022,0.76269,0.76284,1.00,1.37
2017.02.28 10:21:53.872,0.76269,0.76284,1.00,1.37
2017.02.28 10:22:02.091,0.76269,0.76284,1.00,3.00
2017.02.28 10:22:02.317,0.76269,0.76284,1.12,1.37
2017.02.28 10:22:02.693,0.76269,0.76284,1.00,3.00
2017.02.28 10:22:03.530,0.76268,0.76283,1.00,1.37
2017.02.28 10:22:04.060,0.76269,0.76284,1.00,3.00
2017.02.28 10:22:07.108,0.76269,0.76284,1.00,1.37
2017.02.28 10:22:07.651,0.76269,0.76284,1.00,3.00
2017.02.28 10:22:07.702,0.76267,0.76284,1.12,3.00
2017.02.28 10:22:07.752,0.76266,0.76283,1.00,3.00
2017.02.28 10:22:11.815,0.76267,0.76282,1.00,1.37
2017.02.28 10:22:12.347,0.76266,0.76281,1.00,1.37
2017.02.28 10:22:12.924,0.76266,0.76281,1.12,1.37
2017.02.28 10:22:15.536,0.76265,0.7628,1.00,3.00
2017.02.28 10:22:15.687,0.76261,0.76276,1.12,1.12
2017.02.28 10:22:15.981,0.7626,0.76275,1.00,1.37
2017.02.28 10:22:16.661,0.76259,0.76274,1.12,1.37
2017.02.28 10:22:17.420,0.7626,0.76275,1.00,1.37
2017.02.28 10:22:17.938,0.76259,0.76274,1.12,1.12
2017.02.28 10:22:18.466,0.76259,0.76274,1.00,1.37
2017.02.28 10:22:19.849,0.76259,0.76273,1.00,1.37
2017.02.28 10:22:20.324,0.76257,0.76272,1.12,1.37
2017.02.28 10:22:20.374,0.76255,0.76272,1.12,2.10
2017.02.28 10:22:20.689,0.76255,0.7627,1.37,1.00
2017.02.28 10:22:21.218,0.76256,0.76271,1.37,1.12
2017.02.28 10:22:21.521,0.76259,0.76274,1.00,1.87
2017.02.28 10:22:21.572,0.76259,0.76274,1.37,1.00
2017.02.28 10:22:22.369,0.7626,0.76275,1.12,1.00
2017.02.28 10:22:22.867,0.7626,0.76275,1.37,1.00
2017.02.28 10:22:23.417,0.7626,0.76275,1.37,1.00
2017.02.28 10:22:23.568,0.7626,0.76275,1.37,1.00
2017.02.28 10:22:24.262,0.7626,0.76276,1.37,1.12
2017.02.28 10:22:25.347,0.7626,0.76275,1.37,1.00
2017.02.28 10:22:25.957,0.7626,0.76275,1.12,1.37
2017.02.28 10:22:28.561,0.76263,0.76277,1.00,1.37
2017.02.28 10:22:28.611,0.7626,0.76275,1.12,1.37
2017.02.28 10:22:28.662,0.7626,0.76275,1.37,1.00
2017.02.28 10:22:29.258,0.76261,0.76276,1.00,1.37
2017.02.28 10:22:29.920,0.7626,0.76275,1.00,1.37
2017.02.28 10:22:30.458,0.76259,0.76274,1.12,1.37
2017.02.28 10:22:31.521,0.7626,0.76275,1.00,1.37
2017.02.28 10:22:32.406,0.76259,0.76274,1.00,1.37
2017.02.28 10:22:32.709,0.76256,0.76272,1.00,2.25
2017.02.28 10:22:33.218,0.76256,0.76273,1.00,3.37
2017.02.28 10:22:36.070,0.76256,0.76273,1.00,1.50
2017.02.28 10:22:36.951,0.76257,0.76274,1.00,2.62
2017.02.28 10:22:37.511,0.76257,0.76274,1.00,3.60
2017.02.28 10:22:37.949,0.76259,0.76274,1.00,1.87
2017.02.28 10:22:38.501,0.76259,0.76274,1.00,1.37
2017.02.28 10:22:39.726,0.76258,0.76273,1.12,1.37
2017.02.28 10:22:40.031,0.76257,0.76272,1.00,1.37
2017.02.28 10:22:40.610,0.76257,0.76272,1.12,1.37
2017.02.28 10:22:41.184,0.76258,0.76273,1.00,1.37
2017.02.28 10:22:41.511,0.76259,0.76273,1.00,1.12
2017.02.28 10:22:41.713,0.7626,0.76275,1.00,1.12
2017.02.28 10:22:42.224,0.76259,0.76274,1.12,1.00
2017.02.28 10:22:42.394,0.76258,0.76275,1.12,3.00
2017.02.28 10:22:42.696,0.76257,0.76272,1.37,1.00
2017.02.28 10:22:42.798,0.76257,0.76272,1.12,1.37
2017.02.28 10:22:43.100,0.76258,0.76273,1.12,1.12
2017.02.28 10:22:43.875,0.76259,0.76273,1.00,1.12
2017.02.28 10:22:45.308,0.76259,0.76274,1.12,1.00
2017.02.28 10:22:45.960,0.76259,0.76274,1.12,1.37
2017.02.28 10:22:46.011,0.76261,0.76275,1.00,1.37
2017.02.28 10:22:46.191,0.76261,0.76276,1.12,1.37
2017.02.28 10:22:46.848,0.76261,0.76276,1.12,1.12
2017.02.28 10:22:47.396,0.76262,0.76277,1.12,1.37
2017.02.28 10:22:48.191,0.76261,0.76277,1.12,1.37
2017.02.28 10:22:49.001,0.76261,0.76277,1.12,1.37
2017.02.28 10:22:49.653,0.76262,0.76277,1.00,1.37
2017.02.28 10:22:50.178,0.76262,0.76277,1.00,1.37
2017.02.28 10:22:52.649,0.76262,0.76277,1.12,1.37
2017.02.28 10:22:53.576,0.76263,0.76277,1.00,1.37
2017.02.28 10:22:54.093,0.76264,0.76278,1.00,1.37
2017.02.28 10:22:54.340,0.76262,0.76278,1.12,1.37
2017.02.28 10:22:54.874,0.76262,0.76278,1.12,1.37
2017.02.28 10:22:55.455,0.76263,0.76278,1.00,1.37
2017.02.28 10:22:56.098,0.76264,0.76279,1.00,3.00
2017.02.28 10:22:56.755,0.76264,0.76279,1.00,1.37
2017.02.28 10:22:56.856,0.76266,0.7628,1.00,1.37
2017.02.28 10:22:56.957,0.76266,0.7628,1.12,1.12
2017.02.28 10:22:57.521,0.76267,0.76281,1.00,1.37
2017.02.28 10:22:58.797,0.76266,0.76281,1.00,1.37
2017.02.28 10:22:59.781,0.76267,0.76281,1.00,1.37
2017.02.28 10:23:05.545,0.76267,0.76282,1.00,1.37
2017.02.28 10:23:06.071,0.76268,0.76282,1.00,1.37
2017.02.28 10:23:06.850,0.76268,0.76282,1.12,1.12
2017.02.28 10:23:07.392,0.76267,0.76284,1.37,1.37
2017.02.28 10:23:07.900,0.76269,0.76283,1.00,1.12
2017.02.28 10:23:08.556,0.76269,0.76283,1.00,1.37
2017.02.28 10:23:09.372,0.76268,0.76283,1.00,1.37
2017.02.28 10:23:10.057,0.76267,0.76282,1.12,1.37
2017.02.28 10:23:10.951,0.76267,0.76282,1.00,1.37
2017.02.28 10:23:11.570,0.76266,0.76282,1.00,1.37
2017.02.28 10:23:12.497,0.76265,0.76281,1.12,1.37
2017.02.28 10:23:13.004,0.76266,0.76281,1.00,1.37
2017.02.28 10:23:13.724,0.76267,0.76282,1.00,1.37
2017.02.28 10:23:14.752,0.76265,0.7628,1.12,1.12
2017.02.28 10:23:14.803,0.76264,0.76279,1.37,1.00
2017.02.28 10:23:14.879,0.76264,0.76279,1.37,1.12
2017.02.28 10:23:15.385,0.76266,0.7628,1.00,1.00
2017.02.28 10:23:15.973,0.76267,0.76281,1.12,1.12
2017.02.28 10:23:16.601,0.76267,0.76281,1.00,1.37
2017.02.28 10:23:17.122,0.76266,0.76281,1.12,1.37
2017.02.28 10:23:23.127,0.76267,0.76281,1.00,1.37
2017.02.28 10:23:23.645,0.76267,0.76281,1.00,1.37
2017.02.28 10:23:23.851,0.76262,0.76277,1.37,1.00
2017.02.28 10:23:23.902,0.76262,0.76276,1.12,1.00
2017.02.28 10:23:24.449,0.76261,0.76275,1.37,1.00
2017.02.28 10:23:24.700,0.76258,0.76275,1.37,1.12
2017.02.28 10:23:24.801,0.76258,0.76275,1.37,1.37
2017.02.28 10:23:25.216,0.76259,0.76274,1.37,1.00
2017.02.28 10:23:27.621,0.76259,0.76274,1.12,1.00
2017.02.28 10:23:27.791,0.76259,0.76274,1.37,1.00
2017.02.28 10:23:28.783,0.76259,0.76274,1.37,1.12
2017.02.28 10:23:30.010,0.76261,0.76276,1.00,1.37
2017.02.28 10:23:30.288,0.76261,0.76276,1.12,1.12
2017.02.28 10:23:30.389,0.76264,0.76278,1.00,1.87
2017.02.28 10:23:30.490,0.76262,0.76276,1.12,1.00
2017.02.28 10:23:30.540,0.7626,0.76274,1.37,1.00
2017.02.28 10:23:30.591,0.76258,0.76273,1.37,1.00
2017.02.28 10:23:31.158,0.7626,0.76274,1.00,1.00
2017.02.28 10:23:32.453,0.7626,0.76275,1.00,1.12
2017.02.28 10:23:33.037,0.76261,0.76276,1.12,1.37
2017.02.28 10:23:33.569,0.76262,0.76277,1.12,1.37
2017.02.28 10:23:34.598,0.76263,0.76278,1.00,1.87
2017.02.28 10:23:35.123,0.76262,0.76277,1.37,1.12
2017.02.28 10:23:35.324,0.76261,0.76276,1.12,1.37
2017.02.28 10:23:35.862,0.76262,0.76276,1.00,1.37
2017.02.28 10:23:36.530,0.76262,0.76276,1.12,1.12
2017.02.28 10:23:37.403,0.7626,0.76277,1.12,1.37
2017.02.28 10:23:38.299,0.76261,0.76275,1.00,1.37
2017.02.28 10:23:39.310,0.76261,0.76276,1.12,1.37
2017.02.28 10:23:39.893,0.76262,0.76277,1.00,1.37
2017.02.28 10:23:40.484,0.76262,0.76277,1.00,3.00
2017.02.28 10:23:41.353,0.7626,0.76276,1.12,1.37
2017.02.28 10:23:42.140,0.7626,0.76276,1.00,3.00
2017.02.28 10:23:43.317,0.7626,0.76276,1.12,1.37
2017.02.28 10:23:44.424,0.7626,0.76276,1.37,1.37
2017.02.28 10:23:44.475,0.76263,0.76278,1.00,1.87
2017.02.28 10:23:44.525,0.76263,0.76278,1.12,1.50
2017.02.28 10:23:45.112,0.76263,0.76278,1.12,1.87
2017.02.28 10:23:47.157,0.76263,0.76277,1.00,1.37
2017.02.28 10:23:47.824,0.76262,0.76278,1.12,1.37
2017.02.28 10:23:48.325,0.76262,0.76279,1.37,1.37
2017.02.28 10:23:49.145,0.76262,0.76278,1.12,1.87
2017.02.28 10:23:49.844,0.76262,0.76278,1.12,2.25
2017.02.28 10:23:50.470,0.76264,0.76278,1.00,1.37
2017.02.28 10:23:50.630,0.76264,0.76278,1.12,1.12
2017.02.28 10:23:52.332,0.76262,0.76279,1.12,1.87
2017.02.28 10:23:53.558,0.76262,0.76279,1.37,1.87
2017.02.28 10:23:54.357,0.76261,0.76275,3.00,1.00
2017.02.28 10:23:54.559,0.76261,0.76275,1.00,1.12
2017.02.28 10:23:55.278,0.7626,0.76277,1.12,1.87
2017.02.28 10:23:55.484,0.76262,0.76276,1.00,1.37
2017.02.28 10:24:00.507,0.7626,0.76275,1.12,1.12
2017.02.28 10:24:00.658,0.7626,0.76274,1.00,1.37
2017.02.28 10:24:01.167,0.76261,0.76275,1.00,1.37
2017.02.28 10:24:01.728,0.7626,0.76275,1.00,1.37
2017.02.28 10:24:02.438,0.7626,0.76276,1.12,1.87
2017.02.28 10:24:02.819,0.76262,0.76276,1.00,1.37
2017.02.28 10:24:03.190,0.76262,0.76277,1.12,1.37
2017.02.28 10:24:03.808,0.76261,0.76276,1.00,1.12
2017.02.28 10:24:04.549,0.7626,0.76275,1.12,1.00
2017.02.28 10:24:05.055,0.76261,0.76275,1.00,1.00
2017.02.28 10:24:06.294,0.76261,0.76276,1.12,1.12
2017.02.28 10:24:07.110,0.76261,0.76275,1.12,1.00
2017.02.28 10:24:08.228,0.7626,0.76277,1.37,1.37
2017.02.28 10:24:08.760,0.76261,0.76277,1.37,1.37
2017.02.28 10:24:09.195,0.76263,0.76279,1.37,1.12
2017.02.28 10:24:09.751,0.76265,0.7628,1.12,1.12
2017.02.28 10:24:10.081,0.76265,0.76282,1.37,1.87
2017.02.28 10:24:11.210,0.76265,0.76282,1.12,1.87
2017.02.28 10:24:11.720,0.76265,0.7628,1.37,1.12
2017.02.28 10:24:12.086,0.76263,0.76278,1.37,1.00
2017.02.28 10:24:12.136,0.76264,0.7628,1.12,1.50
2017.02.28 10:24:12.692,0.76264,0.7628,1.37,1.87
2017.02.28 10:24:13.482,0.76264,0.7628,1.37,1.87
2017.02.28 10:24:14.091,0.76266,0.7628,1.00,1.87
2017.02.28 10:24:14.949,0.76266,0.76281,1.00,1.12
2017.02.28 10:24:15.461,0.76266,0.7628,1.00,1.00
2017.02.28 10:24:17.327,0.76266,0.76281,1.00,1.12
2017.02.28 10:24:17.833,0.76265,0.7628,1.12,1.00
2017.02.28 10:24:19.146,0.76265,0.76281,1.12,1.12
2017.02.28 10:24:19.626,0.76266,0.76281,1.37,1.00
2017.02.28 10:24:20.152,0.76267,0.76281,1.12,1.12
2017.02.28 10:24:20.744,0.76268,0.76282,1.00,1.37
2017.02.28 10:24:21.435,0.76267,0.76284,1.12,1.87
2017.02.28 10:24:21.737,0.76272,0.76286,1.00,3.00
2017.02.28 10:24:21.938,0.76271,0.76286,1.00,1.87
2017.02.28 10:24:23.096,0.76271,0.76286,1.00,1.37
2017.02.28 10:24:24.923,0.76271,0.76286,1.12,1.37
2017.02.28 10:24:25.599,0.76272,0.76286,1.00,1.37
2017.02.28 10:24:26.111,0.76271,0.76286,1.12,1.37
2017.02.28 10:24:27.729,0.76271,0.76286,1.00,1.37
2017.02.28 10:24:28.547,0.76271,0.76286,1.12,1.37
2017.02.28 10:24:29.234,0.7627,0.76284,1.37,1.00
2017.02.28 10:24:29.436,0.76269,0.76284,1.12,1.12
2017.02.28 10:24:30.088,0.76269,0.76284,1.12,1.37
2017.02.28 10:24:35.249,0.76267,0.76282,1.37,1.00
2017.02.28 10:24:35.450,0.76264,0.76281,3.00,1.12
2017.02.28 10:24:35.551,0.76264,0.76281,1.12,1.12
2017.02.28 10:24:35.910,0.76262,0.76279,1.37,1.00
2017.02.28 10:24:36.490,0.76265,0.76279,1.00,1.37
2017.02.28 10:24:42.281,0.76263,0.76278,1.37,1.12
2017.02.28 10:24:42.381,0.76262,0.76277,1.00,1.12
2017.02.28 10:24:43.564,0.76262,0.76277,1.12,1.37
2017.02.28 10:24:47.271,0.7626,0.76275,1.37,1.12
2017.02.28 10:24:47.474,0.76259,0.76274,1.12,1.37
2017.02.28 10:24:48.852,0.76259,0.76274,1.00,1.12
2017.02.28 10:24:50.316,0.7626,0.76275,1.00,1.37
2017.02.28 10:24:50.894,0.76261,0.76276,1.12,1.37
2017.02.28 10:24:54.770,0.7626,0.76275,1.00,1.12
2017.02.28 10:24:55.185,0.7626,0.76275,1.00,1.37
2017.02.28 10:24:55.384,0.76262,0.76276,1.00,1.12
2017.02.28 10:24:55.633,0.7626,0.76275,1.12,1.00
2017.02.28 10:24:56.175,0.7626,0.76275,1.12,1.37
2017.02.28 10:24:58.373,0.7626,0.76275,1.00,1.12
2017.02.28 10:24:58.473,0.7626,0.76275,1.00,1.37
2017.02.28 10:25:01.661,0.76259,0.76274,1.12,1.37
2017.02.28 10:25:02.008,0.76249,0.76263,1.00,1.00
2017.02.28 10:25:02.312,0.76244,0.7626,1.12,1.00
2017.02.28 10:25:02.413,0.76247,0.76262,1.12,1.87
2017.02.28 10:25:02.664,0.76249,0.76264,1.00,1.87
2017.02.28 10:25:03.183,0.76249,0.76264,1.12,1.37
2017.02.28 10:25:03.898,0.7625,0.76265,1.00,1.37
2017.02.28 10:25:03.999,0.76252,0.76267,1.00,1.37
2017.02.28 10:25:04.775,0.76253,0.76268,1.12,1.37
2017.02.28 10:25:05.594,0.76253,0.76268,1.00,1.37
2017.02.28 10:25:07.262,0.76254,0.76268,1.00,1.37
2017.02.28 10:25:07.313,0.76253,0.76268,1.12,1.00
2017.02.28 10:25:07.821,0.76253,0.76268,1.12,1.37
2017.02.28 10:25:09.417,0.76254,0.76268,1.00,1.00
2017.02.28 10:25:10.202,0.76254,0.76269,1.00,1.00
2017.02.28 10:25:11.639,0.76252,0.76267,1.37,1.00
2017.02.28 10:25:12.170,0.76252,0.76267,1.00,1.12
2017.02.28 10:25:12.571,0.7625,0.76264,1.37,1.00
2017.02.28 10:25:13.013,0.7625,0.76264,1.12,1.12
2017.02.28 10:25:13.549,0.7625,0.76264,1.37,1.00
2017.02.28 10:25:14.015,0.76249,0.76266,1.12,1.37
2017.02.28 10:25:16.420,0.76249,0.76266,1.37,1.37
2017.02.28 10:25:17.129,0.76249,0.76266,1.37,1.37
2017.02.28 10:25:17.687,0.76254,0.76268,1.00,3.75
2017.02.28 10:25:17.738,0.76253,0.76268,1.00,1.37
2017.02.28 10:25:17.956,0.76253,0.7627,1.12,1.87
2017.02.28 10:25:18.169,0.76254,0.76268,1.00,1.37
2017.02.28 10:25:18.567,0.76251,0.76266,1.37,1.12
2017.02.28 10:25:23.919,0.76251,0.76265,1.37,1.00
2017.02.28 10:25:24.428,0.76251,0.76266,1.00,1.00
2017.02.28 10:25:25.139,0.76252,0.76267,1.00,1.12
2017.02.28 10:25:25.738,0.76252,0.76266,1.00,1.00
2017.02.28 10:25:26.479,0.76251,0.76266,1.12,1.00
2017.02.28 10:25:26.564,0.76249,0.76263,1.37,1.00
2017.02.28 10:25:26.665,0.76248,0.76263,1.12,1.00
2017.02.28 10:25:26.766,0.76248,0.76263,1.00,1.37
2017.02.28 10:25:26.867,0.76248,0.76263,1.12,1.12
2017.02.28 10:25:27.643,0.76248,0.76262,1.12,1.12
2017.02.28 10:25:28.368,0.76247,0.76262,1.12,1.37
2017.02.28 10:25:28.791,0.76248,0.76263,1.00,1.12
2017.02.28 10:25:30.827,0.76247,0.76263,1.12,1.12
2017.02.28 10:25:30.978,0.76247,0.76262,1.00,1.37
2017.02.28 10:25:31.480,0.76247,0.76262,1.12,1.37
2017.02.28 10:25:31.991,0.76248,0.76262,1.00,1.37
2017.02.28 10:25:32.758,0.76248,0.76263,1.12,1.37
2017.02.28 10:25:35.991,0.7625,0.76265,1.00,3.00
2017.02.28 10:25:36.497,0.76252,0.76267,1.00,1.37
2017.02.28 10:25:36.698,0.76253,0.76268,1.00,1.37
2017.02.28 10:25:38.141,0.76254,0.76268,1.00,1.37
2017.02.28 10:25:40.781,0.76255,0.7627,1.00,2.85
2017.02.28 10:25:40.956,0.76256,0.76271,1.00,1.87
2017.02.28 10:25:41.006,0.76256,0.7627,1.00,1.37
2017.02.28 10:25:41.107,0.7625,0.7627,2.25,1.37
2017.02.28 10:25:41.208,0.76255,0.7627,1.00,3.75
2017.02.28 10:25:41.410,0.76257,0.76272,1.00,1.37
2017.02.28 10:25:42.049,0.76257,0.76272,1.00,1.37
2017.02.28 10:25:48.225,0.76256,0.7627,1.00,1.12
2017.02.28 10:25:48.737,0.76254,0.76269,1.37,1.12
2017.02.28 10:25:48.787,0.76253,0.76267,1.37,1.00
2017.02.28 10:25:48.888,0.76252,0.76266,1.12,1.12
2017.02.28 10:25:48.989,0.76252,0.76266,1.00,1.37
2017.02.28 10:25:49.744,0.76251,0.76266,1.00,1.37
2017.02.28 10:25:50.356,0.7625,0.76265,1.12,1.37
2017.02.28 10:25:51.274,0.76251,0.76266,1.00,1.37
2017.02.28 10:25:51.981,0.7625,0.76265,1.12,1.37
2017.02.28 10:25:52.561,0.76251,0.76266,1.00,1.37
2017.02.28 10:25:53.325,0.7625,0.76265,1.12,1.37
2017.02.28 10:25:54.103,0.76251,0.76266,1.00,1.37
2017.02.28 10:25:54.663,0.76251,0.76267,1.12,1.37
2017.02.28 10:25:55.322,0.76252,0.76266,1.00,1.37
2017.02.28 10:25:55.983,0.76251,0.76266,1.12,1.37
2017.02.28 10:25:56.285,0.76254,0.76268,1.00,1.37
2017.02.28 10:25:57.025,0.76254,0.76268,1.12,1.12
2017.02.28 10:25:58.023,0.76252,0.76269,1.12,1.37
2017.02.28 10:25:58.633,0.76252,0.76269,1.37,1.37
2017.02.28 10:26:00.218,0.76252,0.76269,1.37,1.37
2017.02.28 10:26:00.519,0.76257,0.7627,1.00,2.25
2017.02.28 10:26:00.620,0.76258,0.76273,1.00,3.00
2017.02.28 10:26:00.738,0.76258,0.76273,1.12,1.37
2017.02.28 10:26:01.273,0.76256,0.76272,1.37,1.12
2017.02.28 10:26:01.880,0.76256,0.76274,1.37,3.75
2017.02.28 10:26:03.155,0.76256,0.76271,1.12,1.37
2017.02.28 10:26:03.684,0.76257,0.76272,1.00,1.87
2017.02.28 10:26:03.975,0.76257,0.76271,1.00,2.25
2017.02.28 10:26:04.575,0.76256,0.76271,1.00,1.37
2017.02.28 10:26:05.169,0.76253,0.76267,1.37,1.00
2017.02.28 10:26:05.220,0.76253,0.76269,1.37,1.12
2017.02.28 10:26:05.321,0.76256,0.7627,1.00,1.87
2017.02.28 10:26:05.472,0.76257,0.76272,1.00,1.37
2017.02.28 10:26:05.833,0.76258,0.76274,1.37,1.87
2017.02.28 10:26:06.034,0.76258,0.76274,1.00,1.87
2017.02.28 10:26:07.967,0.76258,0.76274,1.12,1.37
2017.02.28 10:26:08.558,0.76258,0.76274,1.37,1.37
2017.02.28 10:26:12.431,0.7626,0.76276,1.00,3.75
2017.02.28 10:26:12.582,0.7626,0.76276,1.37,1.12
2017.02.28 10:26:12.683,0.7626,0.76278,1.12,3.75
2017.02.28 10:26:17.996,0.76261,0.76277,1.37,1.37
2017.02.28 10:26:18.356,0.76261,0.76279,1.37,1.37
2017.02.28 10:26:18.406,0.7626,0.76276,1.37,1.00
2017.02.28 10:26:18.960,0.76261,0.76278,1.37,1.37
2017.02.28 10:26:19.463,0.76263,0.76282,1.37,3.00
2017.02.28 10:26:19.776,0.76263,0.76282,1.50,1.37
2017.02.28 10:26:19.877,0.76263,0.76282,1.50,1.37
2017.02.28 10:26:21.766,0.76265,0.76281,1.37,1.12
2017.02.28 10:26:22.284,0.76265,0.76281,1.00,1.37
2017.02.28 10:26:22.858,0.76265,0.76281,1.37,1.37
2017.02.28 10:26:23.414,0.76265,0.76281,1.37,1.12
2017.02.28 10:26:28.079,0.76265,0.76281,1.12,1.37
2017.02.28 10:26:28.806,0.76265,0.76281,1.37,1.37
2017.02.28 10:26:30.408,0.76262,0.7628,1.12,1.37
2017.02.28 10:26:30.509,0.76262,0.7628,1.37,1.37
2017.02.28 10:26:31.069,0.76263,0.76281,1.37,1.37
2017.02.28 10:26:31.693,0.76263,0.76279,1.37,1.12
2017.02.28 10:26:34.419,0.76264,0.7628,1.12,1.37
2017.02.28 10:26:41.708,0.76263,0.76279,1.37,1.12
2017.02.28 10:26:41.909,0.76259,0.76277,3.00,1.00
2017.02.28 10:26:42.010,0.76259,0.76277,1.37,1.37
2017.02.28 10:26:42.230,0.76261,0.76277,1.37,1.00
2017.02.28 10:26:43.052,0.76262,0.76278,1.12,1.12
2017.02.28 10:26:43.428,0.76263,0.76279,1.37,1.37
2017.02.28 10:26:43.730,0.7626,0.76276,1.37,1.12
2017.02.28 10:26:44.015,0.76262,0.76278,1.12,1.12
2017.02.28 10:26:44.116,0.76262,0.76278,1.37,1.12
2017.02.28 10:26:44.417,0.76264,0.7628,1.37,1.12
2017.02.28 10:26:45.350,0.76264,0.7628,1.12,1.37
2017.02.28 10:26:46.853,0.76264,0.7628,1.00,1.37
2017.02.28 10:26:47.009,0.76263,0.76279,1.37,1.12
2017.02.28 10:26:49.122,0.76264,0.7628,1.00,1.37
2017.02.28 10:26:55.724,0.76264,0.7628,1.37,1.12
2017.02.28 10:27:00.847,0.76264,0.7628,1.00,1.12
2017.02.28 10:27:04.478,0.76264,0.7628,1.37,1.12
2017.02.28 10:27:04.647,0.76264,0.7628,1.12,1.12
2017.02.28 10:27:05.347,0.76265,0.76281,1.00,1.37
2017.02.28 10:27:06.120,0.76265,0.76281,1.37,1.37
2017.02.28 10:27:09.979,0.76263,0.76279,1.37,1.00
2017.02.28 10:27:11.329,0.76263,0.76281,1.37,1.37
2017.02.28 10:27:13.205,0.76263,0.76279,1.37,1.00
2017.02.28 10:27:13.317,0.76262,0.76277,2.25,1.00
2017.02.28 10:27:13.368,0.76261,0.76277,1.87,1.00
2017.02.28 10:27:13.469,0.7626,0.76276,1.50,1.37
2017.02.28 10:27:13.970,0.76258,0.76275,3.37,1.12
2017.02.28 10:27:22.633,0.76258,0.76274,1.37,1.12
2017.02.28 10:27:22.935,0.76258,0.76274,1.12,1.37
2017.02.28 10:27:24.127,0.76259,0.76275,1.00,1.37
2017.02.28 10:27:24.294,0.76259,0.76276,1.37,1.37
2017.02.28 10:27:24.855,0.76261,0.76277,1.37,1.37
2017.02.28 10:27:25.406,0.7626,0.76276,1.37,1.37
2017.02.28 10:27:25.958,0.76259,0.76275,1.37,1.37
2017.02.28 10:27:26.625,0.7626,0.76276,1.12,1.12
2017.02.28 10:27:27.296,0.7626,0.76276,1.37,1.00
2017.02.28 10:27:28.416,0.76259,0.76275,1.37,1.00
2017.02.28 10:27:29.078,0.76258,0.76274,1.37,1.12
2017.02.28 10:27:30.212,0.76258,0.76274,1.37,1.37
2017.02.28 10:27:37.800,0.76259,0.76275,1.37,1.37
2017.02.28 10:27:38.324,0.76257,0.76275,1.75,1.37
2017.02.28 10:27:40.624,0.76256,0.76272,3.00,1.00
2017.02.28 10:27:40.724,0.76254,0.7627,3.00,1.00
2017.02.28 10:27:41.295,0.76256,0.76272,1.12,1.37
2017.02.28 10:27:41.345,0.76256,0.76272,1.37,1.12
2017.02.28 10:27:42.125,0.76259,0.76275,1.00,3.00
2017.02.28 10:27:42.276,0.76259,0.76275,1.12,1.12
2017.02.28 10:27:47.060,0.7626,0.76276,1.00,1.37
2017.02.28 10:27:50.092,0.76259,0.76274,1.37,1.00
2017.02.28 10:27:52.945,0.7626,0.76275,1.12,1.12
2017.02.28 10:28:00.678,0.76258,0.76273,1.37,1.00
2017.02.28 10:28:01.729,0.76258,0.76274,1.37,1.12
2017.02.28 10:28:01.930,0.76255,0.76273,3.75,1.00
2017.02.28 10:28:02.110,0.76255,0.76273,1.37,1.37
2017.02.28 10:28:02.412,0.76258,0.76274,1.00,1.37
2017.02.28 10:28:02.596,0.7626,0.76276,1.00,1.37
2017.02.28 10:28:03.208,0.76261,0.76276,1.00,1.37
2017.02.28 10:28:03.309,0.76261,0.76276,1.00,1.12
2017.02.28 10:28:03.798,0.76262,0.76277,1.37,1.12
2017.02.28 10:28:04.608,0.76262,0.76279,1.37,1.12
2017.02.28 10:28:05.150,0.76264,0.76279,1.37,1.12
2017.02.28 10:28:05.301,0.76265,0.7628,1.37,1.00
2017.02.28 10:28:05.714,0.76264,0.76279,1.37,1.12
2017.02.28 10:28:12.906,0.76262,0.76278,1.37,1.00
2017.02.28 10:28:13.682,0.76262,0.76278,1.37,1.37
2017.02.28 10:28:14.538,0.76259,0.76274,3.00,1.00
2017.02.28 10:28:14.783,0.76257,0.76272,1.37,1.00
2017.02.28 10:28:15.314,0.76258,0.76275,1.12,1.37
2017.02.28 10:28:15.554,0.76258,0.76275,1.37,1.37
2017.02.28 10:28:15.911,0.76258,0.76273,1.12,1.12
2017.02.28 10:28:16.826,0.76259,0.76274,1.00,1.37
2017.02.28 10:28:20.716,0.7626,0.76275,1.00,1.37
2017.02.28 10:28:20.767,0.7626,0.76275,1.00,1.12
2017.02.28 10:28:21.275,0.76258,0.76275,1.37,1.12
2017.02.28 10:28:21.496,0.76258,0.76275,1.37,1.37
2017.02.28 10:28:22.101,0.76258,0.76275,1.37,1.37
2017.02.28 10:28:25.940,0.76259,0.76274,1.12,1.37
2017.02.28 10:28:26.475,0.76259,0.76273,1.37,1.00
2017.02.28 10:28:28.896,0.7626,0.76274,1.12,1.12
2017.02.28 10:28:31.490,0.76261,0.76275,1.00,1.37
2017.02.28 10:28:32.033,0.7626,0.76277,1.12,3.00
2017.02.28 10:28:34.022,0.76261,0.76275,1.00,1.37
2017.02.28 10:28:34.750,0.76261,0.76275,1.12,1.12
2017.02.28 10:28:37.167,0.7626,0.76275,1.12,1.37
2017.02.28 10:28:37.268,0.76258,0.76274,1.12,1.12
2017.02.28 10:28:37.469,0.76258,0.76274,1.37,1.00
2017.02.28 10:28:37.569,0.76258,0.76274,1.00,1.12
2017.02.28 10:28:38.173,0.76257,0.76274,1.12,1.12
2017.02.28 10:28:38.510,0.76258,0.76272,1.00,1.00
2017.02.28 10:28:39.237,0.76257,0.76272,1.12,1.00
2017.02.28 10:28:42.178,0.76257,0.76271,1.12,1.00
2017.02.28 10:28:42.699,0.76256,0.76271,1.37,1.00
2017.02.28 10:28:44.980,0.76257,0.76271,1.37,1.00
2017.02.28 10:28:45.574,0.76257,0.76271,1.37,1.00
2017.02.28 10:28:46.150,0.76257,0.76272,1.37,1.12
2017.02.28 10:28:48.788,0.76258,0.76272,1.00,1.37
2017.02.28 10:28:50.113,0.76257,0.76272,1.12,1.37
2017.02.28 10:28:51.467,0.76256,0.76273,1.12,1.37
2017.02.28 10:28:51.804,0.76258,0.76273,1.00,1.37
2017.02.28 10:28:52.446,0.76257,0.76271,1.12,1.12
2017.02.28 10:28:56.128,0.76256,0.76271,1.00,1.37
2017.02.28 10:28:57.130,0.76256,0.7627,1.00,1.37
2017.02.28 10:28:57.745,0.76255,0.76269,1.12,1.12
2017.02.28 10:28:58.210,0.76254,0.76268,1.37,2.25
2017.02.28 10:28:58.552,0.76251,0.76263,1.00,1.37
2017.02.28 10:28:58.603,0.76246,0.76263,1.37,1.37
2017.02.28 10:28:58.654,0.76246,0.76263,1.12,1.12
2017.02.28 10:28:58.707,0.76246,0.76263,1.37,1.37
2017.02.28 10:28:59.117,0.76249,0.76263,1.00,1.37
2017.02.28 10:29:03.113,0.7625,0.76264,1.00,1.37
2017.02.28 10:29:05.585,0.76249,0.76264,1.00,1.37
2017.02.28 10:29:06.325,0.76249,0.76264,1.12,1.37
2017.02.28 10:29:07.245,0.76246,0.76262,1.37,1.12
2017.02.28 10:29:07.345,0.76245,0.76261,1.87,1.12
2017.02.28 10:29:07.547,0.76245,0.76261,1.87,1.37
2017.02.28 10:29:08.740,0.76245,0.7626,1.37,1.12
2017.02.28 10:29:13.582,0.76243,0.76259,1.87,1.00
2017.02.28 10:29:13.683,0.76241,0.76258,1.37,1.00
2017.02.28 10:29:13.783,0.76241,0.76256,3.00,1.00
2017.02.28 10:29:13.884,0.76239,0.76256,2.25,1.12
2017.02.28 10:29:13.985,0.76238,0.76256,1.87,1.12
2017.02.28 10:29:18.040,0.76239,0.76254,1.37,1.00
2017.02.28 10:29:18.577,0.76239,0.76255,1.75,1.12
2017.02.28 10:29:18.969,0.76239,0.76255,1.12,1.37
2017.02.28 10:29:19.263,0.76239,0.76255,1.37,1.00
2017.02.28 10:29:19.669,0.76238,0.76254,1.37,1.37
2017.02.28 10:29:20.254,0.76238,0.76254,1.37,1.00
2017.02.28 10:29:20.861,0.76237,0.76253,2.25,1.00
2017.02.28 10:29:24.073,0.76237,0.76252,1.87,1.00
2017.02.28 10:29:24.588,0.7624,0.76256,1.00,3.00
2017.02.28 10:29:24.719,0.7624,0.76256,1.12,1.00
2017.02.28 10:29:24.972,0.7624,0.76256,1.37,1.12
2017.02.28 10:29:25.293,0.7624,0.76256,1.12,1.12
2017.02.28 10:29:29.488,0.76238,0.76256,1.37,1.37
2017.02.28 10:29:29.589,0.76238,0.76256,1.12,1.37
2017.02.28 10:29:32.178,0.76239,0.76256,1.00,1.37
2017.02.28 10:29:32.329,0.76242,0.76257,1.00,1.37
2017.02.28 10:29:32.483,0.76242,0.76257,1.37,1.12
2017.02.28 10:29:34.327,0.76241,0.76257,1.37,1.37
2017.02.28 10:29:34.915,0.76241,0.76257,1.12,1.37
2017.02.28 10:29:37.036,0.76241,0.76256,1.37,1.12
2017.02.28 10:29:40.701,0.76239,0.76257,2.62,1.37
2017.02.28 10:29:41.312,0.76239,0.76257,2.62,1.37
2017.02.28 10:29:42.045,0.76239,0.76253,1.37,1.00
2017.02.28 10:29:42.146,0.76238,0.76254,1.37,1.00
2017.02.28 10:29:42.665,0.76237,0.76253,1.37,1.12
2017.02.28 10:29:45.745,0.76239,0.76255,1.37,1.37
2017.02.28 10:29:46.295,0.76238,0.76255,3.37,1.12
2017.02.28 10:29:48.845,0.76238,0.76254,3.37,1.00
2017.02.28 10:29:50.561,0.76239,0.76255,1.37,1.12
2017.02.28 10:29:51.090,0.7624,0.76256,1.87,1.12
2017.02.28 10:29:51.309,0.7624,0.76258,1.87,1.12
2017.02.28 10:29:51.651,0.7624,0.76258,3.00,1.12
2017.02.28 10:29:51.986,0.7624,0.76258,1.37,1.37
2017.02.28 10:29:53.276,0.7624,0.76258,1.37,1.37
2017.02.28 10:29:53.869,0.76241,0.76256,1.37,1.12
2017.02.28 10:29:54.556,0.76243,0.76259,1.00,1.37
2017.02.28 10:29:54.857,0.76243,0.76257,2.25,1.00
2017.02.28 10:29:54.958,0.7624,0.76257,1.37,1.00
2017.02.28 10:29:55.526,0.7624,0.76257,1.37,1.37
2017.02.28 10:29:58.645,0.7624,0.76257,3.00,1.00
2017.02.28 10:29:59.081,0.7624,0.76255,3.00,1.00
2017.02.28 10:29:59.765,0.7624,0.76257,3.37,1.00
2017.02.28 10:30:00.192,0.7624,0.76257,1.50,1.00
2017.02.28 10:30:00.797,0.7624,0.76256,1.87,1.00
2017.02.28 10:30:01.339,0.7624,0.76255,1.87,1.00
2017.02.28 10:30:02.586,0.7624,0.76255,1.37,1.12
2017.02.28 10:30:05.094,0.7624,0.76255,1.87,1.12
2017.02.28 10:30:06.931,0.76239,0.76257,1.87,1.00
2017.02.28 10:30:07.618,0.7624,0.76257,1.37,1.37
2017.02.28 10:30:11.967,0.76241,0.76256,1.37,1.00
2017.02.28 10:30:12.694,0.76241,0.76256,1.37,1.00
2017.02.28 10:30:12.795,0.76241,0.76258,1.37,1.12
2017.02.28 10:30:13.324,0.76241,0.76258,1.37,1.00
2017.02.28 10:30:13.900,0.76242,0.76257,1.37,1.00
2017.02.28 10:30:16.584,0.76243,0.76259,1.37,1.12
2017.02.28 10:30:16.923,0.76246,0.76261,1.37,1.12
2017.02.28 10:30:17.617,0.76247,0.76262,1.12,1.00
2017.02.28 10:30:18.276,0.76248,0.76263,1.00,1.12
2017.02.28 10:30:18.906,0.76248,0.76263,1.37,1.12
2017.02.28 10:30:19.584,0.76247,0.76264,1.37,1.37
2017.02.28 10:30:20.080,0.76247,0.76264,3.00,1.12
2017.02.28 10:30:20.381,0.76247,0.76264,1.37,1.37
2017.02.28 10:30:28.793,0.76247,0.76264,1.37,1.37
2017.02.28 10:30:31.211,0.76247,0.76262,1.37,1.00
2017.02.28 10:30:31.821,0.76247,0.76262,1.37,1.00
2017.02.28 10:30:35.449,0.76247,0.76262,1.37,1.00
2017.02.28 10:30:36.114,0.76247,0.76263,1.37,1.12
2017.02.28 10:30:37.837,0.76246,0.76261,1.50,1.12
2017.02.28 10:30:38.153,0.76244,0.76258,1.00,1.37
2017.02.28 10:30:38.739,0.76244,0.76259,1.37,1.12
2017.02.28 10:30:41.119,0.76246,0.76262,1.00,3.22
2017.02.28 10:30:41.305,0.7625,0.76262,1.00,3.22
2017.02.28 10:30:41.456,0.76251,0.76268,1.00,3.00
2017.02.28 10:30:44.606,0.7625,0.76266,1.00,1.37
2017.02.28 10:30:44.757,0.76252,0.76268,1.00,3.00
2017.02.28 10:30:46.212,0.76251,0.76268,1.00,3.00
2017.02.28 10:30:47.440,0.7625,0.76266,1.00,1.37
2017.02.28 10:30:47.807,0.7625,0.76266,1.00,3.00
2017.02.28 10:30:48.378,0.76249,0.76265,1.12,1.37
2017.02.28 10:30:50.494,0.76246,0.76262,1.87,1.00
2017.02.28 10:30:50.646,0.76246,0.76262,1.12,1.37
2017.02.28 10:30:51.174,0.76246,0.76264,1.12,3.00
2017.02.28 10:30:51.543,0.76248,0.76263,1.00,1.37
2017.02.28 10:30:52.529,0.76249,0.76264,1.00,3.00
2017.02.28 10:30:52.680,0.7625,0.76265,1.00,2.25
2017.02.28 10:30:53.075,0.76251,0.76266,1.00,1.37
2017.02.28 10:30:53.667,0.76252,0.76267,1.00,1.37
2017.02.28 10:30:54.215,0.76251,0.76266,1.00,1.37
2017.02.28 10:30:54.266,0.76251,0.76266,1.00,1.37
2017.02.28 10:30:55.167,0.7625,0.76266,1.00,1.37
2017.02.28 10:30:55.704,0.7625,0.76266,1.12,1.37
2017.02.28 10:30:56.216,0.7625,0.76265,1.00,1.12
2017.02.28 10:30:56.540,0.76247,0.76263,1.12,1.12
2017.02.28 10:30:56.591,0.76247,0.76263,1.12,1.37
2017.02.28 10:30:57.275,0.76248,0.76264,1.00,3.00
2017.02.28 10:30:57.901,0.76249,0.76264,1.00,1.37
2017.02.28 10:30:58.102,0.7625,0.76266,1.12,1.12
2017.02.28 10:31:00.762,0.76249,0.76267,1.37,2.47
2017.02.28 10:31:00.863,0.76248,0.76265,1.12,1.35
2017.02.28 10:31:03.399,0.76246,0.76265,1.37,3.60
2017.02.28 10:31:03.945,0.76246,0.76264,1.37,2.25
2017.02.28 10:31:08.564,0.76248,0.76264,1.00,2.62
2017.02.28 10:31:09.151,0.76249,0.76266,1.00,3.37
2017.02.28 10:31:09.778,0.76248,0.76266,1.12,3.37
2017.02.28 10:31:10.518,0.76247,0.76266,1.00,3.00
2017.02.28 10:31:12.165,0.76249,0.76266,1.00,3.00
2017.02.28 10:31:15.784,0.76249,0.76266,1.00,3.00
2017.02.28 10:31:17.140,0.7625,0.76266,1.00,3.00
2017.02.28 10:31:18.436,0.76251,0.76266,1.00,2.25
2017.02.28 10:31:19.154,0.7625,0.76267,1.00,2.25
2017.02.28 10:31:19.963,0.76252,0.76267,1.00,2.25
2017.02.28 10:31:20.092,0.76252,0.76269,1.12,3.60
2017.02.28 10:31:20.693,0.76252,0.76269,1.00,3.60
2017.02.28 10:31:22.140,0.76251,0.76268,1.00,2.85
2017.02.28 10:31:22.419,0.76252,0.76269,1.00,3.60
2017.02.28 10:31:22.960,0.76251,0.76269,1.00,4.35
2017.02.28 10:31:23.010,0.76251,0.76267,1.00,2.25
2017.02.28 10:31:24.418,0.76251,0.76267,1.00,2.25
2017.02.28 10:31:25.155,0.7625,0.76267,1.12,2.25
2017.02.28 10:31:26.961,0.7625,0.76268,1.12,3.82
2017.02.28 10:31:27.953,0.76251,0.76268,1.00,3.82
2017.02.28 10:31:28.466,0.76251,0.76269,1.37,3.75
2017.02.28 10:31:29.128,0.76251,0.76268,1.12,2.25
2017.02.28 10:31:29.698,0.76248,0.76266,1.37,4.35
2017.02.28 10:31:29.748,0.76248,0.76266,1.37,5.10
2017.02.28 10:31:29.799,0.76245,0.76263,2.25,1.60
2017.02.28 10:31:29.849,0.76244,0.76261,3.75,1.00
2017.02.28 10:31:30.023,0.76244,0.76261,1.12,3.00
2017.02.28 10:31:30.765,0.76244,0.76261,1.37,1.37
2017.02.28 10:31:30.866,0.76244,0.76261,1.37,1.12
2017.02.28 10:31:31.701,0.76245,0.76262,1.12,1.37
2017.02.28 10:31:32.226,0.76244,0.76262,1.37,1.87
2017.02.28 10:31:32.940,0.76245,0.76262,1.12,1.37
2017.02.28 10:31:37.060,0.76245,0.76262,1.00,3.37
2017.02.28 10:31:37.767,0.76243,0.76262,1.37,3.37
2017.02.28 10:31:38.339,0.76244,0.76261,1.00,3.37
2017.02.28 10:31:40.305,0.76243,0.76261,1.12,4.50
2017.02.28 10:31:41.355,0.76244,0.76261,1.00,3.75
2017.02.28 10:31:42.348,0.76244,0.76261,1.12,1.37
2017.02.28 10:31:43.981,0.76245,0.76261,1.12,1.37
2017.02.28 10:31:45.957,0.76245,0.76261,1.12,1.37
2017.02.28 10:31:46.480,0.76246,0.76262,1.00,1.37
2017.02.28 10:31:48.761,0.76246,0.76264,1.37,5.85
2017.02.28 10:31:49.601,0.76245,0.76262,1.12,2.85
2017.02.28 10:31:50.332,0.76244,0.76261,1.00,1.37
2017.02.28 10:31:51.690,0.76243,0.76261,1.12,2.25
2017.02.28 10:31:52.311,0.76243,0.76261,1.12,4.50
2017.02.28 10:31:52.842,0.76244,0.76261,1.12,1.37
2017.02.28 10:31:53.366,0.76244,0.76262,1.37,1.72
2017.02.28 10:31:53.727,0.76243,0.76261,1.12,2.25
2017.02.28 10:31:54.008,0.76243,0.76262,1.37,1.72
2017.02.28 10:31:55.196,0.76243,0.76261,1.12,2.25
2017.02.28 10:31:55.876,0.76242,0.7626,1.37,2.25
2017.02.28 10:31:58.488,0.76242,0.76262,1.12,5.10
2017.02.28 10:31:58.698,0.76243,0.76261,1.50,1.37
2017.02.28 10:31:59.230,0.76244,0.76261,1.00,3.97
2017.02.28 10:31:59.937,0.76244,0.7626,1.12,1.37
2017.02.28 10:32:05.643,0.76243,0.7626,1.12,3.00
2017.02.28 10:32:06.833,0.76243,0.7626,1.00,4.50
2017.02.28 10:32:10.243,0.76243,0.76259,1.00,2.25
2017.02.28 10:32:10.322,0.76243,0.7626,1.00,3.75
2017.02.28 10:32:15.471,0.76244,0.7626,1.00,3.00
2017.02.28 10:32:16.074,0.76245,0.76261,1.00,3.97
2017.02.28 10:32:19.585,0.76245,0.76263,1.00,1.37
2017.02.28 10:32:20.108,0.76245,0.76262,1.00,2.25
2017.02.28 10:32:21.558,0.76245,0.76261,1.00,2.25
2017.02.28 10:32:23.821,0.76247,0.76261,1.00,2.25
2017.02.28 10:32:23.997,0.76247,0.76264,1.00,3.97
2017.02.28 10:32:24.511,0.76248,0.76264,1.00,1.37
2017.02.28 10:32:25.137,0.76247,0.76264,1.12,1.37
2017.02.28 10:32:26.300,0.76246,0.76264,1.00,4.72
2017.02.28 10:32:27.895,0.76247,0.76263,1.00,3.00
2017.02.28 10:32:29.203,0.76246,0.76264,1.12,4.72
2017.02.28 10:32:29.730,0.76247,0.76264,1.00,4.72
2017.02.28 10:32:30.269,0.76246,0.76264,1.12,5.47
2017.02.28 10:32:30.791,0.76246,0.76262,1.00,2.25
2017.02.28 10:32:31.452,0.76246,0.76262,1.00,2.25
2017.02.28 10:32:39.516,0.76244,0.76262,1.12,3.00
2017.02.28 10:32:41.927,0.76243,0.76261,1.00,1.37
2017.02.28 10:32:42.436,0.76244,0.76261,1.12,2.25
2017.02.28 10:32:42.948,0.76243,0.7626,1.00,2.25
2017.02.28 10:32:43.756,0.76243,0.7626,1.00,3.00
2017.02.28 10:32:44.952,0.76239,0.76247,1.37,1.00
2017.02.28 10:32:45.003,0.76238,0.76258,1.50,1.97
2017.02.28 10:32:45.053,0.76238,0.7625,1.37,1.30
2017.02.28 10:32:45.402,0.76225,0.7623,1.00,1.87
2017.02.28 10:32:45.503,0.76212,0.76229,1.87,1.67
2017.02.28 10:32:45.553,0.76214,0.76228,1.50,2.25
2017.02.28 10:32:45.685,0.76211,0.7623,1.87,2.25
2017.02.28 10:32:45.899,0.76214,0.76229,1.00,2.25
2017.02.28 10:32:45.949,0.76214,0.7623,1.12,1.37
2017.02.28 10:32:46.239,0.76214,0.7623,1.37,1.12
2017.02.28 10:32:46.953,0.76212,0.7623,1.37,1.37
2017.02.28 10:32:47.375,0.7621,0.76227,3.00,1.00
2017.02.28 10:32:47.577,0.76207,0.76227,3.00,1.87
2017.02.28 10:32:48.117,0.76207,0.76228,3.00,3.75
2017.02.28 10:32:48.887,0.76208,0.76228,1.12,2.62
2017.02.28 10:32:49.035,0.76208,0.76227,1.37,3.75
2017.02.28 10:32:49.339,0.76208,0.76228,1.37,3.00
2017.02.28 10:32:50.075,0.76208,0.76228,1.37,3.00
2017.02.28 10:32:50.885,0.76208,0.76228,1.37,3.75
2017.02.28 10:32:54.558,0.76211,0.76226,1.12,1.00
2017.02.28 10:32:55.356,0.7621,0.76225,1.37,1.00
2017.02.28 10:32:55.910,0.7621,0.76226,1.37,1.50
2017.02.28 10:32:56.014,0.7621,0.76226,1.00,1.87
2017.02.28 10:32:56.562,0.76209,0.76225,1.12,1.00
2017.02.28 10:32:57.131,0.7621,0.76225,1.00,1.00
2017.02.28 10:32:59.048,0.76208,0.76225,1.37,1.00
2017.02.28 10:32:59.098,0.76208,0.76225,3.00,1.00
2017.02.28 10:32:59.159,0.76208,0.76225,1.37,1.00
2017.02.28 10:32:59.670,0.76208,0.76225,1.12,1.12
2017.02.28 10:32:59.781,0.7621,0.76225,1.37,1.12
2017.02.28 10:33:01.522,0.76209,0.76224,1.37,1.00
2017.02.28 10:33:02.102,0.76207,0.76224,1.37,1.12
2017.02.28 10:33:04.563,0.76208,0.76224,1.12,1.12
2017.02.28 10:33:06.066,0.76209,0.76224,1.00,1.12
2017.02.28 10:33:06.574,0.76205,0.7622,1.37,1.00
2017.02.28 10:33:06.945,0.76205,0.76216,1.00,2.25
2017.02.28 10:33:06.997,0.76205,0.76218,1.00,1.37
2017.02.28 10:33:07.291,0.76205,0.76222,1.00,3.00
2017.02.28 10:33:07.826,0.76204,0.76222,1.00,1.37
2017.02.28 10:33:08.360,0.76205,0.7622,1.00,1.12
2017.02.28 10:33:11.081,0.76205,0.7622,1.00,1.37
2017.02.28 10:33:11.940,0.76204,0.7622,1.00,1.37
2017.02.28 10:33:12.605,0.76204,0.7622,1.00,1.12
2017.02.28 10:33:13.209,0.76205,0.7622,1.00,1.12
2017.02.28 10:33:13.489,0.76205,0.7622,1.00,1.37
2017.02.28 10:33:14.201,0.76205,0.76221,1.12,1.37
2017.02.28 10:33:15.094,0.76205,0.76221,1.37,1.37
2017.02.28 10:33:16.093,0.76207,0.76223,1.00,1.37
2017.02.28 10:33:16.345,0.76209,0.76225,1.00,1.37
2017.02.28 10:33:16.396,0.76211,0.76227,1.00,3.75
2017.02.28 10:33:16.897,0.76211,0.76227,1.12,1.37
2017.02.28 10:33:17.631,0.76209,0.76226,1.37,1.37
2017.02.28 10:33:18.165,0.76209,0.76226,1.37,1.37
2017.02.28 10:33:18.708,0.76209,0.76226,1.37,1.37
2017.02.28 10:33:19.247,0.76209,0.76224,1.12,1.37
2017.02.28 10:33:21.095,0.76208,0.76225,1.00,1.37
2017.02.28 10:33:21.643,0.76208,0.76223,1.00,1.37
2017.02.28 10:33:22.166,0.76209,0.76225,1.00,3.75
2017.02.28 10:33:22.418,0.7621,0.76228,1.37,1.37
2017.02.28 10:33:22.990,0.7621,0.76228,1.37,1.37
2017.02.28 10:33:23.776,0.76212,0.76227,1.00,1.37
2017.02.28 10:33:23.879,0.76212,0.76227,1.12,1.12
2017.02.28 10:33:24.396,0.76211,0.76226,1.37,1.12
2017.02.28 10:33:24.971,0.76211,0.76226,1.12,1.37
2017.02.28 10:33:25.329,0.76212,0.76227,1.12,1.12
2017.02.28 10:33:27.239,0.76213,0.76229,1.00,1.37
2017.02.28 10:33:27.440,0.76214,0.76229,1.37,1.12
2017.02.28 10:33:27.659,0.76214,0.76231,1.12,1.12
2017.02.28 10:33:27.710,0.76217,0.76232,1.00,1.37
2017.02.28 10:33:28.188,0.76219,0.76235,1.00,3.00
2017.02.28 10:33:28.339,0.7622,0.76237,1.12,2.10
2017.02.28 10:33:28.918,0.7622,0.76237,1.00,3.00
2017.02.28 10:33:29.364,0.76223,0.76236,1.00,2.25
2017.02.28 10:33:29.525,0.76223,0.76238,1.00,1.37
2017.02.28 10:33:29.848,0.7622,0.76232,2.25,1.00
2017.02.28 10:33:29.949,0.76217,0.76232,3.00,1.00
2017.02.28 10:33:30.065,0.76217,0.76232,1.00,1.37
2017.02.28 10:33:30.993,0.76218,0.76233,1.00,3.00
2017.02.28 10:33:31.144,0.76217,0.76232,1.37,1.12
2017.02.28 10:33:31.719,0.76217,0.76232,1.12,1.37
2017.02.28 10:33:32.333,0.76217,0.76232,1.00,1.37
2017.02.28 10:33:33.273,0.76216,0.76231,1.00,1.37
2017.02.28 10:33:35.276,0.76217,0.76232,1.00,1.37
2017.02.28 10:33:35.887,0.76218,0.76233,1.00,1.37
2017.02.28 10:33:35.942,0.76218,0.76233,1.00,1.37
2017.02.28 10:33:36.655,0.76219,0.76234,1.00,1.37
2017.02.28 10:33:36.756,0.76219,0.76236,1.00,1.37
2017.02.28 10:33:36.806,0.76221,0.76236,1.00,1.37
2017.02.28 10:33:37.621,0.76222,0.76237,1.00,1.37
2017.02.28 10:33:38.060,0.76222,0.76237,1.12,1.37
2017.02.28 10:33:38.774,0.76223,0.76238,1.00,1.37
2017.02.28 10:33:38.975,0.76223,0.76238,1.00,1.12
2017.02.28 10:33:39.586,0.76224,0.76239,1.00,1.37
2017.02.28 10:33:40.135,0.76223,0.76238,1.12,1.37
2017.02.28 10:33:40.787,0.76223,0.76238,1.00,1.37
2017.02.28 10:33:40.888,0.76221,0.76237,1.12,1.37
2017.02.28 10:33:41.625,0.76222,0.76237,1.00,1.37
2017.02.28 10:33:44.260,0.76224,0.76239,1.00,1.37
2017.02.28 10:33:44.645,0.76226,0.76241,1.00,3.00
2017.02.28 10:33:44.796,0.76226,0.76241,1.00,1.37
2017.02.28 10:33:46.298,0.76224,0.76242,1.37,3.97
2017.02.28 10:33:46.885,0.76227,0.76241,1.00,2.25
2017.02.28 10:33:47.565,0.76227,0.76242,1.00,3.97
2017.02.28 10:33:52.006,0.76225,0.76241,1.12,1.37
2017.02.28 10:33:52.967,0.76226,0.76241,1.00,1.37
2017.02.28 10:33:56.472,0.76227,0.76242,1.00,3.00
2017.02.28 10:33:56.623,0.76228,0.76243,1.00,1.37
2017.02.28 10:33:56.723,0.76229,0.76243,1.00,2.25
2017.02.28 10:33:56.925,0.76229,0.76244,1.00,1.37
2017.02.28 10:33:57.471,0.7623,0.76245,1.00,1.37
2017.02.28 10:34:00.111,0.7623,0.76246,1.00,1.37
2017.02.28 10:34:00.635,0.76231,0.76246,1.00,1.37
2017.02.28 10:34:00.798,0.76231,0.76246,1.00,1.37
2017.02.28 10:34:01.620,0.76231,0.76246,1.00,1.37
2017.02.28 10:34:04.705,0.76231,0.76246,1.00,3.00
2017.02.28 10:34:06.185,0.7623,0.76246,1.00,3.00
2017.02.28 10:34:11.416,0.7623,0.76245,1.00,2.25
2017.02.28 10:34:13.135,0.76229,0.76244,1.00,1.37
2017.02.28 10:34:13.473,0.76229,0.76243,1.00,3.00
2017.02.28 10:34:13.991,0.76229,0.76244,1.00,2.25
2017.02.28 10:34:14.529,0.76229,0.76245,1.00,2.25
2017.02.28 10:34:15.035,0.7623,0.76244,1.00,1.37
2017.02.28 10:34:20.279,0.76227,0.76244,1.37,1.37
2017.02.28 10:34:20.579,0.76227,0.76242,1.00,1.37
2017.02.28 10:34:21.124,0.76226,0.76241,1.00,1.37
2017.02.28 10:34:22.364,0.76227,0.76242,1.00,1.37
2017.02.28 10:34:24.486,0.76226,0.76241,1.00,1.37
2017.02.28 10:34:25.039,0.76227,0.76241,1.00,1.37
2017.02.28 10:34:25.189,0.76224,0.76238,1.12,1.12
2017.02.28 10:34:25.377,0.76222,0.76237,1.00,1.37
2017.02.28 10:34:26.146,0.76222,0.76237,1.00,3.00
2017.02.28 10:34:28.645,0.7622,0.76237,1.00,3.00
2017.02.28 10:34:28.695,0.76222,0.76236,1.00,1.37
2017.02.28 10:34:28.892,0.76222,0.76236,1.00,1.37
2017.02.28 10:34:29.653,0.76222,0.76237,1.00,1.37
2017.02.28 10:34:30.048,0.76222,0.76237,1.00,3.00
2017.02.28 10:34:30.149,0.7622,0.76235,1.00,1.37
2017.02.28 10:34:30.348,0.76221,0.76236,1.12,1.37
2017.02.28 10:34:31.153,0.76221,0.76236,1.00,1.37
2017.02.28 10:34:31.399,0.76223,0.76238,1.00,3.00
2017.02.28 10:34:31.651,0.76224,0.76239,1.00,1.37
2017.02.28 10:34:32.184,0.76224,0.76238,1.00,2.25
2017.02.28 10:34:34.876,0.76221,0.76237,1.12,1.37
2017.02.28 10:34:34.927,0.76223,0.76237,1.00,1.37
2017.02.28 10:34:35.432,0.76223,0.76237,1.00,1.37
2017.02.28 10:34:36.013,0.76224,0.76238,1.00,1.37
2017.02.28 10:34:36.786,0.76223,0.76237,1.00,1.37
2017.02.28 10:34:39.589,0.76224,0.76239,1.00,3.00
2017.02.28 10:34:39.877,0.76225,0.76239,1.00,1.37
2017.02.28 10:34:40.436,0.76224,0.76238,1.00,1.12
2017.02.28 10:34:40.487,0.76223,0.76238,1.00,3.00
2017.02.28 10:34:40.588,0.7622,0.76235,1.37,1.12
2017.02.28 10:34:40.739,0.76219,0.76232,2.25,1.00
2017.02.28 10:34:40.789,0.76218,0.76232,1.12,1.12
2017.02.28 10:34:41.094,0.76218,0.76232,1.00,1.37
2017.02.28 10:34:41.818,0.76218,0.76234,1.00,1.37
2017.02.28 10:34:42.459,0.76217,0.76234,1.12,1.37
2017.02.28 10:34:44.273,0.76219,0.76234,1.00,1.37
2017.02.28 10:34:44.788,0.7622,0.76234,1.00,1.37
2017.02.28 10:34:44.891,0.7622,0.76234,1.00,1.37
2017.02.28 10:34:46.151,0.76219,0.76234,1.00,1.37
2017.02.28 10:34:46.677,0.7622,0.76235,1.00,1.37
2017.02.28 10:34:46.880,0.7622,0.76235,1.00,1.00
2017.02.28 10:34:47.172,0.76217,0.76232,1.37,1.00
2017.02.28 10:34:47.223,0.76217,0.76232,1.12,1.12
2017.02.28 10:34:47.491,0.76217,0.76232,1.00,1.37
2017.02.28 10:34:49.013,0.76218,0.76233,1.00,1.37
2017.02.28 10:34:49.739,0.76218,0.76233,1.00,1.37
2017.02.28 10:34:50.623,0.76218,0.76234,1.12,1.37
2017.02.28 10:34:58.237,0.76215,0.76233,1.50,1.37
2017.02.28 10:34:58.860,0.76215,0.76232,1.50,2.25
2017.02.28 10:35:00.870,0.76216,0.76231,1.00,1.37
2017.02.28 10:35:01.123,0.76214,0.7623,1.12,1.37
2017.02.28 10:35:02.109,0.76214,0.7623,1.00,1.37
2017.02.28 10:35:04.078,0.76213,0.7623,1.12,1.37
2017.02.28 10:35:04.606,0.76214,0.76229,1.00,1.37
2017.02.28 10:35:05.053,0.76213,0.76228,1.00,1.37
2017.02.28 10:35:05.254,0.76211,0.76226,1.12,1.12
2017.02.28 10:35:05.355,0.76211,0.76226,1.00,1.37
2017.02.28 10:35:05.957,0.76211,0.76226,1.00,1.37
2017.02.28 10:35:06.418,0.76211,0.76226,1.12,1.37
2017.02.28 10:35:10.534,0.76212,0.76226,1.00,1.37
2017.02.28 10:35:15.951,0.76213,0.76227,1.00,1.37
2017.02.28 10:35:16.457,0.76213,0.76227,1.00,1.37
2017.02.28 10:35:18.468,0.76211,0.76228,1.37,1.37
2017.02.28 10:35:21.599,0.76213,0.76228,1.00,1.37
2017.02.28 10:35:22.209,0.76212,0.76227,1.37,1.12
2017.02.28 10:35:23.050,0.76213,0.76227,1.00,1.37
2017.02.28 10:35:23.451,0.76213,0.76227,1.12,1.12
2017.02.28 10:35:25.155,0.76213,0.76228,1.00,1.37
2017.02.28 10:35:25.797,0.76213,0.76228,1.12,1.37
2017.02.28 10:35:27.993,0.7621,0.76226,1.87,1.00
2017.02.28 10:35:28.094,0.76209,0.76226,1.87,1.37
2017.02.28 10:35:28.261,0.76209,0.76226,1.12,1.37
2017.02.28 10:35:28.794,0.7621,0.76226,1.00,1.37
2017.02.28 10:35:29.352,0.7621,0.76227,1.12,3.00
2017.02.28 10:35:30.000,0.7621,0.76227,1.00,3.00
2017.02.28 10:35:30.364,0.76212,0.76226,1.00,1.37
2017.02.28 10:35:30.415,0.76212,0.76226,1.00,1.37
2017.02.28 10:35:31.214,0.7621,0.76225,1.37,1.12
2017.02.28 10:35:31.468,0.76209,0.76225,1.12,1.37
2017.02.28 10:35:31.770,0.76211,0.76227,1.00,1.37
2017.02.28 10:35:33.718,0.76211,0.76226,1.00,1.37
2017.02.28 10:35:34.223,0.76209,0.76225,1.37,1.37
2017.02.28 10:35:36.640,0.76209,0.76225,1.00,1.37
2017.02.28 10:35:40.474,0.7621,0.76225,1.00,1.37
2017.02.28 10:35:41.109,0.7621,0.76225,1.00,1.37
2017.02.28 10:35:41.693,0.76208,0.76225,1.37,1.37
2017.02.28 10:35:42.213,0.76209,0.76224,1.00,1.37
2017.02.28 10:35:42.772,0.7621,0.76225,1.00,3.00
2017.02.28 10:35:43.293,0.7621,0.76225,1.00,1.37
2017.02.28 10:35:43.914,0.7621,0.76225,1.12,1.37
2017.02.28 10:35:45.575,0.76211,0.76226,1.00,1.37
2017.02.28 10:35:46.858,0.7621,0.76226,1.12,1.37
2017.02.28 10:35:50.265,0.76211,0.76226,1.00,1.37
2017.02.28 10:35:56.614,0.76211,0.76226,1.12,1.37
2017.02.28 10:35:59.653,0.76211,0.76228,1.37,1.37
2017.02.28 10:35:59.964,0.76214,0.76229,1.00,1.37
2017.02.28 10:36:00.064,0.76214,0.76229,1.00,1.00
2017.02.28 10:36:00.601,0.76215,0.7623,1.12,1.37
2017.02.28 10:36:01.117,0.76216,0.7623,1.00,1.37
2017.02.28 10:36:01.639,0.76216,0.7623,1.37,1.00
2017.02.28 10:36:02.142,0.76213,0.76229,1.37,1.00
2017.02.28 10:36:02.652,0.76213,0.76229,1.00,1.37
2017.02.28 10:36:02.936,0.76211,0.76229,1.37,1.37
2017.02.28 10:36:03.239,0.76214,0.76229,1.12,1.37
2017.02.28 10:36:03.575,0.76214,0.76229,1.37,1.00
2017.02.28 10:36:04.142,0.76215,0.7623,1.37,1.12
2017.02.28 10:36:05.142,0.76213,0.76228,1.37,1.00
2017.02.28 10:36:05.366,0.76211,0.76226,1.00,1.37
2017.02.28 10:36:05.855,0.76212,0.76227,1.37,1.00
2017.02.28 10:36:06.426,0.76213,0.76228,1.37,1.12
2017.02.28 10:36:07.091,0.76212,0.76228,1.12,1.37
2017.02.28 10:36:07.611,0.76213,0.76229,1.00,1.37
2017.02.28 10:36:07.661,0.76213,0.76229,1.12,1.12
2017.02.28 10:36:08.240,0.76212,0.76228,1.12,1.12
2017.02.28 10:36:08.491,0.76214,0.76229,1.00,1.37
2017.02.28 10:36:08.642,0.76212,0.76228,1.12,1.12
2017.02.28 10:36:08.893,0.76212,0.76228,1.37,1.12
2017.02.28 10:36:09.195,0.76211,0.76228,1.37,1.37
2017.02.28 10:36:09.873,0.7621,0.76226,1.37,1.37
2017.02.28 10:36:10.411,0.76212,0.76228,1.00,1.37
2017.02.28 10:36:10.462,0.76212,0.76228,1.00,1.37
2017.02.28 10:36:10.663,0.76211,0.76228,3.00,1.00
2017.02.28 10:36:10.764,0.76211,0.76228,1.37,1.37
2017.02.28 10:36:10.965,0.76212,0.76228,1.00,1.37
2017.02.28 10:36:11.088,0.76212,0.76229,1.37,1.37
2017.02.28 10:36:11.189,0.76212,0.76229,1.37,1.12
2017.02.28 10:36:12.854,0.76214,0.7623,1.37,1.12
2017.02.28 10:36:14.775,0.76214,0.76232,1.12,1.37
2017.02.28 10:36:15.159,0.76216,0.76232,1.12,1.37
2017.02.28 10:36:16.138,0.76217,0.76233,1.00,1.37
2017.02.28 10:36:16.360,0.76217,0.76233,1.00,1.37
2017.02.28 10:36:17.107,0.76218,0.76233,1.00,1.37
2017.02.28 10:36:21.445,0.76216,0.76234,1.00,2.10
2017.02.28 10:36:21.603,0.76217,0.76232,1.00,1.37
2017.02.28 10:36:26.595,0.76217,0.76233,1.00,1.37
2017.02.28 10:36:34.373,0.7622,0.76235,1.00,2.25
2017.02.28 10:36:34.423,0.7622,0.76236,1.00,3.00
2017.02.28 10:36:34.625,0.76221,0.76238,1.00,1.37
2017.02.28 10:36:35.813,0.76217,0.76238,3.00,2.25
2017.02.28 10:36:36.576,0.76222,0.76237,1.00,1.37
2017.02.28 10:36:38.533,0.76221,0.76236,1.00,1.37
2017.02.28 10:36:39.270,0.76221,0.76236,1.00,1.37
2017.02.28 10:36:41.685,0.76222,0.76236,1.00,1.37
2017.02.28 10:36:42.288,0.76222,0.76236,1.00,1.37
2017.02.28 10:36:42.834,0.76223,0.76238,1.00,3.00
2017.02.28 10:36:43.607,0.76223,0.76238,1.00,1.37
2017.02.28 10:36:44.898,0.76224,0.76239,1.00,2.10
2017.02.28 10:36:45.049,0.76224,0.76239,1.00,1.37
2017.02.28 10:36:45.412,0.76224,0.76239,1.00,3.00
2017.02.28 10:36:45.636,0.76224,0.76239,1.00,1.37
2017.02.28 10:36:46.226,0.76224,0.76239,1.00,1.12
2017.02.28 10:36:46.408,0.76221,0.76235,1.12,1.00
2017.02.28 10:36:47.216,0.76221,0.76237,1.37,1.87
2017.02.28 10:36:47.953,0.76221,0.76237,1.00,1.37
2017.02.28 10:36:48.818,0.76221,0.76237,1.37,1.37
2017.02.28 10:36:49.332,0.76221,0.76237,1.00,1.37
2017.02.28 10:36:51.547,0.7622,0.76236,1.12,1.12
2017.02.28 10:36:51.849,0.76219,0.76235,1.00,2.25
2017.02.28 10:36:52.489,0.76219,0.76236,1.12,3.75
2017.02.28 10:36:55.663,0.76219,0.76234,1.00,1.37
2017.02.28 10:36:56.533,0.76218,0.76234,1.00,1.37
2017.02.28 10:37:01.552,0.76219,0.76233,1.00,1.37
2017.02.28 10:37:02.079,0.7622,0.76235,1.00,3.00
2017.02.28 10:37:02.399,0.76228,0.76242,1.00,1.37
2017.02.28 10:37:02.450,0.76228,0.76242,1.12,1.12
2017.02.28 10:37:02.651,0.76228,0.76242,1.00,3.00
2017.02.28 10:37:02.856,0.76228,0.76242,1.00,1.37
2017.02.28 10:37:03.565,0.76227,0.76241,1.00,1.37
2017.02.28 10:37:04.275,0.76228,0.76243,1.00,3.22
2017.02.28 10:37:04.783,0.76227,0.76242,1.00,1.37
2017.02.28 10:37:05.260,0.76229,0.76244,1.00,1.37
2017.02.28 10:37:05.687,0.76229,0.76244,1.00,1.37
2017.02.28 10:37:06.056,0.76232,0.76247,1.00,3.75
2017.02.28 10:37:06.363,0.76233,0.76248,1.00,1.37
2017.02.28 10:37:13.225,0.76233,0.76247,1.00,1.37
2017.02.28 10:37:14.852,0.76232,0.76247,1.00,1.37
2017.02.28 10:37:15.003,0.7623,0.76247,1.12,1.37
2017.02.28 10:37:15.065,0.76232,0.76246,1.00,1.37
2017.02.28 10:37:15.255,0.7623,0.76246,1.12,1.37
2017.02.28 10:37:15.316,0.76232,0.76246,1.00,1.37
2017.02.28 10:37:15.564,0.76229,0.76247,1.37,1.37
2017.02.28 10:37:16.174,0.76231,0.76247,1.00,1.37
2017.02.28 10:37:19.810,0.7623,0.76247,1.12,1.37
2017.02.28 10:37:20.465,0.76231,0.76246,1.00,1.37
2017.02.28 10:37:20.996,0.76227,0.76244,1.00,3.37
2017.02.28 10:37:21.517,0.76226,0.76244,1.37,3.75
2017.02.28 10:37:22.023,0.76228,0.76244,1.12,1.37
2017.02.28 10:37:23.657,0.76229,0.76244,1.00,1.37
2017.02.28 10:37:24.195,0.76228,0.76245,1.37,2.62
2017.02.28 10:37:24.296,0.76229,0.76243,1.00,1.37
2017.02.28 10:37:24.347,0.76227,0.76243,1.12,1.37
2017.02.28 10:37:26.500,0.76227,0.76241,1.37,1.00
2017.02.28 10:37:27.065,0.76227,0.76241,1.00,1.37
2017.02.28 10:37:27.703,0.76227,0.76242,1.12,1.37
2017.02.28 10:37:28.385,0.76227,0.76243,1.00,1.37
2017.02.28 10:37:30.519,0.76228,0.76242,1.00,1.12
2017.02.28 10:37:31.373,0.76227,0.76242,1.00,1.12
2017.02.28 10:37:31.424,0.76226,0.76242,1.00,2.10
2017.02.28 10:37:31.625,0.76226,0.76242,1.00,1.37
2017.02.28 10:37:31.957,0.76226,0.76242,1.00,3.00
2017.02.28 10:37:32.357,0.76223,0.76237,1.12,1.12
2017.02.28 10:37:32.558,0.76223,0.76237,1.00,1.37
2017.02.28 10:37:33.294,0.76221,0.76238,1.00,3.00
2017.02.28 10:37:40.075,0.76223,0.76237,1.00,1.37
2017.02.28 10:37:40.125,0.76223,0.76237,1.00,1.12
2017.02.28 10:37:40.323,0.76223,0.76237,1.00,1.37
2017.02.28 10:37:41.611,0.76221,0.76236,1.12,1.37
2017.02.28 10:37:42.135,0.7622,0.76236,1.00,1.37
2017.02.28 10:37:42.473,0.76222,0.76236,1.00,1.37
2017.02.28 10:37:42.650,0.76222,0.76238,1.12,1.37
2017.02.28 10:37:43.313,0.76223,0.76238,1.00,1.37
2017.02.28 10:37:44.048,0.76223,0.7624,1.12,3.00
2017.02.28 10:37:45.675,0.76223,0.7624,1.37,1.37
2017.02.28 10:37:47.338,0.76224,0.76239,1.00,1.37
2017.02.28 10:37:47.881,0.76225,0.76239,1.00,1.37
2017.02.28 10:37:48.512,0.76224,0.76239,1.00,1.37
2017.02.28 10:37:53.826,0.76225,0.76239,1.00,1.37
2017.02.28 10:37:53.927,0.76226,0.7624,1.00,1.37
2017.02.28 10:37:54.435,0.76226,0.7624,1.12,1.00
2017.02.28 10:37:54.944,0.76226,0.76241,1.12,1.00
2017.02.28 10:37:55.705,0.76227,0.76242,1.00,1.00
2017.02.28 10:37:56.992,0.76226,0.76241,1.12,1.00
2017.02.28 10:37:57.043,0.76224,0.76239,1.37,1.00
2017.02.28 10:37:57.143,0.76225,0.76241,1.12,1.12
2017.02.28 10:37:59.160,0.76225,0.76242,1.75,1.37
2017.02.28 10:38:01.575,0.76227,0.76244,1.37,1.37
2017.02.28 10:38:02.169,0.76229,0.76244,1.12,1.37
2017.02.28 10:38:03.340,0.7623,0.76245,1.00,1.37
2017.02.28 10:38:03.877,0.76229,0.76244,1.12,1.37
2017.02.28 10:38:04.852,0.76227,0.76244,1.37,1.37
2017.02.28 10:38:05.506,0.76227,0.76242,1.00,1.12
2017.02.28 10:38:14.952,0.76225,0.76243,1.37,1.37
2017.02.28 10:38:15.951,0.76226,0.76241,1.12,1.00
2017.02.28 10:38:16.495,0.76227,0.76242,1.12,1.37
2017.02.28 10:38:17.001,0.76227,0.76241,1.00,1.37
2017.02.28 10:38:17.440,0.76224,0.76239,1.12,1.00
2017.02.28 10:38:17.541,0.76223,0.76237,1.37,1.00
2017.02.28 10:38:18.076,0.76223,0.76237,1.00,1.12
2017.02.28 10:38:18.354,0.76221,0.76237,1.12,1.12
2017.02.28 10:38:19.790,0.76222,0.76236,1.00,1.00
2017.02.28 10:38:19.941,0.76224,0.76238,1.00,1.37
2017.02.28 10:38:20.220,0.76224,0.76241,1.37,1.37
2017.02.28 10:38:20.422,0.76226,0.76241,1.37,1.12
2017.02.28 10:38:20.837,0.76224,0.76241,1.37,1.37
2017.02.28 10:38:22.573,0.76225,0.7624,1.37,1.12
2017.02.28 10:38:23.290,0.76225,0.7624,1.12,1.37
2017.02.28 10:38:25.330,0.76226,0.76241,1.00,1.37
2017.02.28 10:38:27.257,0.76226,0.76241,1.12,1.37
2017.02.28 10:38:28.568,0.76226,0.76243,1.37,1.37
2017.02.28 10:38:29.355,0.76229,0.76243,1.00,1.37
2017.02.28 10:38:31.160,0.76228,0.76243,1.12,1.37
2017.02.28 10:38:31.704,0.76228,0.76243,1.12,1.12
2017.02.28 10:38:32.326,0.76227,0.76242,1.37,1.00
2017.02.28 10:38:37.726,0.76227,0.76244,1.37,1.37
2017.02.28 10:38:39.177,0.76228,0.76242,1.12,1.00
2017.02.28 10:38:40.228,0.76226,0.76243,1.37,1.12
2017.02.28 10:38:43.559,0.76229,0.76243,1.00,1.12
2017.02.28 10:38:44.333,0.76229,0.76244,1.37,1.12
2017.02.28 10:38:44.657,0.76227,0.76242,1.37,1.00
2017.02.28 10:38:58.112,0.76226,0.7624,1.37,1.00
2017.02.28 10:38:58.213,0.76225,0.7624,1.37,1.00
2017.02.28 10:39:02.199,0.76225,0.76242,1.37,1.37
2017.02.28 10:39:02.999,0.76225,0.7624,1.37,1.00
2017.02.28 10:39:03.634,0.76225,0.76239,1.37,1.00
2017.02.28 10:39:04.218,0.76225,0.7624,1.37,1.00
2017.02.28 10:39:05.109,0.76225,0.7624,1.12,1.00
2017.02.28 10:39:05.644,0.76226,0.7624,1.00,1.00
2017.02.28 10:39:06.200,0.76226,0.76241,1.12,1.00
2017.02.28 10:39:06.817,0.76226,0.76241,1.37,1.12
2017.02.28 10:39:07.338,0.76227,0.76242,1.37,1.12
2017.02.28 10:39:07.926,0.76228,0.76243,1.37,1.12
2017.02.28 10:39:08.509,0.76228,0.76243,1.12,1.00
2017.02.28 10:39:09.971,0.76227,0.76242,1.00,1.00
2017.02.28 10:39:10.492,0.76228,0.76243,1.00,1.12
2017.02.28 10:39:11.015,0.76227,0.76242,1.12,1.00
2017.02.28 10:39:11.178,0.76226,0.7624,1.12,1.00
2017.02.28 10:39:11.689,0.76226,0.76241,1.12,1.12
2017.02.28 10:39:12.308,0.76227,0.76242,1.12,1.37
2017.02.28 10:39:13.131,0.76227,0.76242,1.37,1.12
2017.02.28 10:39:14.342,0.76227,0.76242,1.00,1.37
2017.02.28 10:39:15.898,0.76225,0.7624,1.37,1.00
2017.02.28 10:39:16.168,0.76225,0.7624,1.12,1.12
2017.02.28 10:39:16.470,0.76225,0.7624,1.37,1.00
2017.02.28 10:39:16.992,0.76226,0.76241,1.37,1.00
2017.02.28 10:39:17.357,0.76226,0.76241,1.12,1.37
2017.02.28 10:39:23.850,0.76225,0.7624,1.12,1.37
2017.02.28 10:39:28.010,0.76226,0.7624,1.00,1.37
2017.02.28 10:39:28.515,0.76226,0.7624,1.12,1.12
2017.02.28 10:39:30.562,0.76226,0.7624,1.37,1.00
2017.02.28 10:39:32.166,0.76226,0.7624,1.00,1.00
2017.02.28 10:39:32.667,0.76225,0.7624,1.12,1.00
2017.02.28 10:39:33.345,0.76225,0.7624,1.37,1.12
2017.02.28 10:39:33.870,0.76225,0.7624,1.12,1.37
2017.02.28 10:39:34.414,0.76225,0.7624,1.37,1.00
2017.02.28 10:39:35.073,0.76225,0.7624,1.37,1.12
2017.02.28 10:39:37.880,0.76226,0.7624,1.37,1.00
2017.02.28 10:39:38.433,0.76226,0.76241,1.37,1.12
2017.02.28 10:39:40.114,0.76226,0.76241,1.12,1.00
2017.02.28 10:39:41.573,0.76226,0.7624,1.12,1.00
2017.02.28 10:39:44.407,0.76225,0.7624,1.12,1.37
2017.02.28 10:39:46.041,0.76226,0.76241,1.00,1.37
2017.02.28 10:39:46.616,0.76226,0.76241,1.12,1.37
2017.02.28 10:39:47.913,0.76226,0.76241,1.00,1.37
2017.02.28 10:39:48.596,0.76226,0.76241,1.12,1.37
2017.02.28 10:39:49.513,0.76226,0.76241,1.12,1.12
2017.02.28 10:39:50.033,0.76227,0.76242,1.00,1.37
2017.02.28 10:39:50.829,0.76227,0.76242,1.37,1.00
2017.02.28 10:39:51.338,0.76227,0.76243,1.37,1.12
2017.02.28 10:39:51.937,0.76227,0.76244,1.37,1.12
2017.02.28 10:39:52.572,0.76227,0.76244,1.50,1.37
2017.02.28 10:39:53.196,0.76227,0.76242,1.50,1.00
2017.02.28 10:39:53.525,0.76227,0.76242,1.12,1.37
2017.02.28 10:39:54.516,0.76227,0.76242,1.00,1.37
2017.02.28 10:39:54.717,0.76228,0.76243,1.00,1.12
2017.02.28 10:39:55.238,0.76227,0.76242,1.37,1.00
2017.02.28 10:39:55.873,0.76227,0.76242,1.37,1.12
2017.02.28 10:39:57.244,0.76227,0.76244,1.50,1.12
2017.02.28 10:39:57.643,0.7623,0.76245,1.37,1.00
2017.02.28 10:39:58.184,0.76231,0.76246,1.12,1.00
2017.02.28 10:39:58.499,0.76228,0.76243,1.37,1.00
2017.02.28 10:39:58.650,0.76228,0.76243,1.37,1.12
2017.02.28 10:39:59.246,0.76228,0.76243,1.12,1.37
2017.02.28 10:39:59.747,0.76229,0.76244,1.12,1.37
2017.02.28 10:40:00.131,0.7623,0.76244,1.37,1.00
2017.02.28 10:40:00.332,0.76229,0.76243,1.12,1.12
2017.02.28 10:40:00.900,0.7623,0.76244,1.00,1.37
2017.02.28 10:40:01.634,0.76229,0.76244,1.12,1.37
2017.02.28 10:40:01.785,0.76227,0.76241,1.37,1.00
2017.02.28 10:40:02.292,0.76227,0.76241,1.00,1.12
2017.02.28 10:40:02.842,0.76226,0.76242,1.12,1.37
2017.02.28 10:40:03.366,0.76226,0.76242,1.37,1.37
2017.02.28 10:40:03.900,0.76229,0.76244,1.12,3.00
2017.02.28 10:40:04.051,0.7623,0.76245,1.00,1.37
2017.02.28 10:40:04.232,0.76232,0.76246,1.00,1.37
2017.02.28 10:40:04.383,0.76233,0.76247,1.00,1.37
2017.02.28 10:40:04.545,0.76233,0.76247,1.00,1.00
2017.02.28 10:40:05.183,0.76232,0.76247,1.12,1.37
2017.02.28 10:40:05.859,0.76231,0.76246,1.12,1.37
2017.02.28 10:40:06.366,0.76232,0.76246,1.00,1.37
2017.02.28 10:40:07.140,0.76232,0.76246,1.00,1.12
2017.02.28 10:40:07.560,0.7623,0.76246,1.12,1.37
2017.02.28 10:40:07.879,0.76232,0.76247,1.00,1.37
2017.02.28 10:40:08.454,0.76232,0.76247,1.37,1.12
2017.02.28 10:40:08.874,0.76231,0.76247,1.12,1.12
2017.02.28 10:40:09.424,0.76232,0.76248,1.00,1.37
2017.02.28 10:40:09.970,0.76232,0.76248,1.12,1.12
2017.02.28 10:40:10.458,0.76232,0.76248,1.12,1.37
2017.02.28 10:40:11.038,0.76231,0.76245,1.37,1.00
2017.02.28 10:40:11.620,0.76231,0.76245,1.00,1.12
2017.02.28 10:40:11.951,0.76233,0.76247,1.00,1.37
2017.02.28 10:40:12.371,0.76235,0.76249,1.00,3.00
2017.02.28 10:40:12.422,0.76232,0.76249,1.50,2.25
2017.02.28 10:40:12.804,0.76235,0.7625,1.00,1.37
2017.02.28 10:40:13.892,0.76234,0.76249,1.12,1.37
2017.02.28 10:40:15.147,0.76235,0.76249,1.00,1.37
2017.02.28 10:40:15.807,0.76235,0.76249,1.00,1.12
2017.02.28 10:40:16.135,0.76237,0.76251,1.00,1.37
2017.02.28 10:40:16.286,0.76237,0.76251,1.12,1.12
2017.02.28 10:40:16.818,0.76238,0.76253,1.12,1.37
2017.02.28 10:40:17.478,0.76238,0.76253,1.00,1.12
2017.02.28 10:40:17.926,0.76235,0.76253,1.37,1.12
2017.02.28 10:40:17.977,0.76235,0.7625,3.00,1.00
2017.02.28 10:40:18.190,0.76234,0.76249,1.50,1.00
2017.02.28 10:40:18.799,0.76234,0.76249,1.37,1.12
2017.02.28 10:40:19.676,0.76234,0.76249,1.12,1.37
2017.02.28 10:40:19.919,0.76236,0.76251,1.00,2.25
2017.02.28 10:40:20.177,0.76239,0.76253,1.00,1.37
2017.02.28 10:40:21.020,0.76238,0.76253,1.12,1.37
2017.02.28 10:40:21.950,0.76236,0.76251,1.37,1.00
2017.02.28 10:40:22.097,0.76236,0.76251,1.00,1.12
2017.02.28 10:40:22.631,0.76236,0.76251,1.12,1.37
2017.02.28 10:40:23.158,0.76237,0.76254,1.12,3.00
2017.02.28 10:40:23.750,0.76237,0.76254,1.37,1.37
2017.02.28 10:40:24.076,0.7624,0.76255,1.00,3.00
2017.02.28 10:40:24.286,0.7624,0.76255,1.12,1.37
2017.02.28 10:40:24.942,0.76239,0.76253,1.37,1.00
2017.02.28 10:40:25.490,0.7624,0.76255,1.12,1.37
2017.02.28 10:40:25.774,0.76242,0.76257,1.00,1.37
2017.02.28 10:40:25.892,0.76242,0.76257,1.00,1.12
2017.02.28 10:40:26.295,0.76239,0.76254,1.37,1.00
2017.02.28 10:40:26.892,0.7624,0.76255,1.12,1.12
2017.02.28 10:40:27.195,0.76239,0.76254,1.12,1.37
2017.02.28 10:40:28.017,0.7624,0.76256,1.12,2.62
2017.02.28 10:40:28.470,0.76238,0.76254,1.12,1.12
2017.02.28 10:40:28.621,0.76238,0.76254,1.12,1.37
2017.02.28 10:40:29.199,0.76237,0.76253,1.12,1.37
2017.02.28 10:40:30.024,0.76237,0.76255,1.12,1.37
2017.02.28 10:40:30.084,0.76239,0.76254,1.00,1.37
2017.02.28 10:40:30.639,0.76239,0.76254,1.00,1.00
2017.02.28 10:40:33.907,0.7624,0.76254,1.00,1.00
2017.02.28 10:40:35.468,0.7624,0.76255,1.00,1.12
2017.02.28 10:40:36.040,0.76239,0.76254,1.00,1.00
2017.02.28 10:40:36.668,0.7624,0.76255,1.00,1.37
2017.02.28 10:40:38.159,0.7624,0.76255,1.12,1.37
2017.02.28 10:40:38.649,0.76241,0.76256,1.37,1.12
2017.02.28 10:40:39.490,0.76241,0.76255,1.37,1.00
2017.02.28 10:40:40.572,0.76241,0.76256,1.37,1.12
2017.02.28 10:40:41.292,0.76241,0.76257,1.37,1.12
2017.02.28 10:40:45.558,0.76241,0.76257,1.37,1.37
2017.02.28 10:40:46.640,0.76242,0.76257,1.00,1.12
2017.02.28 10:40:47.837,0.76242,0.76256,1.00,1.00
2017.02.28 10:40:48.590,0.76241,0.76256,1.12,1.37
2017.02.28 10:40:49.190,0.7624,0.76255,1.12,1.37
2017.02.28 10:40:49.829,0.7624,0.76255,1.12,1.00
2017.02.28 10:40:50.577,0.76241,0.76255,1.12,1.12
2017.02.28 10:40:51.232,0.76241,0.76255,1.37,1.00
2017.02.28 10:40:51.897,0.76241,0.76255,1.12,1.12
2017.02.28 10:40:57.143,0.76239,0.76255,1.37,1.12
2017.02.28 10:41:00.703,0.76239,0.76254,1.37,1.00
2017.02.28 10:41:01.704,0.76239,0.76255,1.37,1.12
2017.02.28 10:41:04.250,0.76239,0.76254,1.37,1.00
2017.02.28 10:41:05.251,0.76236,0.76252,3.00,1.00
2017.02.28 10:41:05.502,0.76234,0.76249,1.00,1.12
2017.02.28 10:41:06.243,0.76233,0.76248,1.12,1.00
2017.02.28 10:41:07.129,0.76231,0.76249,1.37,1.12
2017.02.28 10:41:08.304,0.76231,0.76247,1.37,1.00
2017.02.28 10:41:09.215,0.76232,0.76247,1.12,1.37
2017.02.28 10:41:09.741,0.76231,0.76248,1.37,1.37
2017.02.28 10:41:10.406,0.76231,0.76248,1.37,1.37
2017.02.28 10:41:11.581,0.76231,0.76248,1.37,1.37
2017.02.28 10:41:12.051,0.76229,0.76245,3.00,1.00
2017.02.28 10:41:12.202,0.76229,0.76245,1.37,1.37
2017.02.28 10:41:12.707,0.76228,0.76244,1.37,1.37
2017.02.28 10:41:13.007,0.7623,0.76245,1.12,1.12
2017.02.28 10:41:13.310,0.76229,0.76243,1.37,1.00
2017.02.28 10:41:13.411,0.76228,0.76242,1.37,1.00
2017.02.28 10:41:13.642,0.76227,0.76241,1.12,1.12
2017.02.28 10:41:14.164,0.76226,0.76241,1.37,1.00
2017.02.28 10:41:14.397,0.76223,0.76238,3.75,1.00
2017.02.28 10:41:14.497,0.76223,0.76235,1.12,1.00
2017.02.28 10:41:14.699,0.7622,0.76235,1.12,1.37
2017.02.28 10:41:15.211,0.76222,0.76236,1.00,1.00
2017.02.28 10:41:15.528,0.76224,0.76239,1.12,1.12
2017.02.28 10:41:15.587,0.76224,0.76239,1.37,1.00
2017.02.28 10:41:15.700,0.76224,0.76239,1.12,1.00
2017.02.28 10:41:16.122,0.76225,0.7624,1.37,1.12
2017.02.28 10:41:17.248,0.76225,0.76242,1.37,1.12
2017.02.28 10:41:18.055,0.76228,0.76243,1.00,1.37
2017.02.28 10:41:18.575,0.76228,0.76245,1.12,1.37
2017.02.28 10:41:19.115,0.76227,0.76242,1.37,1.00
2017.02.28 10:41:19.444,0.76226,0.7624,1.00,1.12
2017.02.28 10:41:19.980,0.76226,0.7624,1.00,1.37
2017.02.28 10:41:21.351,0.76225,0.76241,1.12,1.37
2017.02.28 10:41:23.501,0.76225,0.76241,1.37,1.37
2017.02.28 10:41:25.607,0.76225,0.76241,1.37,1.12
2017.02.28 10:41:27.019,0.76225,0.76241,1.37,1.37
2017.02.28 10:41:28.820,0.76226,0.76241,1.37,1.12
2017.02.28 10:41:30.957,0.76227,0.76243,1.37,1.37
2017.02.28 10:41:31.268,0.76224,0.76236,2.25,1.00
2017.02.28 10:41:31.419,0.76217,0.76233,2.25,1.00
2017.02.28 10:41:31.469,0.76217,0.7623,2.25,1.00
2017.02.28 10:41:31.520,0.76214,0.76228,3.00,1.00
2017.02.28 10:41:31.621,0.76214,0.76228,1.00,1.00
2017.02.28 10:41:32.128,0.76211,0.76228,1.37,1.37
2017.02.28 10:41:32.636,0.76214,0.76229,1.12,1.37
2017.02.28 10:41:32.686,0.76216,0.76231,1.00,3.00
2017.02.28 10:41:32.837,0.76217,0.76232,1.12,1.00
2017.02.28 10:41:33.079,0.76215,0.7623,1.37,1.00
2017.02.28 10:41:33.331,0.76213,0.76229,1.37,1.12
2017.02.28 10:41:33.767,0.76216,0.7623,1.00,1.37
2017.02.28 10:41:33.969,0.76216,0.76231,1.37,1.12
2017.02.28 10:41:34.170,0.76214,0.76229,1.37,1.00
2017.02.28 10:41:34.673,0.76216,0.7623,1.12,1.00
2017.02.28 10:41:34.774,0.76216,0.76233,1.37,1.37
2017.02.28 10:41:34.824,0.76216,0.76233,3.00,1.12
2017.02.28 10:41:34.925,0.76216,0.76233,1.37,1.00
2017.02.28 10:41:35.463,0.76218,0.76232,1.12,1.12
2017.02.28 10:41:36.662,0.76215,0.76231,3.00,1.00
2017.02.28 10:41:36.762,0.76214,0.7623,1.87,1.00
2017.02.28 10:41:36.967,0.76216,0.76232,1.37,1.12
2017.02.28 10:41:37.068,0.76216,0.76232,1.12,1.37
2017.02.28 10:41:37.221,0.76217,0.76233,1.12,1.87
2017.02.28 10:41:40.064,0.76218,0.76233,1.00,1.12
2017.02.28 10:41:40.582,0.76218,0.76233,1.37,1.12
2017.02.28 10:41:40.844,0.76217,0.76233,1.12,1.37
2017.02.28 10:41:41.545,0.76216,0.76232,1.12,1.12
2017.02.28 10:41:42.183,0.76216,0.76232,1.00,1.37
2017.02.28 10:41:42.747,0.76216,0.76232,1.37,1.37
2017.02.28 10:41:43.299,0.76216,0.76232,1.12,1.37
2017.02.28 10:41:43.986,0.76212,0.7623,3.00,1.12
2017.02.28 10:41:44.087,0.76213,0.76228,1.37,1.12
2017.02.28 10:41:44.427,0.76213,0.76228,1.00,1.37
2017.02.28 10:41:45.082,0.76212,0.76228,1.12,1.37
2017.02.28 10:41:45.586,0.76212,0.76228,1.37,1.37
2017.02.28 10:41:46.194,0.76214,0.7623,1.00,1.37
2017.02.28 10:41:46.392,0.76215,0.76231,1.12,1.37
2017.02.28 10:41:46.984,0.76214,0.7623,1.00,1.37
2017.02.28 10:41:47.484,0.76211,0.76226,2.25,1.00
2017.02.28 10:41:47.702,0.76211,0.76227,1.00,3.00
2017.02.28 10:41:47.863,0.76211,0.76227,1.12,1.37
2017.02.28 10:41:47.969,0.76211,0.76227,1.37,1.12
2017.02.28 10:41:50.458,0.76211,0.76225,1.37,1.00
2017.02.28 10:41:50.672,0.76211,0.76225,1.12,1.12
2017.02.28 10:41:51.187,0.7621,0.76224,1.37,1.00
2017.02.28 10:41:51.560,0.76211,0.76225,1.37,1.00
2017.02.28 10:41:52.089,0.76211,0.76226,1.37,1.00
2017.02.28 10:41:52.294,0.76211,0.76225,1.12,1.00
2017.02.28 10:41:52.796,0.76211,0.76225,1.00,1.37
2017.02.28 10:41:52.878,0.76211,0.76225,1.12,1.12
2017.02.28 10:41:53.604,0.76211,0.76226,1.00,1.37
2017.02.28 10:41:54.188,0.7621,0.76225,1.37,1.12
2017.02.28 10:41:55.580,0.76211,0.76225,1.37,1.00
2017.02.28 10:41:56.081,0.76211,0.76226,1.37,1.00
2017.02.28 10:41:57.194,0.76212,0.76226,1.37,1.00
2017.02.28 10:42:00.893,0.76212,0.76227,1.37,1.12
2017.02.28 10:42:01.468,0.76212,0.76227,1.37,1.00
2017.02.28 10:42:03.409,0.76212,0.76227,1.37,1.12
2017.02.28 10:42:04.110,0.76211,0.76226,1.37,1.00
2017.02.28 10:42:04.734,0.76211,0.76226,1.12,1.12
2017.02.28 10:42:05.278,0.76208,0.76225,3.75,1.00
2017.02.28 10:42:05.533,0.76207,0.76222,1.37,1.00
2017.02.28 10:42:05.709,0.76207,0.76222,1.37,1.12
2017.02.28 10:42:06.912,0.76208,0.76223,1.37,1.00
2017.02.28 10:42:07.632,0.76207,0.76223,1.37,1.12
2017.02.28 10:42:15.030,0.7621,0.76225,1.00,1.37
2017.02.28 10:42:15.080,0.7621,0.76225,1.12,1.12
2017.02.28 10:42:15.131,0.76209,0.76223,1.37,1.00
2017.02.28 10:42:15.351,0.76209,0.76225,1.12,1.12
2017.02.28 10:42:16.134,0.76209,0.76224,1.12,1.00
2017.02.28 10:42:16.700,0.76209,0.76224,1.37,1.00
2017.02.28 10:42:18.099,0.76211,0.76225,1.00,1.12
2017.02.28 10:42:18.200,0.76213,0.76228,1.00,1.37
2017.02.28 10:42:18.351,0.76213,0.76228,1.37,1.00
2017.02.28 10:42:18.763,0.76213,0.76228,1.00,1.50
2017.02.28 10:42:19.342,0.76212,0.76227,1.00,1.37
2017.02.28 10:42:21.775,0.76214,0.76228,1.00,3.00
2017.02.28 10:42:21.890,0.76213,0.76227,1.00,1.12
2017.02.28 10:42:22.499,0.76213,0.76228,1.37,1.12
2017.02.28 10:42:23.034,0.76215,0.76229,1.12,1.12
2017.02.28 10:42:23.633,0.76215,0.7623,1.00,1.00
2017.02.28 10:42:25.493,0.76215,0.7623,1.12,1.37
2017.02.28 10:42:25.694,0.76215,0.7623,1.00,1.87
2017.02.28 10:42:25.744,0.76211,0.7623,1.37,1.37
2017.02.28 10:42:29.631,0.76214,0.76229,1.00,1.37
2017.02.28 10:42:31.736,0.76214,0.76229,1.37,1.12
2017.02.28 10:42:34.828,0.76216,0.76231,1.00,1.12
2017.02.28 10:42:35.156,0.76217,0.76231,1.00,1.37
2017.02.28 10:42:35.688,0.76217,0.76231,1.00,1.37
2017.02.28 10:42:36.196,0.76216,0.76231,1.12,1.37
2017.02.28 10:42:37.211,0.76217,0.76232,1.00,1.37
2017.02.28 10:42:37.311,0.76217,0.76232,1.12,1.12
2017.02.28 10:42:37.880,0.76216,0.76231,1.37,1.00
2017.02.28 10:42:42.019,0.76216,0.76233,1.12,1.37
2017.02.28 10:42:42.206,0.76216,0.76233,1.12,1.37
2017.02.28 10:42:45.258,0.76217,0.76232,1.00,1.12
2017.02.28 10:42:45.409,0.7622,0.76235,1.00,3.00
2017.02.28 10:42:45.459,0.7622,0.76235,1.00,1.37
2017.02.28 10:42:46.019,0.7622,0.76235,1.37,1.12
2017.02.28 10:42:52.452,0.76221,0.76236,1.12,1.00
2017.02.28 10:42:57.754,0.76221,0.76236,1.12,1.37
2017.02.28 10:42:58.359,0.76221,0.76236,1.00,1.12
2017.02.28 10:43:03.702,0.76222,0.76236,1.12,1.12
2017.02.28 10:43:04.266,0.76222,0.76238,1.37,1.37
2017.02.28 10:43:04.736,0.76225,0.76239,1.00,1.37
2017.02.28 10:43:04.887,0.76227,0.76242,1.00,1.12
2017.02.28 10:43:05.413,0.76225,0.76242,1.37,1.87
2017.02.28 10:43:07.474,0.76227,0.76241,1.00,1.37
2017.02.28 10:43:07.625,0.76223,0.76237,1.37,1.00
2017.02.28 10:43:07.776,0.7622,0.76236,1.37,1.37
2017.02.28 10:43:08.133,0.76218,0.76233,1.37,1.00
2017.02.28 10:43:08.470,0.76217,0.76231,1.37,1.00
2017.02.28 10:43:08.987,0.76217,0.76231,1.12,1.00
2017.02.28 10:43:10.262,0.76217,0.76232,1.12,1.12
2017.02.28 10:43:11.444,0.76217,0.76231,1.12,1.00
2017.02.28 10:43:12.536,0.76216,0.76231,1.00,1.87
2017.02.28 10:43:12.869,0.76215,0.76229,1.00,1.12
2017.02.28 10:43:13.462,0.76213,0.7623,1.37,1.37
2017.02.28 10:43:15.613,0.76214,0.76228,1.12,1.00
2017.02.28 10:43:17.102,0.76214,0.76228,1.00,1.37
2017.02.28 10:43:17.712,0.76213,0.76228,1.12,1.37
2017.02.28 10:43:19.382,0.76211,0.76226,1.37,1.00
2017.02.28 10:43:19.482,0.76211,0.76226,1.12,1.12
2017.02.28 10:43:19.608,0.76211,0.76226,1.00,1.37
2017.02.28 10:43:19.708,0.76211,0.76226,1.37,1.00
2017.02.28 10:43:20.111,0.7621,0.76224,1.00,1.00
2017.02.28 10:43:20.613,0.7621,0.76224,1.00,1.37
2017.02.28 10:43:21.180,0.76209,0.76225,1.37,1.37
2017.02.28 10:43:23.859,0.76211,0.76227,1.00,3.75
2017.02.28 10:43:24.397,0.76209,0.76226,1.37,1.50
2017.02.28 10:43:27.437,0.76208,0.76224,1.12,1.12
2017.02.28 10:43:31.651,0.76209,0.76224,1.00,1.12
2017.02.28 10:43:32.408,0.7621,0.76225,1.00,1.37
2017.02.28 10:43:32.931,0.7621,0.76226,1.00,1.37
2017.02.28 10:43:33.484,0.76209,0.76225,1.12,1.12
2017.02.28 10:43:34.170,0.76209,0.76226,1.12,1.50
2017.02.28 10:43:37.346,0.7621,0.76225,1.00,1.37
2017.02.28 10:43:38.017,0.76209,0.76224,1.12,1.12
2017.02.28 10:43:47.145,0.7621,0.76226,1.00,1.50
2017.02.28 10:43:47.652,0.76209,0.76227,1.12,3.37
2017.02.28 10:43:48.622,0.7621,0.76226,1.00,1.50
2017.02.28 10:43:49.722,0.76209,0.76225,1.12,1.37
2017.02.28 10:43:50.055,0.76209,0.76225,1.37,1.12
2017.02.28 10:43:52.560,0.76209,0.76225,1.37,1.12
2017.02.28 10:43:56.665,0.7621,0.76226,1.37,1.37
2017.02.28 10:43:58.545,0.76209,0.76225,1.37,1.37
2017.02.28 10:43:59.984,0.7621,0.76226,1.37,1.12
2017.02.28 10:44:00.583,0.76211,0.76227,1.37,1.12
2017.02.28 10:44:02.083,0.76212,0.76228,1.37,1.37
2017.02.28 10:44:02.384,0.76214,0.7623,1.37,1.12
2017.02.28 10:44:04.729,0.76215,0.76231,1.12,1.50
2017.02.28 10:44:05.328,0.76214,0.7623,1.37,1.12
2017.02.28 10:44:05.652,0.76213,0.76228,1.37,1.12
2017.02.28 10:44:06.269,0.76213,0.76229,1.37,1.12
2017.02.28 10:44:06.813,0.76213,0.76229,1.37,1.00
2017.02.28 10:44:07.386,0.76213,0.76228,1.37,1.00
2017.02.28 10:44:12.173,0.76212,0.76228,1.37,1.37
2017.02.28 10:44:12.425,0.7621,0.76228,1.37,1.87
2017.02.28 10:44:13.200,0.7621,0.76226,1.37,1.37
2017.02.28 10:44:14.901,0.76208,0.76223,3.00,1.00
2017.02.28 10:44:15.135,0.76209,0.76225,1.37,1.12
2017.02.28 10:44:15.437,0.76209,0.76227,1.37,1.87
2017.02.28 10:44:16.170,0.76209,0.76227,3.00,1.12
2017.02.28 10:44:16.714,0.76211,0.76226,1.37,1.00
2017.02.28 10:44:21.308,0.76211,0.76226,1.37,1.87
2017.02.28 10:44:22.436,0.7621,0.76225,1.37,1.00
2017.02.28 10:44:23.104,0.76208,0.76225,1.37,1.12
2017.02.28 10:44:24.290,0.76209,0.76223,1.37,1.00
2017.02.28 10:44:24.842,0.76208,0.76223,1.37,1.00
2017.02.28 10:44:25.044,0.7621,0.76225,1.37,1.12
2017.02.28 10:44:25.925,0.76209,0.76224,1.37,1.00
2017.02.28 10:44:26.022,0.76209,0.76224,1.12,1.00
2017.02.28 10:44:29.599,0.7621,0.76224,1.00,1.00
2017.02.28 10:44:29.750,0.76211,0.76225,1.37,1.00
2017.02.28 10:44:30.318,0.7621,0.76226,1.37,1.12
2017.02.28 10:44:42.584,0.7621,0.76225,1.37,1.00
2017.02.28 10:44:44.785,0.76211,0.76225,1.12,1.12
2017.02.28 10:44:45.296,0.76211,0.76225,1.37,1.00
2017.02.28 10:44:45.656,0.76209,0.76223,1.37,1.00
2017.02.28 10:44:45.764,0.76209,0.76223,1.37,1.00
2017.02.28 10:44:46.409,0.7621,0.76224,1.12,1.12
2017.02.28 10:44:46.945,0.76211,0.76225,1.12,1.12
2017.02.28 10:44:48.201,0.76211,0.76225,1.37,1.00
2017.02.28 10:44:48.885,0.76211,0.76225,1.37,1.00
2017.02.28 10:44:50.357,0.76212,0.76227,1.12,1.37
2017.02.28 10:44:50.408,0.76213,0.76228,1.00,1.00
2017.02.28 10:44:50.909,0.76211,0.76228,1.37,1.00
2017.02.28 10:44:51.597,0.76213,0.76228,1.00,1.00
2017.02.28 10:44:52.101,0.76211,0.76225,1.37,1.00
2017.02.28 10:44:52.638,0.7621,0.76225,1.37,1.50
2017.02.28 10:44:53.286,0.7621,0.76224,1.37,1.00
2017.02.28 10:44:54.493,0.7621,0.76225,1.37,1.12
2017.02.28 10:44:55.024,0.76211,0.76226,1.37,1.12
2017.02.28 10:44:56.712,0.76212,0.76227,1.00,1.37
2017.02.28 10:44:59.982,0.76211,0.76226,1.12,1.50
2017.02.28 10:45:00.493,0.7621,0.76224,1.37,1.00
2017.02.28 10:45:00.644,0.76208,0.76224,1.37,1.12
2017.02.28 10:45:00.695,0.76208,0.76222,1.37,1.00
2017.02.28 10:45:00.745,0.76208,0.76222,1.12,1.12
2017.02.28 10:45:01.203,0.76209,0.76224,1.12,1.00
2017.02.28 10:45:01.253,0.7621,0.76225,1.37,1.12
2017.02.28 10:45:01.554,0.76212,0.76226,1.37,1.00
2017.02.28 10:45:01.665,0.76212,0.76226,1.12,1.00
2017.02.28 10:45:02.216,0.76211,0.76225,1.12,1.12
2017.02.28 10:45:03.048,0.76212,0.76227,1.00,1.37
2017.02.28 10:45:03.250,0.76212,0.76227,1.00,1.12
2017.02.28 10:45:03.808,0.76211,0.76227,1.00,1.37
2017.02.28 10:45:04.317,0.76212,0.76228,1.12,1.87
2017.02.28 10:45:04.895,0.76212,0.76227,1.12,1.37
2017.02.28 10:45:05.561,0.76212,0.76227,1.37,1.12
2017.02.28 10:45:07.160,0.76211,0.76226,1.37,1.00
2017.02.28 10:45:07.768,0.76211,0.76227,1.37,1.12
2017.02.28 10:45:09.900,0.76211,0.76227,1.37,1.37
2017.02.28 10:45:12.166,0.76211,0.76227,1.37,1.87
2017.02.28 10:45:13.703,0.76212,0.76228,1.37,1.87
2017.02.28 10:45:14.214,0.76212,0.76227,1.37,1.00
2017.02.28 10:45:14.718,0.76212,0.76228,1.12,1.75
2017.02.28 10:45:20.212,0.7621,0.76228,1.37,1.75
2017.02.28 10:45:20.887,0.76209,0.76226,1.37,1.12
2017.02.28 10:45:21.901,0.7621,0.76227,1.37,1.37
2017.02.28 10:45:29.139,0.76212,0.76228,1.00,1.75
2017.02.28 10:45:29.710,0.76211,0.76226,1.37,1.12
2017.02.28 10:45:30.231,0.7621,0.76226,1.37,1.50
2017.02.28 10:45:34.845,0.76207,0.76225,3.00,1.50
2017.02.28 10:45:35.011,0.76207,0.76225,1.37,1.75
2017.02.28 10:45:37.516,0.76205,0.76222,1.37,1.87
2017.02.28 10:45:37.834,0.76205,0.76222,1.12,1.75
2017.02.28 10:45:41.296,0.76204,0.76219,1.37,1.00
2017.02.28 10:45:41.396,0.76202,0.76218,2.25,1.37
2017.02.28 10:45:41.648,0.76201,0.76217,1.37,1.12
2017.02.28 10:45:42.452,0.76201,0.76217,1.37,1.37
2017.02.28 10:45:45.027,0.762,0.76216,1.37,1.37
2017.02.28 10:45:47.568,0.76202,0.76217,1.00,1.37
2017.02.28 10:45:47.669,0.76204,0.76219,1.00,2.25
2017.02.28 10:45:47.770,0.76205,0.7622,1.00,2.25
2017.02.28 10:45:47.871,0.76205,0.76221,1.12,1.37
2017.02.28 10:45:48.394,0.76205,0.76221,1.37,1.37
2017.02.28 10:45:53.971,0.76207,0.76222,1.00,1.87
2017.02.28 10:45:54.389,0.76205,0.76223,1.37,1.37
2017.02.28 10:45:57.179,0.76207,0.76222,1.00,1.50
2017.02.28 10:45:59.484,0.76207,0.76222,1.00,1.37
2017.02.28 10:46:00.295,0.76208,0.76224,1.00,1.37
2017.02.28 10:46:00.396,0.76208,0.76224,1.12,1.37
2017.02.28 10:46:00.952,0.76208,0.76224,1.12,1.50
2017.02.28 10:46:01.495,0.76209,0.76224,1.00,1.50
2017.02.28 10:46:01.752,0.76207,0.76223,1.12,1.12
2017.02.28 10:46:01.853,0.76207,0.76223,1.00,1.37
2017.02.28 10:46:02.174,0.76204,0.76222,1.37,3.75
2017.02.28 10:46:02.476,0.76204,0.76222,1.12,1.37
2017.02.28 10:46:02.588,0.76204,0.76222,1.12,3.00
2017.02.28 10:46:03.472,0.76206,0.76222,1.00,3.37
2017.02.28 10:46:04.001,0.76205,0.76221,1.00,1.37
2017.02.28 10:46:04.058,0.76205,0.76221,1.12,1.37
2017.02.28 10:46:04.984,0.76205,0.76221,1.12,1.12
2017.02.28 10:46:05.626,0.76206,0.76222,1.00,1.37
2017.02.28 10:46:06.225,0.76207,0.76222,1.12,1.37
2017.02.28 10:46:09.578,0.7621,0.76225,1.00,2.25
2017.02.28 10:46:09.780,0.76213,0.7623,1.00,2.25
2017.02.28 10:46:09.880,0.76214,0.76232,1.37,3.00
2017.02.28 10:46:10.410,0.76214,0.76229,1.12,1.37
2017.02.28 10:46:10.958,0.76215,0.76229,1.00,1.37
2017.02.28 10:46:11.464,0.76214,0.76229,1.12,1.37
2017.02.28 10:46:13.711,0.76215,0.76229,1.00,1.37
2017.02.28 10:46:14.226,0.76214,0.76229,1.12,1.37
2017.02.28 10:46:18.310,0.76215,0.7623,1.12,1.37
2017.02.28 10:46:18.867,0.76214,0.76229,1.12,1.37
2017.02.28 10:46:19.551,0.76214,0.76229,1.12,1.00
2017.02.28 10:46:20.395,0.76215,0.7623,1.00,1.12
2017.02.28 10:46:21.201,0.76213,0.7623,1.37,1.12
2017.02.28 10:46:21.960,0.76213,0.7623,1.37,1.37
2017.02.28 10:46:23.673,0.76215,0.76229,1.00,1.37
2017.02.28 10:46:24.502,0.76215,0.76229,1.00,1.00
2017.02.28 10:46:25.022,0.76215,0.7623,1.00,1.12
2017.02.28 10:46:25.542,0.76215,0.7623,1.00,1.37
2017.02.28 10:46:26.281,0.76217,0.76232,1.00,3.00
2017.02.28 10:46:26.533,0.76218,0.76232,1.00,1.37
2017.02.28 10:46:27.234,0.76217,0.76232,1.00,1.37
2017.02.28 10:46:30.679,0.76215,0.76232,1.37,1.37
2017.02.28 10:46:31.312,0.76216,0.7623,1.12,1.12
2017.02.28 10:46:31.837,0.76217,0.76231,1.00,1.12
2017.02.28 10:46:32.353,0.76216,0.76233,1.12,1.37
2017.02.28 10:46:33.158,0.76216,0.76233,1.37,1.37
2017.02.28 10:46:36.343,0.76216,0.76231,1.12,1.37
2017.02.28 10:46:37.094,0.76216,0.76231,1.00,1.37
2017.02.28 10:46:37.582,0.76219,0.76233,1.00,3.00
2017.02.28 10:46:37.784,0.7622,0.76235,1.12,1.37
2017.02.28 10:46:38.441,0.76219,0.76233,1.37,1.00
2017.02.28 10:46:39.683,0.7622,0.76235,1.12,1.37
2017.02.28 10:46:46.855,0.76217,0.76234,1.87,1.37
2017.02.28 10:46:47.989,0.76217,0.76234,1.37,1.12
2017.02.28 10:46:56.028,0.76223,0.76237,1.00,3.00
2017.02.28 10:46:56.179,0.76221,0.76236,1.12,1.37
2017.02.28 10:46:56.380,0.76219,0.76235,1.12,1.37
2017.02.28 10:46:56.812,0.76217,0.76232,1.12,1.37
2017.02.28 10:47:00.676,0.76217,0.76231,1.00,1.37
2017.02.28 10:47:05.392,0.76217,0.76231,1.12,1.12
2017.02.28 10:47:06.536,0.76218,0.76232,1.00,1.37
2017.02.28 10:47:06.913,0.76216,0.76231,1.00,1.12
2017.02.28 10:47:07.014,0.76217,0.76233,1.00,2.25
2017.02.28 10:47:07.116,0.76217,0.76234,1.00,3.00
2017.02.28 10:47:07.188,0.76217,0.76234,1.37,1.12
2017.02.28 10:47:07.288,0.76217,0.76234,1.12,1.37
2017.02.28 10:47:07.599,0.76219,0.76234,1.00,1.37
2017.02.28 10:47:08.190,0.76219,0.76234,1.12,1.37
2017.02.28 10:47:09.993,0.76219,0.76234,1.00,1.37
2017.02.28 10:47:10.521,0.76219,0.76234,1.12,1.37
2017.02.28 10:47:10.841,0.76223,0.76238,1.37,1.12
2017.02.28 10:47:11.385,0.76222,0.76237,1.37,1.00
2017.02.28 10:47:11.727,0.76222,0.76237,1.00,1.37
2017.02.28 10:47:13.286,0.76223,0.76237,1.00,1.37
2017.02.28 10:47:13.337,0.76223,0.76237,1.00,1.12
2017.02.28 10:47:14.242,0.76221,0.76238,1.37,1.37
2017.02.28 10:47:15.687,0.76223,0.76237,1.00,1.12
2017.02.28 10:47:16.150,0.76224,0.76239,1.37,1.12
2017.02.28 10:47:16.455,0.76222,0.76236,1.12,1.12
2017.02.28 10:47:17.331,0.76221,0.76236,1.12,1.12
2017.02.28 10:47:18.137,0.7622,0.76236,1.12,1.12
2017.02.28 10:47:18.745,0.7622,0.76236,1.37,1.00
2017.02.28 10:47:19.281,0.7622,0.76235,1.37,1.00
2017.02.28 10:47:19.926,0.76221,0.76236,1.12,1.12
2017.02.28 10:47:20.474,0.76222,0.76237,1.00,1.12
2017.02.28 10:47:21.145,0.76221,0.76236,1.12,1.00
2017.02.28 10:47:22.707,0.76222,0.76236,1.00,1.00
2017.02.28 10:47:23.110,0.76223,0.76237,1.37,1.00
2017.02.28 10:47:24.715,0.76224,0.76239,1.12,1.37
2017.02.28 10:47:25.428,0.76225,0.76239,1.00,1.37
2017.02.28 10:47:26.080,0.76223,0.7624,1.37,1.37
2017.02.28 10:47:26.803,0.76225,0.7624,1.00,1.37
2017.02.28 10:47:26.860,0.76225,0.7624,1.00,1.12
2017.02.28 10:47:26.925,0.76225,0.7624,1.37,1.00
2017.02.28 10:47:27.692,0.76225,0.76242,1.37,1.37
2017.02.28 10:47:30.131,0.76227,0.76242,1.37,1.12
2017.02.28 10:47:30.672,0.76226,0.76241,1.37,1.00
2017.02.28 10:47:31.419,0.76226,0.76241,1.37,1.12
2017.02.28 10:47:34.110,0.76226,0.7624,1.37,1.00
2017.02.28 10:47:34.321,0.76225,0.76239,1.12,1.00
2017.02.28 10:47:36.687,0.76225,0.7624,1.37,1.12
2017.02.28 10:47:37.478,0.76223,0.7624,1.37,1.37
2017.02.28 10:47:39.460,0.76223,0.7624,3.00,1.12
2017.02.28 10:47:41.748,0.76224,0.76238,1.37,1.00
2017.02.28 10:47:42.060,0.76218,0.76233,1.37,1.00
2017.02.28 10:47:42.178,0.76218,0.76233,1.12,1.37
2017.02.28 10:47:44.029,0.76219,0.76233,1.00,1.37
2017.02.28 10:47:44.582,0.76218,0.76232,1.37,1.00
2017.02.28 10:47:45.351,0.76218,0.76232,1.37,1.00
2017.02.28 10:47:46.870,0.76218,0.76233,1.37,1.00
2017.02.28 10:47:47.308,0.76221,0.76236,1.00,1.37
2017.02.28 10:47:47.763,0.76222,0.76237,1.37,1.00
2017.02.28 10:47:48.387,0.76222,0.76238,1.37,1.12
2017.02.28 10:47:48.776,0.76224,0.76239,1.37,1.12
2017.02.28 10:47:49.771,0.76225,0.76239,1.00,1.37
2017.02.28 10:47:50.633,0.76224,0.76238,1.12,1.12
2017.02.28 10:47:51.214,0.76224,0.76238,1.00,1.37
2017.02.28 10:47:51.739,0.76223,0.76238,1.12,1.37
2017.02.28 10:47:52.691,0.76223,0.76238,1.00,1.00
2017.02.28 10:47:57.387,0.76223,0.76238,1.12,1.37
2017.02.28 10:47:57.989,0.76223,0.76238,1.12,1.12
2017.02.28 10:48:00.304,0.76223,0.76237,1.12,1.00
2017.02.28 10:48:00.854,0.76223,0.76238,1.12,1.12
2017.02.28 10:48:05.725,0.76224,0.76238,1.00,1.12
2017.02.28 10:48:06.475,0.76224,0.76238,1.37,1.00
2017.02.28 10:48:07.469,0.76224,0.76239,1.37,1.12
2017.02.28 10:48:08.031,0.76226,0.76243,1.00,1.37
2017.02.28 10:48:08.082,0.76228,0.76243,1.00,1.37
2017.02.28 10:48:08.132,0.76228,0.76243,1.37,1.12
2017.02.28 10:48:08.835,0.76228,0.76243,1.00,1.12
2017.02.28 10:48:15.978,0.76229,0.76245,1.00,1.37
2017.02.28 10:48:16.163,0.7623,0.76245,1.12,1.00
2017.02.28 10:48:16.476,0.7623,0.76245,1.37,1.00
2017.02.28 10:48:20.772,0.76231,0.76245,1.37,1.00
2017.02.28 10:48:29.287,0.76231,0.76245,1.12,1.00
2017.02.28 10:48:30.641,0.76228,0.76243,1.87,1.00
2017.02.28 10:48:30.876,0.76224,0.76239,1.37,1.00
2017.02.28 10:48:30.977,0.76226,0.7624,1.00,1.37
2017.02.28 10:48:31.103,0.76226,0.7624,1.00,1.37
2017.02.28 10:48:31.907,0.76225,0.7624,1.12,1.37
2017.02.28 10:48:36.608,0.76224,0.76239,1.12,1.37
2017.02.28 10:48:37.242,0.76224,0.76239,1.00,1.37
2017.02.28 10:48:37.883,0.76223,0.76238,1.00,1.37
2017.02.28 10:48:38.092,0.76223,0.76238,1.00,1.37
2017.02.28 10:48:38.868,0.76221,0.76238,1.00,1.37
2017.02.28 10:48:40.089,0.7622,0.76237,1.00,1.37
2017.02.28 10:48:40.190,0.7622,0.76237,1.12,1.37
2017.02.28 10:48:40.787,0.76221,0.76235,1.12,1.12
2017.02.28 10:48:41.925,0.76222,0.76236,1.00,1.37
2017.02.28 10:48:42.487,0.7622,0.76235,1.12,1.37
2017.02.28 10:48:45.689,0.76221,0.76236,1.00,1.37
2017.02.28 10:48:46.214,0.76221,0.76236,1.00,1.12
2017.02.28 10:48:47.878,0.7622,0.76235,1.12,1.00
2017.02.28 10:48:48.547,0.7622,0.76234,1.00,1.00
2017.02.28 10:48:49.207,0.7622,0.76234,1.00,1.37
2017.02.28 10:48:52.956,0.76219,0.76234,1.12,1.37
2017.02.28 10:48:54.107,0.76219,0.76234,1.37,1.12
2017.02.28 10:48:57.914,0.76219,0.76235,1.37,1.12
2017.02.28 10:48:59.740,0.76219,0.76234,1.37,1.00
2017.02.28 10:49:00.435,0.76219,0.76234,1.37,1.00
2017.02.28 10:49:04.810,0.76219,0.76233,1.37,1.00
2017.02.28 10:49:05.810,0.76219,0.76234,1.37,1.12
2017.02.28 10:49:07.234,0.76219,0.76236,1.37,1.37
2017.02.28 10:49:08.051,0.7622,0.76235,1.37,1.12
2017.02.28 10:49:17.081,0.76221,0.76236,1.37,1.12
2017.02.28 10:49:18.429,0.76221,0.76235,1.37,1.00
2017.02.28 10:49:22.973,0.7622,0.76235,1.37,1.12
2017.02.28 10:49:28.179,0.76221,0.76235,1.37,1.00
2017.02.28 10:49:28.780,0.76221,0.76235,1.12,1.12
2017.02.28 10:49:29.286,0.76219,0.76236,1.37,1.37
2017.02.28 10:49:33.099,0.76219,0.76236,1.37,1.37
2017.02.28 10:49:34.083,0.76219,0.76234,1.37,1.00
2017.02.28 10:49:34.183,0.76218,0.76232,3.00,1.00
2017.02.28 10:49:34.337,0.76218,0.76232,1.12,1.12
2017.02.28 10:49:35.388,0.76219,0.76233,1.00,1.37
2017.02.28 10:49:35.640,0.76217,0.76231,1.12,1.12
2017.02.28 10:49:36.099,0.76218,0.76233,1.37,1.00
2017.02.28 10:49:36.663,0.76218,0.76234,1.37,1.00
2017.02.28 10:49:37.509,0.76218,0.76233,2.25,1.00
2017.02.28 10:49:37.710,0.76216,0.76233,3.97,1.12
2017.02.28 10:49:38.239,0.76218,0.76233,3.00,1.00
2017.02.28 10:49:38.511,0.76217,0.76232,1.37,1.35
2017.02.28 10:49:39.622,0.76216,0.76231,2.10,1.00
2017.02.28 10:49:41.607,0.76216,0.76231,3.00,1.00
2017.02.28 10:49:42.146,0.76215,0.7623,1.37,1.00
2017.02.28 10:49:42.427,0.76219,0.76235,1.00,1.37
2017.02.28 10:49:42.528,0.76219,0.76235,1.37,1.37
2017.02.28 10:49:43.711,0.76219,0.76235,1.37,1.00
2017.02.28 10:49:44.421,0.76219,0.76234,1.37,1.00
2017.02.28 10:49:46.192,0.76219,0.76233,1.37,1.00
2017.02.28 10:49:46.444,0.76218,0.76233,1.00,1.37
2017.02.28 10:49:46.922,0.76215,0.7623,1.37,1.00
2017.02.28 10:49:47.238,0.76214,0.76228,1.12,1.00
2017.02.28 10:49:47.338,0.76214,0.76228,1.37,1.00
2017.02.28 10:49:47.880,0.76215,0.76229,1.37,1.00
2017.02.28 10:49:50.173,0.76215,0.7623,1.37,1.00
2017.02.28 10:49:50.427,0.76215,0.7623,1.12,1.37
2017.02.28 10:49:50.953,0.76214,0.76228,1.00,1.37
2017.02.28 10:49:51.350,0.76215,0.76229,1.12,1.12
2017.02.28 10:49:51.936,0.76215,0.7623,1.37,1.12
2017.02.28 10:49:53.029,0.76214,0.76229,1.37,1.00
2017.02.28 10:49:53.180,0.76214,0.76229,1.12,1.37
2017.02.28 10:49:53.692,0.76214,0.76229,1.37,1.00
2017.02.28 10:49:54.485,0.76215,0.7623,1.12,1.12
2017.02.28 10:49:54.535,0.76215,0.7623,1.37,1.00
2017.02.28 10:49:55.283,0.76216,0.7623,1.12,1.12
2017.02.28 10:49:58.453,0.76215,0.76232,1.37,1.12
2017.02.28 10:50:15.496,0.76216,0.7623,1.37,1.00
2017.02.28 10:50:16.132,0.76214,0.76231,1.37,1.00
2017.02.28 10:50:19.121,0.76214,0.76228,1.37,1.00
2017.02.28 10:50:19.379,0.76213,0.76227,1.37,1.00
2017.02.28 10:50:20.223,0.76211,0.76228,3.00,1.12
2017.02.28 10:50:21.661,0.76213,0.76227,1.37,1.00
2017.02.28 10:50:23.190,0.76212,0.76226,1.37,1.00
2017.02.28 10:50:24.181,0.76212,0.76227,1.37,1.12
2017.02.28 10:50:27.130,0.76212,0.76226,1.37,1.00
2017.02.28 10:50:27.728,0.76212,0.76226,1.00,1.00
2017.02.28 10:50:28.340,0.76212,0.76227,1.37,1.12
2017.02.28 10:50:28.946,0.76213,0.76228,1.12,1.00
2017.02.28 10:50:30.226,0.76213,0.76228,1.00,1.37
2017.02.28 10:50:30.326,0.76213,0.76228,1.37,1.12
2017.02.28 10:50:33.991,0.76213,0.76227,1.37,1.00
2017.02.28 10:50:34.115,0.76212,0.76227,1.12,1.37
2017.02.28 10:50:34.216,0.76212,0.76227,1.37,1.00
2017.02.28 10:50:34.316,0.7621,0.76225,1.87,1.00
2017.02.28 10:50:34.518,0.76209,0.76225,1.12,1.37
2017.02.28 10:50:35.902,0.7621,0.76225,1.00,1.37
2017.02.28 10:50:35.952,0.7621,0.76225,1.37,1.12
2017.02.28 10:50:36.855,0.76211,0.76226,1.37,1.00
2017.02.28 10:50:37.413,0.76211,0.76227,1.37,1.12
2017.02.28 10:50:37.842,0.76213,0.7623,1.37,1.37
2017.02.28 10:50:38.396,0.76213,0.7623,1.37,1.37
2017.02.28 10:50:41.352,0.76215,0.7623,1.00,1.37
2017.02.28 10:50:41.636,0.76213,0.76228,1.12,1.12
2017.02.28 10:50:41.736,0.76213,0.76228,1.00,1.37
2017.02.28 10:50:42.821,0.76213,0.76228,1.12,1.37
2017.02.28 10:50:43.578,0.76212,0.76226,1.37,1.00
2017.02.28 10:50:43.746,0.76211,0.76226,1.00,1.12
2017.02.28 10:50:45.031,0.76211,0.76226,1.37,1.12
2017.02.28 10:50:45.132,0.76211,0.76226,1.00,1.37
2017.02.28 10:50:45.322,0.76212,0.76227,1.12,1.37
2017.02.28 10:50:47.533,0.76212,0.76227,1.37,1.12
2017.02.28 10:50:48.117,0.76212,0.76227,1.12,1.37
2017.02.28 10:50:51.359,0.76213,0.76228,1.00,1.37
2017.02.28 10:50:51.875,0.76214,0.76228,1.00,1.37
2017.02.28 10:50:52.608,0.76213,0.76228,1.12,1.37
2017.02.28 10:50:54.566,0.76214,0.76229,1.12,1.37
2017.02.28 10:50:54.791,0.76216,0.76231,1.00,1.37
2017.02.28 10:50:55.577,0.76216,0.76231,1.00,1.37
2017.02.28 10:50:56.157,0.76215,0.7623,1.00,1.12
2017.02.28 10:50:56.903,0.76214,0.7623,1.12,1.12
2017.02.28 10:50:58.086,0.76214,0.76229,1.12,1.00
2017.02.28 10:50:58.603,0.76215,0.7623,1.00,1.37
2017.02.28 10:50:59.512,0.76214,0.7623,1.12,1.37
2017.02.28 10:51:00.877,0.76216,0.76231,1.00,3.00
2017.02.28 10:51:01.155,0.76216,0.76231,1.00,1.37
2017.02.28 10:51:01.256,0.76217,0.76232,1.12,1.12
2017.02.28 10:51:01.853,0.76217,0.76232,1.37,1.12
2017.02.28 10:51:03.641,0.76217,0.76231,1.37,1.00
2017.02.28 10:51:04.183,0.76215,0.7623,3.00,1.00
2017.02.28 10:51:04.284,0.76214,0.76229,1.37,1.00
2017.02.28 10:51:04.359,0.76214,0.76229,1.12,1.12
2017.02.28 10:51:04.873,0.76215,0.7623,1.00,1.37
2017.02.28 10:51:05.484,0.76216,0.7623,1.12,1.12
2017.02.28 10:51:05.876,0.76215,0.76232,1.37,1.12
2017.02.28 10:51:06.012,0.76215,0.7623,1.37,1.00
2017.02.28 10:51:06.513,0.76216,0.76231,1.37,1.12
2017.02.28 10:51:07.134,0.76216,0.76231,1.37,1.00
2017.02.28 10:51:07.665,0.76216,0.7623,1.37,1.00
2017.02.28 10:51:08.166,0.76216,0.7623,1.12,1.00
2017.02.28 10:51:08.785,0.76215,0.7623,1.37,1.00
2017.02.28 10:51:13.281,0.76216,0.76231,1.37,1.00
2017.02.28 10:51:13.382,0.76215,0.76231,1.12,1.50
2017.02.28 10:51:14.065,0.76215,0.76231,1.00,1.37
2017.02.28 10:51:14.665,0.76215,0.76232,1.00,3.00
2017.02.28 10:51:14.978,0.76215,0.76232,1.12,1.37
2017.02.28 10:51:16.232,0.76216,0.76231,1.00,1.12
2017.02.28 10:51:16.283,0.76216,0.76231,1.00,1.37
2017.02.28 10:51:16.484,0.76218,0.76232,1.12,1.12
2017.02.28 10:51:16.823,0.7622,0.76235,1.12,1.00
2017.02.28 10:51:18.289,0.7622,0.76235,1.37,1.12
2017.02.28 10:51:18.785,0.76219,0.76234,1.12,1.37
2017.02.28 10:51:21.208,0.7622,0.76235,1.00,1.37
2017.02.28 10:51:23.279,0.76221,0.76236,1.00,3.00
2017.02.28 10:51:23.329,0.76221,0.76236,1.12,1.37
2017.02.28 10:51:23.967,0.76221,0.76236,1.37,1.12
2017.02.28 10:51:25.717,0.76221,0.76236,1.12,1.37
2017.02.28 10:51:26.327,0.76221,0.76236,1.12,1.00
2017.02.28 10:51:27.316,0.7622,0.76236,1.37,1.37
2017.02.28 10:51:28.847,0.7622,0.76236,1.37,1.12
2017.02.28 10:51:28.947,0.7622,0.76234,1.37,1.00
2017.02.28 10:51:29.148,0.76219,0.76233,1.37,1.00
2017.02.28 10:51:30.007,0.76219,0.76235,1.37,1.37
2017.02.28 10:51:31.823,0.76222,0.76236,1.12,1.12
2017.02.28 10:51:33.780,0.76221,0.76235,1.37,1.00
2017.02.28 10:51:34.310,0.76222,0.76237,1.12,1.37
2017.02.28 10:51:34.858,0.76222,0.76237,1.37,1.12
2017.02.28 10:51:38.225,0.76222,0.76236,1.37,1.00
2017.02.28 10:51:47.228,0.76222,0.76237,1.37,1.12
2017.02.28 10:51:48.868,0.76222,0.76237,1.12,1.12
2017.02.28 10:51:49.170,0.76221,0.76235,1.12,1.00
2017.02.28 10:51:49.510,0.76218,0.76234,1.37,1.12
2017.02.28 10:51:52.197,0.76217,0.76234,1.37,1.37
2017.02.28 10:51:52.830,0.76218,0.76232,1.37,1.00
2017.02.28 10:51:53.367,0.76217,0.76234,1.37,1.37
2017.02.28 10:51:55.095,0.7622,0.76235,1.00,1.37
2017.02.28 10:51:55.264,0.7622,0.76235,1.12,1.00
2017.02.28 10:51:55.680,0.7622,0.76235,1.37,1.00
2017.02.28 10:51:56.209,0.76222,0.76236,1.12,1.12
2017.02.28 10:51:56.964,0.76221,0.76236,1.37,1.00
2017.02.28 10:51:59.767,0.76222,0.76236,1.37,1.00
2017.02.28 10:52:01.460,0.76223,0.76237,1.37,1.12
2017.02.28 10:52:01.983,0.76223,0.76237,1.00,1.00
2017.02.28 10:52:03.136,0.76224,0.76238,1.00,1.12
2017.02.28 10:52:03.424,0.76223,0.7624,1.37,1.50
2017.02.28 10:52:03.896,0.76224,0.76238,1.37,1.00
2017.02.28 10:52:04.076,0.76223,0.76237,1.37,1.00
2017.02.28 10:52:04.466,0.7622,0.76235,2.25,1.00
2017.02.28 10:52:04.693,0.76219,0.76235,1.37,1.37
2017.02.28 10:52:08.791,0.76219,0.76234,1.12,1.37
2017.02.28 10:52:09.892,0.76218,0.76232,1.00,1.00
2017.02.28 10:52:10.299,0.76216,0.76231,1.12,1.00
2017.02.28 10:52:10.350,0.76215,0.76229,1.37,1.00
2017.02.28 10:52:10.492,0.76214,0.76228,1.12,1.00
2017.02.28 10:52:11.111,0.76214,0.76228,1.00,1.37
2017.02.28 10:52:11.622,0.76212,0.76228,1.37,1.37
2017.02.28 10:52:15.344,0.76214,0.76229,1.00,1.37
2017.02.28 10:52:15.395,0.76215,0.76229,1.12,1.12
2017.02.28 10:52:15.445,0.76217,0.76231,1.00,1.37
2017.02.28 10:52:15.596,0.76217,0.76231,1.37,1.00
2017.02.28 10:52:16.443,0.76217,0.76231,1.00,1.12
2017.02.28 10:52:17.107,0.76217,0.76232,1.37,1.12
2017.02.28 10:52:17.441,0.7622,0.76234,1.00,1.37
2017.02.28 10:52:17.542,0.76221,0.76235,1.00,1.37
2017.02.28 10:52:18.044,0.76221,0.76237,1.37,1.87
2017.02.28 10:52:19.002,0.76221,0.76237,1.37,1.12
2017.02.28 10:52:19.510,0.76221,0.76237,1.37,1.12
2017.02.28 10:52:20.018,0.76221,0.76237,1.12,1.37
2017.02.28 10:52:23.855,0.76222,0.76236,1.00,1.37
2017.02.28 10:52:24.388,0.76222,0.76236,1.12,1.12
2017.02.28 10:52:28.523,0.76222,0.76236,1.37,1.00
2017.02.28 10:52:29.325,0.76222,0.76236,1.37,1.00
2017.02.28 10:52:29.891,0.76223,0.76237,1.37,1.00
2017.02.28 10:52:30.392,0.76223,0.76237,1.12,1.12
2017.02.28 10:52:39.220,0.76224,0.76238,1.00,1.37
2017.02.28 10:52:39.371,0.76225,0.76239,1.00,1.12
2017.02.28 10:52:39.623,0.76223,0.7624,1.12,1.37
2017.02.28 10:52:39.673,0.76223,0.76237,3.00,1.00
2017.02.28 10:52:39.871,0.76223,0.76237,1.37,1.00
2017.02.28 10:52:40.232,0.76222,0.76236,1.12,1.12
2017.02.28 10:52:40.547,0.76223,0.76237,1.37,1.00
2017.02.28 10:52:41.031,0.76222,0.76236,1.12,1.00
2017.02.28 10:52:43.412,0.76223,0.76237,1.00,1.37
2017.02.28 10:52:45.959,0.76222,0.76237,1.12,1.37
2017.02.28 10:52:48.765,0.76222,0.76237,1.37,1.12
2017.02.28 10:52:49.539,0.76222,0.76236,1.37,1.00
2017.02.28 10:52:50.061,0.76223,0.76237,1.12,1.12
2017.02.28 10:52:50.212,0.76223,0.76237,1.37,1.00
2017.02.28 10:52:50.760,0.76224,0.76238,1.37,1.00
2017.02.28 10:52:54.414,0.76223,0.76237,1.37,1.00
2017.02.28 10:52:55.160,0.76221,0.76238,3.00,1.50
2017.02.28 10:52:55.480,0.76222,0.76237,1.37,1.12
2017.02.28 10:52:56.113,0.76222,0.76237,1.37,1.00
2017.02.28 10:52:56.726,0.76223,0.76238,1.37,1.00
2017.02.28 10:52:57.471,0.76224,0.76239,1.37,1.00
2017.02.28 10:53:01.694,0.76224,0.76239,1.12,1.00
2017.02.28 10:53:04.511,0.76222,0.76236,1.37,1.00
2017.02.28 10:53:05.080,0.76222,0.76236,1.37,1.00
2017.02.28 10:53:05.531,0.76222,0.76236,1.37,1.00
2017.02.28 10:53:06.963,0.76221,0.76237,3.00,1.00
2017.02.28 10:53:08.466,0.76221,0.76236,2.25,1.00
2017.02.28 10:53:09.067,0.76221,0.76236,2.25,1.00
2017.02.28 10:53:11.811,0.76224,0.76238,1.12,1.12
2017.02.28 10:53:11.962,0.76225,0.76239,1.37,1.00
2017.02.28 10:53:12.242,0.76226,0.76241,1.37,1.00
2017.02.28 10:53:13.586,0.76226,0.76242,1.37,1.12
2017.02.28 10:53:14.050,0.76227,0.76242,3.00,1.00
2017.02.28 10:53:14.513,0.76227,0.76244,3.00,1.00
2017.02.28 10:53:15.021,0.7623,0.76243,2.25,1.00
2017.02.28 10:53:15.210,0.7623,0.76245,3.00,1.00
2017.02.28 10:53:15.461,0.76231,0.76245,2.25,1.00
2017.02.28 10:53:15.770,0.7623,0.76244,3.00,1.00
2017.02.28 10:53:16.285,0.76229,0.76243,1.37,1.00
2017.02.28 10:53:17.154,0.7623,0.76244,1.37,1.00
2017.02.28 10:53:17.763,0.76231,0.76245,1.37,1.00
2017.02.28 10:53:19.558,0.7623,0.76244,3.00,1.00
2017.02.28 10:53:19.755,0.76229,0.76244,1.37,1.00
2017.02.28 10:53:21.214,0.7623,0.76245,1.12,1.00
2017.02.28 10:53:21.722,0.7623,0.76245,1.37,1.00
2017.02.28 10:53:25.407,0.76231,0.76246,1.12,1.12
2017.02.28 10:53:25.457,0.76231,0.76246,1.37,1.00
2017.02.28 10:53:26.014,0.76232,0.76246,1.12,1.12
2017.02.28 10:53:29.272,0.76232,0.76247,1.12,1.12
2017.02.28 10:53:29.647,0.76232,0.76247,1.37,1.00
2017.02.28 10:53:30.185,0.76233,0.76247,1.37,1.00
2017.02.28 10:53:30.564,0.76232,0.76247,1.37,1.00
2017.02.28 10:53:31.059,0.76233,0.76248,1.37,1.00
2017.02.28 10:53:31.959,0.76232,0.76249,1.37,1.12
2017.02.28 10:53:33.454,0.76232,0.76249,1.37,1.37
2017.02.28 10:53:34.155,0.76232,0.76249,3.00,1.12
2017.02.28 10:53:34.569,0.76233,0.76247,1.37,1.00
2017.02.28 10:53:35.057,0.76232,0.76246,1.37,1.00
2017.02.28 10:53:42.373,0.76232,0.76246,1.00,1.00
2017.02.28 10:53:42.978,0.76231,0.76245,1.37,1.00
2017.02.28 10:53:43.179,0.7623,0.76244,1.12,1.00
2017.02.28 10:53:45.603,0.7623,0.76244,1.37,1.00
2017.02.28 10:53:46.142,0.76229,0.76243,1.37,1.00
2017.02.28 10:53:48.286,0.76229,0.76243,1.12,1.00
2017.02.28 10:53:48.894,0.7623,0.76244,1.00,1.12
2017.02.28 10:53:49.491,0.76229,0.76243,1.12,1.00
2017.02.28 10:53:53.404,0.76229,0.76245,1.12,1.37
2017.02.28 10:53:55.200,0.7623,0.76244,1.00,1.12
2017.02.28 10:53:55.723,0.76229,0.76244,1.00,1.12
2017.02.28 10:53:55.773,0.76228,0.76242,1.12,1.00
2017.02.28 10:53:56.084,0.76224,0.76239,1.00,1.37
2017.02.28 10:53:56.778,0.76223,0.76239,1.12,1.37
2017.02.28 10:53:57.489,0.76224,0.76238,1.00,1.37
2017.02.28 10:53:58.140,0.76223,0.76239,1.12,1.37
2017.02.28 10:53:58.463,0.76229,0.76243,1.00,2.25
2017.02.28 10:53:58.513,0.76232,0.76247,1.00,3.00
2017.02.28 10:53:58.614,0.76232,0.76247,1.37,1.12
2017.02.28 10:53:59.163,0.76233,0.76248,1.00,1.12
2017.02.28 10:53:59.442,0.76235,0.76251,1.00,1.37
2017.02.28 10:53:59.676,0.76238,0.76254,2.62,1.37
2017.02.28 10:54:00.305,0.76238,0.76253,1.37,1.00
2017.02.28 10:54:00.853,0.76239,0.76254,1.37,1.12
2017.02.28 10:54:01.399,0.76238,0.76253,1.37,1.00
2017.02.28 10:54:02.126,0.7624,0.76254,1.00,1.00
2017.02.28 10:54:02.772,0.76239,0.76253,1.12,1.00
2017.02.28 10:54:03.431,0.76239,0.76254,1.12,1.00
2017.02.28 10:54:04.092,0.7624,0.76254,1.00,1.00
2017.02.28 10:54:05.011,0.76239,0.76253,1.12,1.00
2017.02.28 10:54:07.567,0.76238,0.76252,1.37,1.00
2017.02.28 10:54:09.142,0.76237,0.76251,1.37,1.00
2017.02.28 10:54:09.725,0.76237,0.76253,1.37,1.37
2017.02.28 10:54:10.294,0.76238,0.76252,1.37,1.00
2017.02.28 10:54:10.829,0.76238,0.76252,1.12,1.12
2017.02.28 10:54:13.710,0.76239,0.76253,1.00,1.37
2017.02.28 10:54:14.379,0.76239,0.76253,1.00,1.00
2017.02.28 10:54:15.635,0.76238,0.76253,1.12,1.00
2017.02.28 10:54:16.629,0.76239,0.76253,1.00,1.00
2017.02.28 10:54:17.140,0.7624,0.76254,1.00,1.12
2017.02.28 10:54:18.391,0.76238,0.76255,1.12,1.37
2017.02.28 10:54:19.052,0.76239,0.76253,1.00,1.00
2017.02.28 10:54:20.073,0.76239,0.76253,1.00,1.37
2017.02.28 10:54:22.820,0.76236,0.76253,1.37,1.37
2017.02.28 10:54:22.871,0.76234,0.76249,3.00,1.00
2017.02.28 10:54:22.971,0.76233,0.76249,1.37,1.00
2017.02.28 10:54:23.096,0.76233,0.76249,1.12,1.37
2017.02.28 10:54:24.156,0.76233,0.76249,1.12,1.37
2017.02.28 10:54:24.557,0.76233,0.76249,1.00,1.37
2017.02.28 10:54:24.778,0.76231,0.76245,1.12,1.12
2017.02.28 10:54:25.231,0.76228,0.76243,1.37,1.00
2017.02.28 10:54:25.281,0.76228,0.76243,1.12,1.37
2017.02.28 10:54:25.968,0.76228,0.76243,1.12,1.00
2017.02.28 10:54:26.357,0.76227,0.76241,1.12,1.00
2017.02.28 10:54:32.076,0.76227,0.76241,1.00,1.37
2017.02.28 10:54:32.385,0.76231,0.76243,1.00,2.25
2017.02.28 10:54:32.486,0.76232,0.76245,1.00,2.25
2017.02.28 10:54:32.617,0.76233,0.76249,1.00,1.37
2017.02.28 10:54:32.718,0.76233,0.76249,1.00,1.37
2017.02.28 10:54:34.872,0.76234,0.76249,1.00,1.37
2017.02.28 10:54:42.562,0.76233,0.76247,1.12,1.00
2017.02.28 10:54:43.176,0.76233,0.76247,1.00,1.37
2017.02.28 10:54:43.729,0.76232,0.76249,1.12,1.37
2017.02.28 10:54:44.496,0.76232,0.76249,1.37,1.37
2017.02.28 10:54:45.919,0.76233,0.76247,1.00,1.37
2017.02.28 10:54:47.123,0.76233,0.76247,1.12,1.12
2017.02.28 10:54:48.195,0.76232,0.76246,1.37,1.00
2017.02.28 10:54:48.296,0.76229,0.76244,3.00,1.12
2017.02.28 10:54:48.346,0.76228,0.76242,1.37,1.00
2017.02.28 10:54:48.548,0.76228,0.76242,1.12,1.50
2017.02.28 10:54:48.661,0.76228,0.76242,1.00,1.50
2017.02.28 10:54:49.212,0.76227,0.76242,1.00,1.37
2017.02.28 10:54:50.117,0.76228,0.76242,1.00,1.37
2017.02.28 10:54:50.316,0.76228,0.76242,1.00,1.12
2017.02.28 10:54:51.146,0.76226,0.76243,1.37,1.87
2017.02.28 10:54:51.755,0.76226,0.76243,1.00,1.87
2017.02.28 10:54:52.416,0.76227,0.76241,1.00,1.12
2017.02.28 10:54:53.032,0.76227,0.76242,1.37,1.12
2017.02.28 10:54:53.223,0.76227,0.76242,1.00,1.37
2017.02.28 10:55:00.612,0.76225,0.76241,1.37,1.37
2017.02.28 10:55:01.117,0.76227,0.76241,1.12,1.00
2017.02.28 10:55:01.683,0.76227,0.76241,1.00,1.37
2017.02.28 10:55:04.315,0.76228,0.76242,1.00,1.37
2017.02.28 10:55:04.985,0.76227,0.76241,1.00,1.12
2017.02.28 10:55:05.616,0.76228,0.76243,1.00,1.37
2017.02.28 10:55:08.455,0.76229,0.76244,1.00,2.25
2017.02.28 10:55:08.640,0.76229,0.76247,1.00,3.00
2017.02.28 10:55:09.243,0.76229,0.76247,1.12,3.00
2017.02.28 10:55:11.908,0.76229,0.76245,1.00,1.37
2017.02.28 10:55:14.339,0.76227,0.76245,1.37,1.87
2017.02.28 10:55:14.708,0.76228,0.76243,1.00,2.25
2017.02.28 10:55:14.809,0.76228,0.76244,1.00,1.37
2017.02.28 10:55:14.909,0.76228,0.76244,1.00,3.00
2017.02.28 10:55:17.973,0.76228,0.76244,1.00,1.37
2017.02.28 10:55:19.478,0.76227,0.76243,1.00,1.37
2017.02.28 10:55:23.737,0.76228,0.76243,1.00,1.37
2017.02.28 10:55:25.576,0.76227,0.76243,1.00,1.37
2017.02.28 10:55:25.686,0.76227,0.76243,1.00,3.00
2017.02.28 10:55:26.245,0.76228,0.76243,1.00,1.37
2017.02.28 10:55:27.854,0.76229,0.76244,1.00,1.37
2017.02.28 10:55:28.465,0.76229,0.76244,1.00,1.37
2017.02.28 10:55:33.350,0.76231,0.76246,1.00,3.00
2017.02.28 10:55:33.451,0.76232,0.76247,1.00,1.37
2017.02.28 10:55:33.501,0.76229,0.76244,1.37,1.00
2017.02.28 10:55:33.810,0.76229,0.76244,1.00,1.87
2017.02.28 10:55:34.112,0.76227,0.76242,1.00,1.50
2017.02.28 10:55:34.581,0.76229,0.76244,1.00,3.00
2017.02.28 10:55:34.632,0.7623,0.76246,1.00,2.25
2017.02.28 10:55:34.833,0.7623,0.76247,1.12,1.37
2017.02.28 10:55:34.934,0.76232,0.76247,1.00,1.37
2017.02.28 10:55:36.529,0.76233,0.76248,1.00,1.37
2017.02.28 10:55:37.139,0.76233,0.76248,1.00,1.37
2017.02.28 10:55:41.689,0.76234,0.76249,1.00,1.37
2017.02.28 10:55:41.840,0.76231,0.76246,1.37,1.50
2017.02.28 10:55:42.050,0.76231,0.76246,1.00,1.87
2017.02.28 10:55:42.357,0.76231,0.76246,1.00,1.50
2017.02.28 10:55:43.136,0.76231,0.76249,1.37,2.10
2017.02.28 10:55:43.684,0.76231,0.76248,1.12,2.62
2017.02.28 10:55:43.835,0.76233,0.76248,1.00,1.50
2017.02.28 10:55:44.414,0.76233,0.76248,1.12,1.50
2017.02.28 10:55:45.074,0.76232,0.76248,1.12,1.50
2017.02.28 10:55:47.707,0.76233,0.76248,1.00,1.50
2017.02.28 10:55:49.274,0.76232,0.76248,1.12,1.50
2017.02.28 10:55:50.787,0.76233,0.76249,1.00,1.37
2017.02.28 10:55:51.352,0.76233,0.76248,1.00,1.37
2017.02.28 10:55:52.968,0.76234,0.7625,1.37,1.37
2017.02.28 10:55:53.760,0.76234,0.7625,1.37,1.00
2017.02.28 10:55:54.637,0.76236,0.76251,1.00,1.37
2017.02.28 10:55:54.688,0.76237,0.76252,1.00,1.00
2017.02.28 10:55:55.372,0.76237,0.76252,1.37,1.00
2017.02.28 10:56:01.411,0.76237,0.76255,1.37,1.87
2017.02.28 10:56:01.612,0.76237,0.76254,3.00,1.12
2017.02.28 10:56:01.713,0.76237,0.76254,1.12,1.12
2017.02.28 10:56:01.763,0.76238,0.76253,1.00,1.37
2017.02.28 10:56:02.095,0.76236,0.76252,1.00,2.62
2017.02.28 10:56:02.196,0.76236,0.76253,1.00,1.37
2017.02.28 10:56:02.296,0.76238,0.76254,1.00,3.00
2017.02.28 10:56:02.397,0.76238,0.76254,1.12,1.37
2017.02.28 10:56:02.813,0.76238,0.76254,1.00,1.87
2017.02.28 10:56:07.405,0.76239,0.76254,1.00,1.50
2017.02.28 10:56:07.467,0.76237,0.76254,1.12,1.50
2017.02.28 10:56:08.081,0.76237,0.76254,1.00,1.37
2017.02.28 10:56:08.670,0.76238,0.76254,1.00,1.37
2017.02.28 10:56:09.380,0.76239,0.76254,1.00,1.37
2017.02.28 10:56:09.983,0.76239,0.76256,1.00,1.75
2017.02.28 10:56:11.586,0.76239,0.76255,1.12,1.00
2017.02.28 10:56:11.886,0.76239,0.76256,1.00,3.37
2017.02.28 10:56:12.670,0.76237,0.76253,1.37,1.12
2017.02.28 10:56:13.012,0.76237,0.76252,1.00,3.00
2017.02.28 10:56:13.113,0.76235,0.76251,1.12,1.37
2017.02.28 10:56:13.213,0.76235,0.7625,1.00,1.37
2017.02.28 10:56:13.741,0.76235,0.76252,1.00,3.75
2017.02.28 10:56:19.162,0.76234,0.76249,1.12,1.12
2017.02.28 10:56:19.721,0.76234,0.76249,1.12,1.37
2017.02.28 10:56:23.143,0.76234,0.76249,1.00,1.37
2017.02.28 10:56:27.127,0.76233,0.76249,1.12,1.37
2017.02.28 10:56:27.937,0.76234,0.76249,1.00,1.37
2017.02.28 10:56:28.488,0.76233,0.76248,1.12,1.37
2017.02.28 10:56:29.153,0.76233,0.76248,1.00,1.37
2017.02.28 10:56:29.742,0.76233,0.76248,1.12,1.37
2017.02.28 10:56:30.529,0.76234,0.76249,1.00,1.37
2017.02.28 10:56:31.243,0.76233,0.76249,1.12,1.37
2017.02.28 10:56:33.063,0.76234,0.7625,1.00,1.37
2017.02.28 10:56:33.831,0.76233,0.76249,1.12,1.37
2017.02.28 10:56:34.539,0.76234,0.76249,1.00,1.37
2017.02.28 10:56:39.992,0.76233,0.76248,1.12,1.37
2017.02.28 10:56:41.811,0.76234,0.76249,1.00,1.37
2017.02.28 10:56:46.372,0.76233,0.76249,1.12,1.37
2017.02.28 10:56:47.038,0.76233,0.76249,1.00,1.37
2017.02.28 10:56:47.722,0.76234,0.76249,1.00,1.37
2017.02.28 10:56:47.850,0.76233,0.76251,1.37,3.60
2017.02.28 10:56:48.740,0.76235,0.7625,1.00,1.37
2017.02.28 10:56:51.784,0.76236,0.76251,1.00,3.00
2017.02.28 10:56:52.310,0.76236,0.76251,1.00,1.37
2017.02.28 10:56:52.461,0.76237,0.76253,1.12,1.37
2017.02.28 10:56:52.980,0.76238,0.76253,1.00,1.37
2017.02.28 10:56:53.969,0.76237,0.76253,1.12,1.37
2017.02.28 10:56:54.070,0.76234,0.76249,2.25,1.00
2017.02.28 10:56:54.271,0.76233,0.76249,1.12,1.37
2017.02.28 10:56:54.810,0.76233,0.76249,1.37,1.37
2017.02.28 10:56:55.469,0.76233,0.76248,1.00,1.37
2017.02.28 10:56:56.101,0.76233,0.76248,1.00,1.12
2017.02.28 10:56:56.252,0.76235,0.7625,1.00,1.37
2017.02.28 10:56:56.920,0.76235,0.7625,1.12,1.37
2017.02.28 10:56:58.401,0.76235,0.7625,1.00,1.37
2017.02.28 10:56:58.966,0.76233,0.76248,1.37,1.12
2017.02.28 10:56:59.118,0.76232,0.76248,1.12,1.37
2017.02.28 10:56:59.177,0.76232,0.76248,1.00,1.37
2017.02.28 10:56:59.502,0.76235,0.7625,1.00,3.00
2017.02.28 10:56:59.603,0.76235,0.76251,1.00,1.37
2017.02.28 10:56:59.817,0.76233,0.76248,1.12,1.12
2017.02.28 10:56:59.979,0.76233,0.76248,1.00,1.37
2017.02.28 10:57:01.151,0.76233,0.7625,1.12,3.00
2017.02.28 10:57:01.799,0.76234,0.76249,1.00,1.37
2017.02.28 10:57:02.383,0.76234,0.76249,1.00,1.37
2017.02.28 10:57:03.312,0.76233,0.76248,1.12,1.37
2017.02.28 10:57:03.792,0.76231,0.76248,1.00,1.37
2017.02.28 10:57:04.309,0.76231,0.76248,1.12,1.37
2017.02.28 10:57:04.856,0.76232,0.76249,1.00,3.75
2017.02.28 10:57:05.525,0.76232,0.76247,1.12,1.00
2017.02.28 10:57:07.225,0.76232,0.76249,1.12,3.37
2017.02.28 10:57:08.295,0.76232,0.76247,1.00,1.37
2017.02.28 10:57:08.824,0.76232,0.76247,1.12,1.37
2017.02.28 10:57:10.998,0.76233,0.76247,1.00,1.37
2017.02.28 10:57:11.580,0.76233,0.76247,1.00,1.37
2017.02.28 10:57:12.636,0.76231,0.76247,1.12,1.37
2017.02.28 10:57:13.568,0.76232,0.76247,1.00,1.37
2017.02.28 10:57:15.407,0.76232,0.76246,1.00,1.37
2017.02.28 10:57:16.413,0.76232,0.76246,1.00,1.37
2017.02.28 10:57:17.887,0.76231,0.76246,1.00,1.37
2017.02.28 10:57:19.012,0.76231,0.76246,1.00,1.37
2017.02.28 10:57:19.628,0.76231,0.76246,1.00,1.37
2017.02.28 10:57:20.159,0.7623,0.76245,1.00,1.37
2017.02.28 10:57:21.362,0.76229,0.76244,1.00,1.00
2017.02.28 10:57:21.663,0.76231,0.76246,1.12,1.00
2017.02.28 10:57:22.201,0.76232,0.76247,1.00,1.37
2017.02.28 10:57:24.539,0.7623,0.76247,1.00,1.37
2017.02.28 10:57:24.590,0.76227,0.76242,1.37,1.00
2017.02.28 10:57:24.891,0.76226,0.76241,1.00,1.37
2017.02.28 10:57:26.133,0.76226,0.76243,1.12,3.00
2017.02.28 10:57:26.648,0.76228,0.76242,1.00,1.37
2017.02.28 10:57:27.178,0.76228,0.76242,1.00,1.37
2017.02.28 10:57:27.791,0.76228,0.76242,1.00,1.37
2017.02.28 10:57:28.678,0.76228,0.76242,1.00,1.37
2017.02.28 10:57:29.528,0.76227,0.76242,1.00,1.37
2017.02.28 10:57:30.137,0.76227,0.76242,1.00,1.37
2017.02.28 10:57:32.489,0.76226,0.76241,1.00,1.37
2017.02.28 10:57:32.889,0.76226,0.76241,1.37,1.12
2017.02.28 10:57:33.643,0.76226,0.76242,1.12,1.37
2017.02.28 10:57:34.464,0.76224,0.7624,1.37,1.00
2017.02.28 10:57:34.564,0.76222,0.76237,2.25,1.00
2017.02.28 10:57:34.665,0.76221,0.76237,1.37,1.50
2017.02.28 10:57:34.766,0.76221,0.76237,1.00,1.37
2017.02.28 10:57:34.883,0.76223,0.76238,1.00,1.37
2017.02.28 10:57:35.145,0.76225,0.7624,1.12,1.37
2017.02.28 10:57:35.846,0.76225,0.7624,1.00,1.37
2017.02.28 10:57:40.994,0.76224,0.76241,1.12,3.00
2017.02.28 10:57:47.765,0.76224,0.76239,1.00,1.12
2017.02.28 10:57:48.437,0.76225,0.76239,1.00,1.12
2017.02.28 10:57:50.214,0.76225,0.7624,1.37,1.12
2017.02.28 10:57:50.744,0.76227,0.76241,1.00,1.37
2017.02.28 10:57:51.301,0.76225,0.76239,1.12,1.12
2017.02.28 10:57:53.059,0.76227,0.76242,1.00,1.37
2017.02.28 10:57:53.210,0.76228,0.76243,1.00,1.37
2017.02.28 10:57:53.713,0.76229,0.76246,1.37,1.37
2017.02.28 10:57:54.235,0.76231,0.76246,1.00,1.37
2017.02.28 10:57:54.742,0.7623,0.76245,1.00,1.37
2017.02.28 10:57:57.236,0.76229,0.76244,1.00,1.12
2017.02.28 10:57:58.029,0.76229,0.76244,1.12,1.37
2017.02.28 10:57:58.583,0.76228,0.76242,1.12,1.12
2017.02.28 10:57:59.115,0.76228,0.76242,1.37,1.00
2017.02.28 10:57:59.370,0.76227,0.76242,1.12,1.37
2017.02.28 10:57:59.957,0.76228,0.76242,1.00,1.37
2017.02.28 10:58:01.487,0.76228,0.76242,1.37,1.00
2017.02.28 10:58:02.089,0.76228,0.76242,1.12,1.12
2017.02.28 10:58:05.109,0.76227,0.76242,1.12,1.37
2017.02.28 10:58:06.045,0.76228,0.76242,1.00,1.37
2017.02.28 10:58:07.075,0.76227,0.76241,1.00,1.12
2017.02.28 10:58:07.197,0.76227,0.76241,1.00,1.37
2017.02.28 10:58:07.704,0.76227,0.76241,1.00,1.37
2017.02.28 10:58:08.712,0.76228,0.76242,1.00,1.37
2017.02.28 10:58:09.309,0.76227,0.76242,1.12,1.37
2017.02.28 10:58:09.857,0.76227,0.76243,1.37,1.37
2017.02.28 10:58:11.219,0.76229,0.76243,1.00,1.37
2017.02.28 10:58:11.905,0.76229,0.76243,1.12,1.12
2017.02.28 10:58:15.047,0.76228,0.76243,1.00,1.12
2017.02.28 10:58:15.389,0.76227,0.76241,1.12,1.12
2017.02.28 10:58:15.929,0.76227,0.76241,1.00,1.37
2017.02.28 10:58:16.499,0.76227,0.76241,1.00,1.00
2017.02.28 10:58:18.797,0.76226,0.7624,1.12,1.00
2017.02.28 10:58:19.235,0.76224,0.76238,1.12,1.12
2017.02.28 10:58:22.078,0.76225,0.76239,1.00,1.37
2017.02.28 10:58:22.747,0.76223,0.7624,1.12,1.37
2017.02.28 10:58:22.924,0.76223,0.76238,1.37,1.00
2017.02.28 10:58:23.023,0.76223,0.76238,1.12,1.37
2017.02.28 10:58:24.042,0.76222,0.76237,1.00,1.12
2017.02.28 10:58:24.563,0.76222,0.76237,1.12,1.37
2017.02.28 10:58:25.276,0.76223,0.76237,1.00,1.37
2017.02.28 10:58:25.871,0.76223,0.76237,1.12,1.12
2017.02.28 10:58:27.374,0.76224,0.76238,1.00,1.37
2017.02.28 10:58:27.609,0.76221,0.76235,1.37,1.00
2017.02.28 10:58:27.873,0.76221,0.76235,1.00,1.12
2017.02.28 10:58:28.434,0.76221,0.76235,1.37,1.00
2017.02.28 10:58:28.534,0.76223,0.76239,1.12,1.87
2017.02.28 10:58:29.171,0.76223,0.76239,1.12,1.87
2017.02.28 10:58:29.753,0.76223,0.76239,1.00,1.50
2017.02.28 10:58:29.861,0.76223,0.76239,1.37,1.50
2017.02.28 10:58:30.465,0.76223,0.76239,1.00,1.87
2017.02.28 10:58:32.340,0.76222,0.76236,1.12,1.00
2017.02.28 10:58:32.391,0.76219,0.76234,3.00,1.00
2017.02.28 10:58:32.693,0.76216,0.76231,1.37,1.00
2017.02.28 10:58:32.844,0.76216,0.76231,1.00,3.00
2017.02.28 10:58:32.944,0.76216,0.76231,1.00,1.12
2017.02.28 10:58:33.491,0.76216,0.76231,1.12,1.37
2017.02.28 10:58:35.081,0.76217,0.76232,1.00,1.37
2017.02.28 10:58:35.283,0.76218,0.76233,1.00,1.37
2017.02.28 10:58:35.945,0.76219,0.76234,1.12,1.37
2017.02.28 10:58:39.780,0.76219,0.76233,1.00,1.37
2017.02.28 10:58:40.421,0.76219,0.76233,1.00,1.00
2017.02.28 10:58:41.489,0.7622,0.76234,1.00,1.12
2017.02.28 10:58:41.691,0.76217,0.76233,1.37,1.37
2017.02.28 10:58:42.219,0.76217,0.76233,1.12,1.12
2017.02.28 10:58:42.732,0.76217,0.76232,1.12,1.00
2017.02.28 10:58:45.700,0.76218,0.76232,1.00,1.00
2017.02.28 10:58:50.035,0.76217,0.76231,1.12,1.00
2017.02.28 10:58:51.063,0.76218,0.76232,1.00,1.37
2017.02.28 10:58:51.605,0.76218,0.76232,1.00,1.00
2017.02.28 10:58:52.172,0.76217,0.76232,1.12,1.00
2017.02.28 10:58:52.474,0.76216,0.7623,1.12,1.12
2017.02.28 10:58:53.402,0.76216,0.76231,1.00,1.12
2017.02.28 10:58:53.793,0.76216,0.7623,1.00,1.37
2017.02.28 10:58:54.380,0.76215,0.76229,1.12,1.12
2017.02.28 10:58:55.391,0.76216,0.7623,1.00,1.37
2017.02.28 10:58:58.293,0.76215,0.76229,1.12,1.12
2017.02.28 10:58:59.004,0.76214,0.76229,1.12,1.37
2017.02.28 10:58:59.567,0.76212,0.76228,1.37,1.37
2017.02.28 10:59:00.083,0.76214,0.76228,1.37,1.00
2017.02.28 10:59:00.701,0.76216,0.7623,1.00,1.37
2017.02.28 10:59:01.219,0.76216,0.76231,1.12,1.37
2017.02.28 10:59:01.746,0.76217,0.76231,1.00,1.37
2017.02.28 10:59:02.687,0.76217,0.76231,1.12,1.00
2017.02.28 10:59:03.195,0.76217,0.76232,1.12,1.12
2017.02.28 10:59:04.566,0.76218,0.76234,1.00,1.37
2017.02.28 10:59:04.957,0.7622,0.76235,1.00,1.37
2017.02.28 10:59:05.508,0.76219,0.76234,1.37,1.12
2017.02.28 10:59:06.060,0.7622,0.76234,1.00,1.37
2017.02.28 10:59:07.537,0.76219,0.76234,1.00,1.37
2017.02.28 10:59:08.148,0.76218,0.76234,1.00,1.37
2017.02.28 10:59:08.797,0.76218,0.76234,1.00,1.37
2017.02.28 10:59:11.830,0.76218,0.76234,1.37,1.37
2017.02.28 10:59:12.454,0.76219,0.76234,1.37,1.12
2017.02.28 10:59:13.563,0.76221,0.76235,1.00,1.37
2017.02.28 10:59:14.092,0.76221,0.76235,1.00,1.37
2017.02.28 10:59:14.639,0.76221,0.76235,1.00,1.37
2017.02.28 10:59:17.849,0.76221,0.76235,1.00,1.37
2017.02.28 10:59:19.629,0.7622,0.76235,1.00,1.37
2017.02.28 10:59:20.224,0.76221,0.76235,1.00,1.37
2017.02.28 10:59:20.739,0.76221,0.76235,1.00,1.37
2017.02.28 10:59:21.258,0.76221,0.76235,1.00,1.12
2017.02.28 10:59:21.685,0.76221,0.76235,1.00,1.37
2017.02.28 10:59:24.215,0.7622,0.76235,1.00,1.37
2017.02.28 10:59:25.702,0.7622,0.76235,1.12,1.37
2017.02.28 10:59:29.564,0.76221,0.76235,1.00,1.37
2017.02.28 10:59:30.113,0.7622,0.76234,1.00,1.37
2017.02.28 10:59:30.824,0.76219,0.76234,1.12,1.37
2017.02.28 10:59:31.331,0.76216,0.76232,1.37,1.00
2017.02.28 10:59:31.382,0.76216,0.76232,1.37,1.00
2017.02.28 10:59:31.568,0.76216,0.76232,1.12,1.37
2017.02.28 10:59:32.270,0.76216,0.76232,1.00,1.37
2017.02.28 10:59:33.303,0.76216,0.76231,1.00,1.37
2017.02.28 10:59:34.585,0.76216,0.76231,1.00,1.37
2017.02.28 10:59:35.988,0.76212,0.76227,1.37,1.00
2017.02.28 10:59:36.089,0.76211,0.76226,1.37,1.12
2017.02.28 10:59:36.190,0.76211,0.76226,1.00,1.37
2017.02.28 10:59:36.716,0.76212,0.76227,1.00,1.37
2017.02.28 10:59:37.819,0.76213,0.76228,1.00,1.37
2017.02.28 10:59:37.920,0.76213,0.76228,1.12,1.37
2017.02.28 10:59:38.414,0.76215,0.76231,1.00,1.87
2017.02.28 10:59:38.615,0.76215,0.76231,1.37,1.12
2017.02.28 10:59:42.105,0.76216,0.76231,1.00,1.12
2017.02.28 10:59:43.650,0.76216,0.7623,1.00,1.00
2017.02.28 10:59:43.939,0.76215,0.7623,1.00,1.37
2017.02.28 10:59:44.658,0.76214,0.7623,1.12,1.37
2017.02.28 10:59:46.810,0.76214,0.7623,1.00,1.87
2017.02.28 10:59:48.250,0.76213,0.7623,1.12,1.87
2017.02.28 10:59:49.688,0.76215,0.76229,1.00,1.00
2017.02.28 10:59:50.063,0.76213,0.76228,1.12,1.00
2017.02.28 10:59:50.114,0.76212,0.76226,1.37,1.00
2017.02.28 10:59:50.265,0.76211,0.76225,1.12,1.00
2017.02.28 10:59:52.591,0.7621,0.76224,1.37,1.00
2017.02.28 10:59:53.479,0.76211,0.76225,1.12,1.12
2017.02.28 10:59:53.831,0.76212,0.76229,1.12,1.87
2017.02.28 10:59:53.882,0.76211,0.76225,1.37,1.00
2017.02.28 10:59:54.467,0.76211,0.76225,1.00,1.37
2017.02.28 10:59:54.978,0.7621,0.76224,1.00,1.37
2017.02.28 10:59:55.651,0.76213,0.76226,1.00,2.25
2017.02.28 10:59:55.823,0.76213,0.76227,1.00,1.50
2017.02.28 10:59:56.024,0.7621,0.76224,1.37,1.37
2017.02.28 10:59:56.176,0.7621,0.76224,1.00,1.37
2017.02.28 10:59:56.704,0.7621,0.76224,1.00,1.37
2017.02.28 10:59:57.211,0.76209,0.76223,1.00,1.37
2017.02.28 10:59:58.876,0.76209,0.76223,1.00,1.37
2017.02.28 10:59:59.484,0.76209,0.76223,1.00,1.37
2017.02.28 10:59:59.862,0.76206,0.76223,1.37,1.50
2017.02.28 10:59:59.912,0.76205,0.76219,1.37,1.00
