2013.09.16 22:00:15.194,0.89816,0.89888,0.75,0.38
2013.09.16 22:00:15.731,0.89816,0.89889,0.75,1.13
2013.09.16 22:00:18.720,0.89816,0.8986,0.75,0.19
2013.09.16 22:00:19.751,0.89816,0.89859,0.75,0.19
2013.09.16 22:00:21.035,0.89816,0.89858,0.75,0.19
2013.09.16 22:00:22.444,0.89816,0.89859,0.75,0.19
2013.09.16 22:00:24.042,0.89816,0.89857,0.75,0.19
2013.09.16 22:00:25.309,0.89822,0.89857,0.75,0.19
2013.09.16 22:00:25.818,0.89822,0.89858,0.75,0.19
2013.09.16 22:00:29.485,0.89817,0.89858,0.75,0.19
2013.09.16 22:00:30.511,0.89817,0.89864,0.75,0.19
2013.09.16 22:00:31.598,0.89818,0.89864,0.19,0.19
2013.09.16 22:00:33.121,0.89818,0.89866,0.19,0.19
2013.09.16 22:00:33.431,0.89817,0.89862,0.75,0.19
2013.09.16 22:00:35.721,0.89817,0.89861,0.75,0.19
2013.09.16 22:00:37.151,0.89812,0.89856,0.94,0.19
2013.09.16 22:00:38.511,0.89816,0.89856,0.75,0.19
2013.09.16 22:00:43.211,0.89816,0.89855,0.75,0.19
2013.09.16 22:00:43.563,0.89812,0.89855,0.75,0.19
2013.09.16 22:00:44.162,0.89812,0.89858,0.75,0.19
2013.09.16 22:00:45.531,0.89812,0.89856,0.75,0.19
2013.09.16 22:00:46.611,0.89812,0.89855,0.75,0.19
2013.09.16 22:00:47.132,0.89808,0.89855,0.19,0.19
2013.09.16 22:00:47.251,0.89795,0.89852,0.19,0.19
2013.09.16 22:00:48.491,0.89797,0.8985,0.19,0.19
2013.09.16 22:00:49.721,0.89796,0.8985,0.19,0.19
2013.09.16 22:00:50.051,0.89795,0.89845,0.19,0.19
2013.09.16 22:00:51.580,0.89795,0.89847,0.19,0.19
2013.09.16 22:00:57.181,0.89798,0.8985,0.19,0.19
2013.09.16 22:00:57.241,0.89799,0.89854,0.19,0.19
2013.09.16 22:00:58.437,0.89801,0.89851,0.19,0.19
2013.09.16 22:00:59.660,0.89798,0.89853,0.19,0.19
2013.09.16 22:00:59.980,0.898,0.89856,0.19,0.19
2013.09.16 22:01:02.042,0.89798,0.89852,0.19,0.19
2013.09.16 22:01:03.449,0.89799,0.89852,0.19,0.19
2013.09.16 22:01:04.555,0.89801,0.89853,0.19,0.19
2013.09.16 22:01:07.879,0.89796,0.89857,0.19,0.19
2013.09.16 22:01:08.990,0.89796,0.89855,0.19,0.19
2013.09.16 22:01:10.691,0.89793,0.89857,0.19,0.19
2013.09.16 22:01:12.051,0.89797,0.89857,0.19,0.19
2013.09.16 22:01:17.231,0.89801,0.89859,0.19,0.19
2013.09.16 22:01:21.229,0.89797,0.89855,0.75,0.19
2013.09.16 22:01:23.034,0.89802,0.89852,0.19,0.19
2013.09.16 22:01:24.161,0.89797,0.89853,0.75,0.19
2013.09.16 22:01:24.853,0.89796,0.89853,0.19,0.19
2013.09.16 22:01:25.401,0.89796,0.89851,0.19,0.19
2013.09.16 22:01:27.166,0.89795,0.8985,0.19,0.19
2013.09.16 22:01:28.292,0.89795,0.89847,0.19,0.19
2013.09.16 22:01:30.411,0.89796,0.89847,0.75,0.19
2013.09.16 22:01:30.591,0.89796,0.89855,0.94,0.19
2013.09.16 22:01:31.471,0.89797,0.89853,0.19,0.19
2013.09.16 22:01:31.791,0.89797,0.89847,0.94,0.19
2013.09.16 22:01:31.911,0.89803,0.89855,0.19,0.19
2013.09.16 22:01:33.287,0.89804,0.89853,0.19,0.19
2013.09.16 22:01:36.151,0.89803,0.89854,0.19,0.19
2013.09.16 22:01:37.417,0.89801,0.89852,0.19,0.19
2013.09.16 22:01:38.632,0.89801,0.89846,0.94,0.19
2013.09.16 22:01:40.651,0.89801,0.8985,0.75,0.19
2013.09.16 22:01:41.831,0.89801,0.89846,0.94,0.19
2013.09.16 22:01:44.266,0.89801,0.89848,0.19,0.19
2013.09.16 22:01:44.670,0.89804,0.89851,0.19,0.19
2013.09.16 22:01:47.166,0.89803,0.89852,0.19,0.19
2013.09.16 22:01:48.169,0.89802,0.89853,0.75,0.19
2013.09.16 22:01:50.631,0.89802,0.89852,0.75,0.19
2013.09.16 22:01:54.101,0.89803,0.89854,0.19,0.19
2013.09.16 22:01:57.215,0.89802,0.89854,0.75,0.19
2013.09.16 22:01:58.422,0.89802,0.89852,0.94,0.19
2013.09.16 22:01:58.741,0.89802,0.89848,0.94,0.19
2013.09.16 22:02:00.251,0.89802,0.89847,0.75,0.19
2013.09.16 22:02:00.573,0.89806,0.89847,0.75,0.19
2013.09.16 22:02:00.795,0.89801,0.89847,0.94,0.19
2013.09.16 22:02:00.922,0.89801,0.89843,0.19,0.75
2013.09.16 22:02:01.282,0.89796,0.89842,0.19,0.19
2013.09.16 22:02:01.814,0.89797,0.89842,0.75,0.19
2013.09.16 22:02:02.453,0.89802,0.89842,0.75,0.19
2013.09.16 22:02:04.653,0.89802,0.8985,0.75,0.19
2013.09.16 22:02:05.922,0.89802,0.89845,0.75,0.19
2013.09.16 22:02:07.268,0.89802,0.89847,0.75,0.19
2013.09.16 22:02:10.601,0.89802,0.89845,0.75,0.19
2013.09.16 22:02:12.070,0.89802,0.89846,0.75,0.19
2013.09.16 22:02:16.398,0.89802,0.89847,0.75,0.19
2013.09.16 22:02:20.732,0.89802,0.89845,0.75,0.19
2013.09.16 22:02:21.315,0.89802,0.89851,0.75,0.19
2013.09.16 22:02:26.641,0.89802,0.89849,0.75,0.19
2013.09.16 22:02:28.152,0.89802,0.89846,0.75,0.19
2013.09.16 22:02:30.372,0.89802,0.89849,0.75,0.19
2013.09.16 22:02:35.680,0.89802,0.89847,0.75,0.19
2013.09.16 22:02:37.176,0.89802,0.89845,0.75,0.19
2013.09.16 22:02:38.381,0.89802,0.89847,0.75,0.19
2013.09.16 22:02:40.812,0.89802,0.89851,0.75,0.19
2013.09.16 22:02:43.741,0.89802,0.89849,0.75,0.19
2013.09.16 22:02:57.271,0.89802,0.89851,0.75,0.19
2013.09.16 22:03:02.857,0.898,0.8985,0.19,0.19
2013.09.16 22:03:04.066,0.89802,0.8985,0.19,0.19
2013.09.16 22:03:07.585,0.89797,0.89849,0.19,0.19
2013.09.16 22:03:08.021,0.89803,0.89849,0.19,0.19
2013.09.16 22:03:10.090,0.89802,0.89847,0.19,0.19
2013.09.16 22:03:13.486,0.89801,0.89846,0.19,0.19
2013.09.16 22:03:15.941,0.89802,0.89851,0.19,0.19
2013.09.16 22:03:20.414,0.89804,0.89851,0.19,0.19
2013.09.16 22:03:24.626,0.89803,0.89851,0.19,0.19
2013.09.16 22:03:25.571,0.89803,0.89852,0.19,0.19
2013.09.16 22:03:27.147,0.89803,0.89854,0.19,0.19
2013.09.16 22:03:28.630,0.89804,0.89854,0.19,0.19
2013.09.16 22:03:30.134,0.89806,0.89853,0.19,0.19
2013.09.16 22:03:31.411,0.89807,0.89853,0.75,0.19
2013.09.16 22:03:32.036,0.89807,0.89854,0.75,0.19
2013.09.16 22:03:32.551,0.89807,0.89853,0.75,0.19
2013.09.16 22:03:33.101,0.89808,0.89862,0.19,0.19
2013.09.16 22:03:35.161,0.8981,0.89861,0.19,0.19
2013.09.16 22:03:40.682,0.8981,0.89864,0.19,0.19
2013.09.16 22:03:42.991,0.89813,0.8986,0.19,0.19
2013.09.16 22:03:45.398,0.89813,0.89858,0.19,0.19
2013.09.16 22:03:48.163,0.89809,0.89862,0.19,0.19
2013.09.16 22:03:51.301,0.89809,0.89864,0.19,0.19
2013.09.16 22:03:52.787,0.89809,0.89863,0.19,0.19
2013.09.16 22:03:53.741,0.89811,0.8986,0.19,0.19
2013.09.16 22:03:57.015,0.89816,0.89864,0.19,0.19
2013.09.16 22:03:59.902,0.89814,0.89862,0.19,0.19
2013.09.16 22:04:01.510,0.89813,0.89863,0.19,0.19
2013.09.16 22:04:02.717,0.89816,0.8986,0.19,0.19
2013.09.16 22:04:04.871,0.89811,0.89868,1.69,2.44
2013.09.16 22:04:08.081,0.89809,0.89872,1.69,2.44
2013.09.16 22:04:14.123,0.89811,0.89872,1.69,2.44
2013.09.16 22:04:15.171,0.8981,0.89871,1.69,2.44
2013.09.16 22:04:17.266,0.89811,0.89873,1.69,2.44
2013.09.16 22:04:21.221,0.89811,0.89871,1.69,2.44
2013.09.16 22:04:23.796,0.89811,0.89871,1.69,2.44
2013.09.16 22:04:25.421,0.8981,0.89874,1.69,1.69
2013.09.16 22:04:26.603,0.89807,0.89869,1.69,1.69
2013.09.16 22:04:28.916,0.89807,0.89872,1.69,1.69
2013.09.16 22:04:31.123,0.89807,0.89871,1.69,1.69
2013.09.16 22:04:32.194,0.89806,0.89874,1.69,1.69
2013.09.16 22:04:34.661,0.89806,0.89874,1.69,1.69
2013.09.16 22:04:34.781,0.89806,0.8987,1.69,2.44
2013.09.16 22:04:35.971,0.89807,0.89872,2.44,2.44
2013.09.16 22:04:38.781,0.89807,0.89871,2.44,2.44
2013.09.16 22:04:43.272,0.89806,0.8987,2.44,2.44
2013.09.16 22:04:43.401,0.89804,0.89873,2.44,1.69
2013.09.16 22:04:43.861,0.898,0.89873,1.69,1.69
2013.09.16 22:04:44.668,0.89796,0.89874,2.07,1.69
2013.09.16 22:04:47.263,0.89796,0.89874,2.07,3.19
2013.09.16 22:04:48.467,0.89796,0.89872,2.07,2.44
2013.09.16 22:04:48.866,0.89802,0.89874,2.44,1.69
2013.09.16 22:04:50.470,0.89803,0.89874,2.44,1.69
2013.09.16 22:04:52.177,0.89807,0.89871,2.44,2.44
2013.09.16 22:04:52.411,0.89807,0.89879,1.69,2.44
2013.09.16 22:04:53.561,0.89807,0.89877,3.19,2.44
2013.09.16 22:04:55.242,0.89807,0.89875,2.44,2.44
2013.09.16 22:04:56.413,0.89808,0.89871,2.44,2.44
2013.09.16 22:04:58.461,0.89802,0.89877,2.44,2.44
2013.09.16 22:04:59.733,0.89808,0.89877,2.44,2.44
2013.09.16 22:05:00.619,0.89806,0.89876,2.44,2.44
2013.09.16 22:05:01.671,0.89809,0.89877,2.44,2.44
2013.09.16 22:05:02.331,0.89809,0.89874,2.44,2.44
2013.09.16 22:05:04.801,0.89805,0.89874,2.44,2.44
2013.09.16 22:05:04.861,0.89801,0.89876,2.07,2.44
2013.09.16 22:05:10.431,0.89803,0.89877,2.44,2.44
2013.09.16 22:05:10.491,0.89801,0.89875,2.07,2.44
2013.09.16 22:05:12.611,0.89801,0.89873,2.07,2.44
2013.09.16 22:05:13.672,0.89805,0.89873,2.44,2.44
2013.09.16 22:05:14.126,0.89808,0.89871,2.44,2.44
2013.09.16 22:05:14.373,0.89804,0.89871,2.44,2.44
2013.09.16 22:05:15.083,0.8981,0.89871,2.44,2.44
2013.09.16 22:05:17.512,0.8981,0.89874,2.44,2.44
2013.09.16 22:05:17.797,0.89805,0.89873,2.44,2.44
2013.09.16 22:05:18.852,0.8981,0.89873,2.44,2.44
2013.09.16 22:05:20.341,0.89805,0.89874,2.44,2.44
2013.09.16 22:05:21.331,0.89811,0.89874,2.44,2.44
2013.09.16 22:05:23.521,0.89811,0.89874,2.44,2.44
2013.09.16 22:05:24.414,0.89807,0.89872,2.44,2.44
2013.09.16 22:05:24.741,0.89801,0.89871,2.07,2.44
2013.09.16 22:05:25.823,0.89801,0.89873,2.07,2.44
2013.09.16 22:05:26.383,0.89804,0.89875,2.44,2.44
2013.09.16 22:05:29.961,0.89801,0.8988,1.69,2.44
2013.09.16 22:05:33.060,0.89801,0.89876,1.69,2.44
2013.09.16 22:05:36.001,0.89801,0.89874,1.69,2.44
2013.09.16 22:05:36.072,0.89801,0.89871,1.69,2.44
2013.09.16 22:05:36.492,0.89806,0.8987,2.44,2.44
2013.09.16 22:05:41.779,0.89806,0.89871,2.44,2.44
2013.09.16 22:05:44.788,0.89799,0.89874,1.32,2.44
2013.09.16 22:05:46.596,0.89801,0.89871,1.69,2.44
2013.09.16 22:05:48.597,0.89801,0.89872,1.69,2.44
2013.09.16 22:05:50.602,0.89801,0.89872,1.69,2.44
2013.09.16 22:05:51.606,0.89801,0.89872,3.19,2.44
2013.09.16 22:05:52.713,0.89802,0.8987,2.44,2.44
2013.09.16 22:05:57.333,0.89803,0.89871,2.44,2.44
2013.09.16 22:05:59.162,0.89802,0.8987,2.44,2.44
2013.09.16 22:05:59.228,0.89799,0.89874,1.32,2.44
2013.09.16 22:06:11.969,0.89799,0.89875,2.07,2.44
2013.09.16 22:06:16.095,0.89799,0.89874,1.32,2.44
2013.09.16 22:06:23.396,0.89799,0.89873,1.32,2.44
2013.09.16 22:06:27.316,0.89799,0.89875,1.32,2.44
2013.09.16 22:06:32.235,0.89801,0.89875,1.69,2.44
2013.09.16 22:06:33.281,0.89801,0.89876,2.44,2.44
2013.09.16 22:06:34.331,0.89797,0.89874,1.32,2.44
2013.09.16 22:06:34.985,0.89799,0.89876,1.32,2.44
2013.09.16 22:06:35.187,0.89798,0.89875,1.32,2.44
2013.09.16 22:06:36.796,0.89799,0.89876,1.32,2.44
2013.09.16 22:06:37.701,0.898,0.89874,2.44,2.44
2013.09.16 22:06:37.951,0.89798,0.89875,1.32,2.44
2013.09.16 22:06:39.708,0.89799,0.89875,1.32,2.44
2013.09.16 22:06:40.719,0.89799,0.89876,1.32,2.44
2013.09.16 22:06:41.723,0.89799,0.89875,1.32,2.44
2013.09.16 22:06:42.742,0.898,0.89875,2.44,2.44
2013.09.16 22:06:43.732,0.89801,0.89875,2.44,2.44
2013.09.16 22:06:44.741,0.898,0.89875,2.44,2.44
2013.09.16 22:06:45.026,0.89798,0.89875,1.32,2.44
2013.09.16 22:06:49.651,0.89799,0.89872,1.32,2.44
2013.09.16 22:06:49.991,0.89802,0.89871,2.44,2.44
2013.09.16 22:06:51.371,0.89801,0.8987,2.44,2.44
2013.09.16 22:06:53.151,0.89799,0.89873,1.32,2.44
2013.09.16 22:06:59.878,0.89799,0.89877,1.32,2.44
2013.09.16 22:07:01.002,0.89799,0.89886,2.82,2.44
2013.09.16 22:07:02.363,0.89802,0.89885,2.44,2.44
2013.09.16 22:07:03.764,0.89802,0.89883,2.44,2.44
2013.09.16 22:07:04.068,0.89802,0.89875,2.44,2.44
2013.09.16 22:07:04.791,0.89799,0.89873,1.32,2.44
2013.09.16 22:07:15.331,0.89799,0.89875,1.32,2.44
2013.09.16 22:07:17.322,0.89799,0.89875,1.32,2.44
2013.09.16 22:07:21.951,0.89799,0.89875,1.32,2.44
2013.09.16 22:07:23.822,0.89799,0.89875,1.32,2.44
2013.09.16 22:07:25.132,0.89799,0.89874,1.32,2.44
2013.09.16 22:07:27.335,0.89799,0.89874,1.32,2.44
2013.09.16 22:07:31.681,0.89799,0.89872,1.32,2.44
2013.09.16 22:07:32.225,0.89803,0.89872,2.44,2.44
2013.09.16 22:07:37.169,0.89804,0.89871,2.44,2.44
2013.09.16 22:07:39.279,0.89801,0.89875,2.44,2.44
2013.09.16 22:07:44.801,0.89799,0.89875,1.32,2.44
2013.09.16 22:07:48.732,0.89799,0.89873,1.32,2.44
2013.09.16 22:07:49.911,0.89799,0.89875,1.32,2.44
2013.09.16 22:07:51.600,0.89799,0.89873,1.32,2.44
2013.09.16 22:07:53.805,0.89799,0.89868,2.82,2.44
2013.09.16 22:07:54.518,0.89804,0.89871,2.44,2.44
2013.09.16 22:07:58.935,0.898,0.89874,2.44,2.44
2013.09.16 22:08:00.661,0.89802,0.89881,2.44,2.44
2013.09.16 22:08:01.732,0.89799,0.89879,1.32,2.44
2013.09.16 22:08:01.851,0.89799,0.89873,1.32,2.44
2013.09.16 22:08:02.852,0.89799,0.89873,1.32,2.44
2013.09.16 22:08:03.852,0.89799,0.89873,1.32,2.44
2013.09.16 22:08:04.749,0.89798,0.89872,1.32,2.44
2013.09.16 22:08:08.911,0.89757,0.89927,1.35,1.35
2013.09.16 22:08:08.971,0.89799,0.8987,1.32,2.44
2013.09.16 22:08:10.366,0.89798,0.8987,1.32,2.44
2013.09.16 22:08:11.573,0.898,0.89866,2.44,2.44
2013.09.16 22:08:12.975,0.898,0.89864,2.44,2.44
2013.09.16 22:08:15.280,0.89801,0.89867,2.44,2.44
2013.09.16 22:08:16.501,0.898,0.89866,2.44,2.44
2013.09.16 22:08:18.535,0.898,0.89864,2.44,2.44
2013.09.16 22:08:24.350,0.89801,0.89864,2.44,2.44
2013.09.16 22:08:27.282,0.89804,0.89866,2.44,2.44
2013.09.16 22:08:27.369,0.89798,0.89866,2.82,2.44
2013.09.16 22:08:29.892,0.89802,0.89866,2.44,2.44
2013.09.16 22:08:31.931,0.89805,0.89878,1.69,3.19
2013.09.16 22:08:32.902,0.89805,0.89874,2.07,2.44
2013.09.16 22:08:33.479,0.89807,0.8987,1.69,2.44
2013.09.16 22:08:36.081,0.89806,0.89868,1.69,2.44
2013.09.16 22:08:36.144,0.89806,0.89868,1.69,2.44
2013.09.16 22:08:36.201,0.89806,0.89872,1.69,2.44
2013.09.16 22:08:38.794,0.89809,0.89873,2.07,2.44
2013.09.16 22:08:41.426,0.89809,0.89871,1.32,2.44
2013.09.16 22:08:44.820,0.89809,0.89872,1.13,2.44
2013.09.16 22:08:49.434,0.89809,0.89864,1.32,2.44
2013.09.16 22:08:51.422,0.89809,0.89865,1.13,2.44
2013.09.16 22:08:52.838,0.89806,0.89865,1.32,2.44
2013.09.16 22:08:53.339,0.89805,0.89863,1.32,1.69
2013.09.16 22:08:55.548,0.89804,0.89862,1.32,2.44
2013.09.16 22:08:58.471,0.89802,0.8986,1.32,2.44
2013.09.16 22:08:59.871,0.89802,0.89863,2.07,1.69
2013.09.16 22:09:00.983,0.89806,0.89863,1.32,2.44
2013.09.16 22:09:01.391,0.89806,0.89872,1.32,2.44
2013.09.16 22:09:03.751,0.89806,0.89872,1.32,2.44
2013.09.16 22:09:04.685,0.89807,0.8987,1.32,2.44
2013.09.16 22:09:05.931,0.89807,0.89869,1.32,2.44
2013.09.16 22:09:06.999,0.89808,0.89867,1.32,2.44
2013.09.16 22:09:11.321,0.89803,0.89868,1.32,2.44
2013.09.16 22:09:15.033,0.89804,0.89865,1.32,2.44
2013.09.16 22:09:17.046,0.89805,0.89866,1.32,2.44
2013.09.16 22:09:17.431,0.89798,0.89865,1.32,2.44
2013.09.16 22:09:18.281,0.89804,0.89864,1.32,2.44
2013.09.16 22:09:18.491,0.89808,0.8987,1.32,2.44
2013.09.16 22:09:23.562,0.89808,0.89868,1.32,2.44
2013.09.16 22:09:24.552,0.89808,0.89865,1.32,2.44
2013.09.16 22:09:25.661,0.89804,0.89872,1.32,2.44
2013.09.16 22:09:25.991,0.89798,0.89872,2.44,2.44
2013.09.16 22:09:27.371,0.89798,0.8987,2.44,2.44
2013.09.16 22:09:29.102,0.89796,0.89865,2.82,2.44
2013.09.16 22:09:29.284,0.89798,0.89873,2.44,2.44
2013.09.16 22:09:30.571,0.89803,0.89873,1.32,2.44
2013.09.16 22:09:33.297,0.89805,0.89873,1.32,2.44
2013.09.16 22:09:34.482,0.89806,0.89875,1.32,2.44
2013.09.16 22:09:35.491,0.89804,0.89874,1.32,2.44
2013.09.16 22:09:38.101,0.89801,0.89871,1.32,2.44
2013.09.16 22:09:38.474,0.89808,0.89864,1.32,2.44
2013.09.16 22:09:44.123,0.89808,0.89869,1.32,2.44
2013.09.16 22:09:44.871,0.89806,0.89865,1.32,2.44
2013.09.16 22:09:46.034,0.89808,0.89866,1.32,2.44
2013.09.16 22:09:47.342,0.89809,0.89866,1.32,2.44
2013.09.16 22:09:50.573,0.89808,0.89866,1.32,2.44
2013.09.16 22:09:51.837,0.89809,0.89868,1.32,2.44
2013.09.16 22:09:53.362,0.89809,0.89866,1.32,2.44
2013.09.16 22:09:56.252,0.89808,0.89866,1.32,2.44
2013.09.16 22:09:57.358,0.89809,0.89866,1.32,2.44
2013.09.16 22:10:00.161,0.89809,0.89866,1.32,2.44
2013.09.16 22:10:00.973,0.89809,0.89873,1.32,2.44
2013.09.16 22:10:02.021,0.89807,0.89867,2.07,2.44
2013.09.16 22:10:04.092,0.89808,0.89864,1.32,2.44
2013.09.16 22:10:07.293,0.89806,0.89867,2.07,2.44
2013.09.16 22:10:08.295,0.89809,0.89864,1.32,2.44
2013.09.16 22:10:19.223,0.89809,0.89866,1.32,2.44
2013.09.16 22:10:22.842,0.89809,0.89865,1.32,2.44
2013.09.16 22:10:24.872,0.89808,0.89869,1.32,2.44
2013.09.16 22:10:25.652,0.89806,0.89877,1.32,2.44
2013.09.16 22:10:26.692,0.89806,0.89871,2.07,2.44
2013.09.16 22:10:27.582,0.898,0.89871,2.44,2.44
2013.09.16 22:10:32.451,0.89797,0.89878,2.07,2.44
2013.09.16 22:10:36.157,0.89797,0.89876,2.07,2.44
2013.09.16 22:10:37.360,0.89797,0.89875,2.07,2.44
2013.09.16 22:10:37.681,0.898,0.89865,2.44,2.44
2013.09.16 22:10:39.673,0.89803,0.89866,2.44,2.44
2013.09.16 22:10:40.877,0.89799,0.89867,2.44,2.44
2013.09.16 22:10:44.797,0.89797,0.8987,2.07,2.44
2013.09.16 22:10:47.178,0.89797,0.89867,2.07,2.44
2013.09.16 22:10:51.189,0.89797,0.89869,2.07,2.44
2013.09.16 22:10:57.311,0.89797,0.8987,2.07,2.44
2013.09.16 22:11:00.261,0.89797,0.89871,2.07,2.44
2013.09.16 22:11:01.331,0.89797,0.8987,3.57,2.44
2013.09.16 22:11:01.692,0.89797,0.8988,3.57,2.44
2013.09.16 22:11:02.462,0.89802,0.89876,2.44,2.44
2013.09.16 22:11:03.443,0.898,0.89867,2.44,2.44
2013.09.16 22:11:03.876,0.89801,0.89864,2.44,2.44
2013.09.16 22:11:09.848,0.89797,0.89867,3.57,2.44
2013.09.16 22:11:11.254,0.89797,0.89866,2.07,2.44
2013.09.16 22:11:12.159,0.89797,0.89866,2.07,2.44
2013.09.16 22:11:12.963,0.89797,0.89862,3.57,2.44
2013.09.16 22:11:15.502,0.89803,0.89864,2.44,2.44
2013.09.16 22:11:18.683,0.89801,0.89864,2.44,2.44
2013.09.16 22:11:20.389,0.89803,0.89864,2.44,2.44
2013.09.16 22:11:21.693,0.898,0.89866,2.44,2.44
2013.09.16 22:11:24.385,0.89798,0.89867,2.44,2.44
2013.09.16 22:11:24.792,0.89797,0.89868,2.07,2.44
2013.09.16 22:11:26.597,0.89797,0.89865,2.07,2.44
2013.09.16 22:11:27.902,0.89797,0.89865,2.82,2.44
2013.09.16 22:11:30.462,0.89803,0.89875,1.69,2.44
2013.09.16 22:11:31.036,0.89807,0.89875,1.13,2.44
2013.09.16 22:11:36.892,0.89807,0.89873,1.13,2.44
2013.09.16 22:11:38.272,0.89807,0.8987,1.13,2.44
2013.09.16 22:11:39.342,0.89807,0.89863,2.07,2.44
2013.09.16 22:11:44.443,0.89807,0.89867,1.32,2.44
2013.09.16 22:11:46.350,0.89807,0.89863,1.32,2.44
2013.09.16 22:11:49.263,0.89807,0.89862,2.07,2.44
2013.09.16 22:11:50.867,0.89807,0.89866,1.13,2.44
2013.09.16 22:11:53.422,0.89807,0.89865,1.32,2.44
2013.09.16 22:12:00.952,0.89807,0.89866,1.13,2.44
2013.09.16 22:12:01.193,0.89807,0.89881,1.13,2.44
2013.09.16 22:12:02.512,0.89807,0.8988,1.13,2.44
2013.09.16 22:12:03.622,0.89807,0.89876,1.13,2.44
2013.09.16 22:12:05.363,0.89807,0.89873,2.07,2.44
2013.09.16 22:12:06.343,0.89807,0.89868,2.07,2.44
2013.09.16 22:12:07.238,0.89808,0.89864,1.32,2.44
2013.09.16 22:12:14.257,0.89807,0.89868,1.32,2.44
2013.09.16 22:12:15.357,0.89808,0.89864,1.32,2.44
2013.09.16 22:12:23.093,0.89808,0.89863,1.32,2.44
2013.09.16 22:12:25.412,0.89803,0.89872,1.32,2.44
2013.09.16 22:12:25.532,0.89798,0.89872,1.32,2.44
2013.09.16 22:12:27.342,0.89798,0.8987,2.82,2.44
2013.09.16 22:12:29.300,0.89798,0.89869,1.32,2.44
2013.09.16 22:12:31.052,0.89798,0.89866,1.32,2.44
2013.09.16 22:12:33.212,0.89798,0.89868,1.32,2.44
2013.09.16 22:12:36.242,0.89799,0.89864,2.44,2.44
2013.09.16 22:12:37.382,0.89801,0.89862,2.44,2.44
2013.09.16 22:12:38.241,0.89799,0.89863,2.44,2.44
2013.09.16 22:12:39.448,0.89802,0.89863,2.44,2.44
2013.09.16 22:12:43.543,0.89799,0.89863,2.44,2.44
2013.09.16 22:12:44.601,0.89801,0.89864,2.44,2.44
2013.09.16 22:12:51.169,0.89803,0.89864,2.44,2.44
2013.09.16 22:12:52.777,0.89799,0.89864,2.44,2.44
2013.09.16 22:12:54.476,0.89802,0.89864,2.44,2.44
2013.09.16 22:13:01.200,0.89802,0.89863,2.44,2.44
2013.09.16 22:13:01.652,0.89799,0.89881,2.44,2.44
2013.09.16 22:13:02.472,0.89802,0.89878,2.44,2.44
2013.09.16 22:13:02.958,0.89802,0.89863,2.44,2.44
2013.09.16 22:13:03.822,0.898,0.89861,2.44,2.44
2013.09.16 22:13:04.842,0.89798,0.89861,1.32,2.44
2013.09.16 22:13:07.444,0.89798,0.89862,1.32,2.44
2013.09.16 22:13:10.245,0.89797,0.89864,1.32,2.44
2013.09.16 22:13:16.813,0.89797,0.89866,1.32,2.44
2013.09.16 22:13:27.396,0.89798,0.89864,1.32,2.44
2013.09.16 22:13:28.002,0.89801,0.89863,2.44,2.44
2013.09.16 22:13:37.536,0.89802,0.89863,2.44,2.44
2013.09.16 22:13:38.427,0.89801,0.89862,2.44,2.44
2013.09.16 22:13:40.435,0.89799,0.89861,2.44,2.44
2013.09.16 22:13:42.243,0.898,0.89863,2.44,2.44
2013.09.16 22:13:44.247,0.89798,0.89862,2.82,2.44
2013.09.16 22:13:46.802,0.89799,0.89863,2.44,2.44
2013.09.16 22:13:49.282,0.89798,0.89862,2.82,2.44
2013.09.16 22:13:53.386,0.898,0.89862,2.44,2.44
2013.09.16 22:13:57.201,0.89797,0.89865,1.32,2.44
2013.09.16 22:14:00.831,0.89796,0.89864,1.32,2.44
2013.09.16 22:14:00.990,0.89796,0.89879,1.32,2.44
2013.09.16 22:14:01.821,0.89798,0.89874,2.82,2.44
2013.09.16 22:14:02.303,0.89798,0.89867,1.32,2.44
2013.09.16 22:14:02.677,0.898,0.89861,2.44,2.44
2013.09.16 22:14:03.422,0.89799,0.89861,2.44,2.44
2013.09.16 22:14:04.909,0.89798,0.89861,2.82,2.44
2013.09.16 22:14:06.272,0.898,0.89863,2.44,2.44
2013.09.16 22:14:07.427,0.89801,0.89862,2.44,2.44
2013.09.16 22:14:12.072,0.89799,0.89866,2.44,2.44
2013.09.16 22:14:23.060,0.89801,0.89866,2.44,2.44
2013.09.16 22:14:24.267,0.898,0.89865,2.44,2.44
2013.09.16 22:14:24.912,0.89797,0.89865,1.32,2.44
2013.09.16 22:14:27.180,0.89798,0.89866,1.32,2.44
2013.09.16 22:14:29.791,0.89798,0.89865,1.32,2.44
2013.09.16 22:14:31.613,0.89802,0.89865,2.44,2.44
2013.09.16 22:14:32.613,0.89802,0.89865,2.44,2.44
2013.09.16 22:14:37.452,0.89801,0.89866,2.44,2.44
2013.09.16 22:14:38.372,0.89798,0.89865,1.32,2.44
2013.09.16 22:14:38.623,0.89801,0.89864,2.44,2.44
2013.09.16 22:14:40.913,0.89799,0.89861,2.44,2.44
2013.09.16 22:14:44.743,0.89802,0.89863,2.44,2.44
2013.09.16 22:14:46.162,0.898,0.89863,2.44,2.44
2013.09.16 22:14:49.551,0.89802,0.89865,2.44,2.44
2013.09.16 22:14:52.872,0.89801,0.89864,2.44,2.44
2013.09.16 22:14:58.865,0.89798,0.89881,1.32,2.44
2013.09.16 22:14:59.168,0.89798,0.89875,1.32,2.44
2013.09.16 22:15:01.232,0.89798,0.89882,2.82,2.44
2013.09.16 22:15:02.283,0.898,0.89878,2.44,2.44
2013.09.16 22:15:03.712,0.898,0.89876,2.44,2.44
2013.09.16 22:15:04.486,0.89798,0.89871,1.32,2.44
2013.09.16 22:15:04.822,0.898,0.89863,2.44,2.44
2013.09.16 22:15:05.732,0.89799,0.89862,2.44,2.44
2013.09.16 22:15:06.742,0.89801,0.89864,2.44,2.44
2013.09.16 22:15:11.010,0.89798,0.89863,2.82,2.44
2013.09.16 22:15:15.873,0.89798,0.89865,2.82,2.44
2013.09.16 22:15:17.565,0.89801,0.89859,2.44,1.69
2013.09.16 22:15:19.883,0.89799,0.89859,2.44,1.69
2013.09.16 22:15:20.884,0.89799,0.8986,2.44,1.69
2013.09.16 22:15:24.194,0.898,0.89859,2.44,1.69
2013.09.16 22:15:25.200,0.89799,0.89858,2.44,1.69
2013.09.16 22:15:29.414,0.89798,0.89858,1.32,1.69
2013.09.16 22:15:37.523,0.89798,0.89858,1.32,1.69
2013.09.16 22:15:38.525,0.89798,0.89858,2.82,1.69
2013.09.16 22:15:39.232,0.89802,0.89859,2.44,1.69
2013.09.16 22:15:40.338,0.89802,0.89858,2.44,1.69
2013.09.16 22:15:42.802,0.89801,0.89858,2.44,1.69
2013.09.16 22:15:43.963,0.89802,0.89858,2.44,1.69
2013.09.16 22:15:46.502,0.898,0.89858,2.44,1.69
2013.09.16 22:15:48.872,0.89801,0.89858,2.44,1.69
2013.09.16 22:15:53.573,0.89801,0.89859,1.69,1.69
2013.09.16 22:15:54.576,0.89801,0.89859,1.69,1.69
2013.09.16 22:15:54.683,0.89801,0.89859,1.69,1.69
2013.09.16 22:15:56.680,0.89801,0.89859,1.69,1.69
2013.09.16 22:15:58.184,0.89803,0.89859,2.44,1.69
2013.09.16 22:15:59.290,0.89802,0.89859,2.44,1.69
2013.09.16 22:16:01.412,0.89801,0.8986,1.69,1.69
2013.09.16 22:16:04.213,0.89804,0.89859,2.44,1.69
2013.09.16 22:16:06.642,0.89803,0.89859,2.44,1.69
2013.09.16 22:16:11.033,0.89801,0.89859,3.19,1.69
2013.09.16 22:16:15.429,0.89801,0.8986,1.69,1.69
2013.09.16 22:16:17.344,0.89801,0.8986,1.69,1.69
2013.09.16 22:16:18.850,0.89801,0.89859,1.69,1.69
2013.09.16 22:16:20.558,0.89802,0.89859,2.44,1.69
2013.09.16 22:16:24.492,0.89804,0.89859,2.44,1.69
2013.09.16 22:16:27.289,0.89803,0.8986,2.44,1.69
2013.09.16 22:16:28.253,0.89806,0.8986,1.69,1.69
2013.09.16 22:16:30.393,0.89809,0.8986,1.69,1.69
2013.09.16 22:16:31.000,0.89806,0.89864,2.07,1.69
2013.09.16 22:16:32.593,0.8981,0.89864,1.69,1.69
2013.09.16 22:16:37.222,0.8981,0.89864,1.69,1.69
2013.09.16 22:16:40.216,0.8981,0.89864,1.69,1.69
2013.09.16 22:16:41.322,0.89809,0.89864,1.69,3.19
2013.09.16 22:16:47.173,0.89808,0.89864,1.69,1.69
2013.09.16 22:16:51.258,0.89811,0.89864,1.69,1.69
2013.09.16 22:16:57.453,0.89808,0.89864,1.69,1.69
2013.09.16 22:17:04.471,0.89807,0.89863,1.69,2.44
2013.09.16 22:17:09.484,0.89808,0.89864,1.69,1.69
2013.09.16 22:17:11.185,0.8981,0.89864,1.69,1.69
2013.09.16 22:17:15.203,0.8981,0.89864,1.69,1.69
2013.09.16 22:17:16.962,0.8981,0.89864,1.69,1.69
2013.09.16 22:17:25.673,0.89806,0.89866,1.32,1.69
2013.09.16 22:17:25.733,0.89806,0.89864,2.07,1.69
2013.09.16 22:17:26.924,0.89806,0.89864,1.69,1.69
2013.09.16 22:17:29.237,0.89806,0.89864,1.69,1.69
2013.09.16 22:17:30.592,0.8981,0.89863,1.69,1.69
2013.09.16 22:17:32.252,0.89809,0.89863,1.69,1.69
2013.09.16 22:17:34.212,0.89811,0.89863,1.69,1.69
2013.09.16 22:17:42.367,0.89812,0.89863,1.69,1.69
2013.09.16 22:17:44.522,0.8981,0.89863,1.69,1.69
2013.09.16 22:17:47.597,0.89809,0.89859,1.69,1.69
2013.09.16 22:17:55.923,0.8981,0.89859,1.69,1.69
2013.09.16 22:18:01.627,0.89809,0.89859,1.69,1.69
2013.09.16 22:18:11.762,0.8981,0.89861,1.69,1.69
2013.09.16 22:18:13.154,0.89809,0.89861,1.69,1.69
2013.09.16 22:18:17.274,0.89807,0.89859,2.07,1.69
2013.09.16 22:18:24.969,0.89808,0.89859,1.69,1.69
2013.09.16 22:18:25.675,0.89807,0.89866,1.32,1.69
2013.09.16 22:18:25.922,0.89804,0.89866,1.32,1.69
2013.09.16 22:18:26.715,0.89802,0.8986,1.69,1.69
2013.09.16 22:18:27.307,0.89802,0.89861,1.69,1.69
2013.09.16 22:18:30.103,0.89802,0.89859,3.19,1.69
2013.09.16 22:18:31.174,0.89808,0.89859,1.69,1.69
2013.09.16 22:18:31.837,0.89809,0.8986,1.69,1.69
2013.09.16 22:18:34.708,0.89808,0.89858,1.69,1.69
2013.09.16 22:18:37.215,0.89808,0.89859,1.69,1.69
2013.09.16 22:18:46.252,0.89809,0.89858,1.69,1.69
2013.09.16 22:19:03.236,0.89809,0.8986,1.69,1.69
2013.09.16 22:19:04.636,0.89809,0.89858,1.69,1.69
2013.09.16 22:19:07.455,0.89809,0.89861,2.07,1.69
2013.09.16 22:19:15.379,0.89811,0.89861,1.69,1.69
2013.09.16 22:19:18.686,0.8981,0.8986,1.69,1.69
2013.09.16 22:19:20.095,0.89809,0.89858,2.07,1.69
2013.09.16 22:19:25.852,0.89809,0.89859,1.32,1.69
2013.09.16 22:19:26.002,0.89803,0.89862,1.32,1.69
2013.09.16 22:19:26.062,0.89801,0.89862,1.69,1.69
2013.09.16 22:19:26.183,0.89801,0.89859,1.69,1.69
2013.09.16 22:19:29.404,0.89802,0.89859,2.44,1.69
2013.09.16 22:19:30.375,0.89808,0.89859,1.69,1.69
2013.09.16 22:19:37.023,0.89807,0.89859,1.69,1.69
2013.09.16 22:19:39.289,0.89808,0.89859,1.69,1.69
2013.09.16 22:19:43.797,0.89809,0.8986,1.69,1.69
2013.09.16 22:19:49.222,0.89808,0.89859,1.69,1.69
2013.09.16 22:19:50.834,0.89807,0.89859,1.69,1.69
2013.09.16 22:20:00.663,0.89808,0.89859,2.07,1.69
2013.09.16 22:20:02.150,0.89809,0.89859,1.69,1.69
2013.09.16 22:20:09.592,0.8981,0.89859,1.69,1.69
2013.09.16 22:20:10.932,0.8981,0.89861,1.69,1.69
2013.09.16 22:20:13.213,0.89808,0.89859,1.69,1.69
2013.09.16 22:20:15.804,0.89809,0.8986,1.69,1.69
2013.09.16 22:20:20.322,0.89807,0.89859,1.69,1.69
2013.09.16 22:20:25.915,0.89807,0.89859,1.32,1.69
2013.09.16 22:20:26.307,0.89801,0.89859,1.69,1.69
2013.09.16 22:20:27.419,0.89801,0.89859,1.69,1.69
2013.09.16 22:20:30.424,0.89804,0.89858,1.69,1.69
2013.09.16 22:20:30.823,0.89805,0.89859,1.69,1.69
2013.09.16 22:20:40.660,0.89808,0.89858,1.69,1.69
2013.09.16 22:20:42.651,0.89807,0.89858,1.69,1.69
2013.09.16 22:20:51.177,0.89808,0.89858,1.69,1.69
2013.09.16 22:20:52.394,0.89808,0.89859,1.69,1.69
2013.09.16 22:20:54.997,0.89807,0.8986,1.69,1.69
2013.09.16 22:20:56.222,0.89808,0.89859,1.69,1.69
2013.09.16 22:20:57.662,0.89808,0.89859,1.69,1.69
2013.09.16 22:20:58.372,0.89806,0.89859,2.07,1.69
2013.09.16 22:21:04.322,0.89806,0.89859,1.69,1.69
2013.09.16 22:21:07.539,0.89806,0.89859,1.69,1.69
2013.09.16 22:21:10.454,0.89805,0.89859,1.32,1.69
2013.09.16 22:21:11.453,0.89806,0.89859,1.69,1.69
2013.09.16 22:21:17.598,0.89806,0.89859,1.69,1.69
2013.09.16 22:21:22.024,0.89806,0.89859,1.69,1.69
2013.09.16 22:21:25.653,0.89805,0.89859,1.13,1.69
2013.09.16 22:21:25.832,0.89802,0.89859,1.69,1.69
2013.09.16 22:21:26.834,0.89802,0.89858,1.69,1.69
2013.09.16 22:21:28.742,0.89802,0.89858,1.69,1.69
2013.09.16 22:21:32.554,0.89807,0.89858,1.69,1.69
2013.09.16 22:21:33.846,0.89807,0.89858,1.69,1.69
2013.09.16 22:21:37.782,0.89807,0.89859,1.69,1.69
2013.09.16 22:21:38.794,0.89807,0.89858,1.69,1.69
2013.09.16 22:21:40.025,0.89807,0.8986,1.69,1.69
2013.09.16 22:21:42.009,0.89807,0.89858,1.69,1.69
2013.09.16 22:21:43.632,0.89807,0.8986,1.69,1.69
2013.09.16 22:21:46.015,0.89807,0.89858,1.69,1.69
2013.09.16 22:21:54.914,0.89808,0.89858,1.69,1.69
2013.09.16 22:21:54.973,0.89808,0.89859,1.69,1.69
2013.09.16 22:22:10.882,0.89808,0.89858,1.69,1.69
2013.09.16 22:22:13.092,0.89807,0.89858,1.69,1.69
2013.09.16 22:22:23.243,0.89808,0.89858,1.69,1.69
2013.09.16 22:22:26.220,0.89807,0.89858,1.69,1.69
2013.09.16 22:22:27.372,0.89807,0.89859,1.69,1.69
2013.09.16 22:22:30.753,0.89809,0.8986,1.69,1.69
2013.09.16 22:22:36.842,0.89807,0.89858,1.69,1.69
2013.09.16 22:22:55.119,0.89806,0.89864,1.32,2.44
2013.09.16 22:23:01.253,0.89806,0.89865,1.32,2.44
2013.09.16 22:23:05.427,0.89809,0.89865,1.32,2.44
2013.09.16 22:23:07.436,0.89808,0.89865,1.32,2.44
2013.09.16 22:23:20.620,0.89809,0.89865,1.32,2.44
2013.09.16 22:23:21.625,0.89809,0.89867,1.32,2.44
2013.09.16 22:23:25.042,0.89809,0.89866,1.32,2.44
2013.09.16 22:23:38.788,0.89809,0.89867,1.32,2.44
2013.09.16 22:23:41.213,0.89809,0.89864,1.32,2.44
2013.09.16 22:23:45.025,0.89809,0.89865,1.32,2.44
2013.09.16 22:23:47.653,0.89809,0.89867,1.32,2.44
2013.09.16 22:23:51.248,0.89809,0.89865,1.32,2.44
2013.09.16 22:23:52.293,0.89803,0.89866,2.44,2.44
2013.09.16 22:23:53.393,0.89806,0.89865,1.32,2.44
2013.09.16 22:23:56.856,0.89807,0.89859,2.07,1.69
2013.09.16 22:24:00.872,0.89807,0.89858,2.07,1.69
2013.09.16 22:24:17.724,0.89807,0.89858,1.69,1.69
2013.09.16 22:24:24.353,0.89806,0.89858,2.07,1.69
2013.09.16 22:24:32.265,0.89806,0.89858,1.32,1.69
2013.09.16 22:24:34.855,0.89807,0.89858,1.69,1.69
2013.09.16 22:24:39.093,0.89807,0.89858,1.69,1.69
2013.09.16 22:24:41.526,0.89806,0.89858,2.07,1.69
2013.09.16 22:24:45.196,0.89807,0.89858,1.69,1.69
2013.09.16 22:24:47.709,0.89807,0.89859,1.69,1.69
2013.09.16 22:24:56.215,0.89806,0.89866,1.32,2.44
2013.09.16 22:24:58.573,0.89808,0.89859,1.69,1.69
2013.09.16 22:24:58.763,0.89807,0.89858,1.69,1.69
2013.09.16 22:25:00.783,0.89807,0.89859,1.69,1.69
2013.09.16 22:25:05.061,0.89807,0.89861,1.69,1.69
2013.09.16 22:25:07.673,0.89807,0.8986,1.69,1.69
2013.09.16 22:25:10.233,0.89807,0.8986,2.07,1.69
2013.09.16 22:25:19.800,0.89807,0.89858,2.07,1.69
2013.09.16 22:25:21.633,0.89807,0.89859,2.07,1.69
2013.09.16 22:25:26.924,0.89807,0.89859,2.07,1.69
2013.09.16 22:25:29.334,0.89807,0.89859,2.07,1.69
2013.09.16 22:25:31.973,0.89807,0.8986,2.07,1.69
2013.09.16 22:25:39.134,0.89807,0.8986,2.07,1.69
2013.09.16 22:25:47.628,0.89807,0.89859,2.07,1.69
2013.09.16 22:25:48.320,0.89807,0.89867,2.07,1.69
2013.09.16 22:25:51.273,0.89807,0.89861,1.69,1.69
2013.09.16 22:25:54.983,0.89808,0.89861,1.32,1.69
2013.09.16 22:25:58.914,0.89808,0.89867,1.32,2.44
2013.09.16 22:26:03.381,0.89808,0.89866,1.32,2.44
2013.09.16 22:26:09.714,0.89808,0.89867,1.32,2.44
2013.09.16 22:26:11.219,0.89808,0.89866,1.32,2.44
2013.09.16 22:26:13.227,0.89808,0.89865,1.32,2.44
2013.09.16 22:26:15.783,0.89808,0.89867,1.32,2.44
2013.09.16 22:26:21.263,0.89808,0.89865,1.32,2.44
2013.09.16 22:26:23.913,0.8981,0.89859,1.69,1.69
2013.09.16 22:26:24.185,0.8981,0.89859,1.69,1.69
2013.09.16 22:26:30.688,0.89811,0.8986,1.69,1.69
2013.09.16 22:26:33.333,0.8981,0.89861,1.69,1.69
2013.09.16 22:26:41.512,0.8981,0.89861,1.69,1.69
2013.09.16 22:26:50.969,0.89811,0.8986,1.69,1.69
2013.09.16 22:26:51.083,0.89808,0.89859,2.07,1.69
2013.09.16 22:26:51.243,0.89808,0.89859,2.07,1.69
2013.09.16 22:27:01.291,0.8981,0.89858,1.32,1.69
2013.09.16 22:27:04.595,0.8981,0.89859,1.32,1.69
2013.09.16 22:27:25.744,0.8981,0.89861,2.07,1.69
2013.09.16 22:27:30.523,0.8981,0.89863,1.13,1.69
2013.09.16 22:27:33.309,0.89811,0.89863,1.32,1.69
2013.09.16 22:27:43.854,0.89812,0.89863,1.32,1.69
2013.09.16 22:27:45.093,0.89812,0.89863,1.32,1.69
2013.09.16 22:27:46.581,0.89812,0.89863,1.32,1.69
2013.09.16 22:27:50.297,0.89812,0.89863,2.07,1.69
2013.09.16 22:27:54.814,0.89812,0.89863,1.32,1.69
2013.09.16 22:27:57.973,0.89813,0.89862,1.32,1.69
2013.09.16 22:28:07.147,0.89813,0.8986,1.32,1.69
2013.09.16 22:28:09.544,0.89811,0.89864,2.07,1.69
2013.09.16 22:28:09.604,0.89811,0.89864,2.07,1.69
2013.09.16 22:28:14.547,0.89813,0.89862,1.32,1.69
2013.09.16 22:28:19.253,0.89813,0.8986,1.32,1.69
2013.09.16 22:28:20.734,0.89812,0.89863,1.32,1.69
2013.09.16 22:28:25.415,0.89812,0.89863,1.32,1.69
2013.09.16 22:28:26.006,0.89812,0.89863,1.32,1.69
2013.09.16 22:28:27.205,0.89812,0.89863,2.07,1.69
2013.09.16 22:28:30.217,0.8981,0.89863,2.07,1.69
2013.09.16 22:28:34.633,0.89812,0.89863,1.69,1.69
2013.09.16 22:28:36.441,0.89811,0.89863,1.69,1.69
2013.09.16 22:28:41.659,0.8981,0.89863,2.07,1.69
2013.09.16 22:28:44.083,0.8981,0.89861,2.07,1.69
2013.09.16 22:28:47.954,0.89811,0.89862,1.69,1.69
2013.09.16 22:28:48.553,0.89811,0.89863,1.69,1.69
2013.09.16 22:28:56.753,0.8981,0.89863,1.32,1.69
2013.09.16 22:29:01.444,0.89811,0.89863,1.69,1.69
2013.09.16 22:29:07.743,0.89811,0.89863,1.69,1.69
2013.09.16 22:29:11.673,0.8981,0.89863,1.32,1.69
2013.09.16 22:29:19.733,0.8981,0.89863,1.69,1.69
2013.09.16 22:29:20.330,0.8981,0.89861,1.69,1.69
2013.09.16 22:29:33.183,0.89812,0.89863,1.69,1.69
2013.09.16 22:29:34.784,0.89815,0.89864,1.32,1.69
2013.09.16 22:29:36.290,0.89815,0.89863,1.13,1.69
2013.09.16 22:29:38.084,0.89815,0.89863,1.13,1.69
2013.09.16 22:29:38.473,0.89815,0.89863,1.13,1.69
2013.09.16 22:29:39.683,0.89815,0.89863,1.13,1.69
2013.09.16 22:29:40.343,0.89815,0.89863,1.13,1.69
2013.09.16 22:29:42.793,0.89815,0.89863,1.13,1.69
2013.09.16 22:30:03.183,0.89815,0.89867,1.13,2.44
2013.09.16 22:30:03.303,0.89815,0.89869,2.07,1.69
2013.09.16 22:30:03.363,0.89816,0.89869,1.32,1.69
2013.09.16 22:30:06.666,0.89816,0.89868,1.13,2.44
2013.09.16 22:30:07.770,0.89816,0.89867,1.13,2.44
2013.09.16 22:30:11.385,0.89816,0.89869,1.32,1.69
2013.09.16 22:30:14.514,0.89816,0.89868,1.13,2.44
2013.09.16 22:30:16.125,0.89816,0.89865,1.13,2.44
2013.09.16 22:30:18.292,0.89819,0.89865,1.13,2.44
2013.09.16 22:30:21.212,0.89819,0.89866,1.13,2.44
2013.09.16 22:30:23.220,0.89819,0.89865,1.13,2.44
2013.09.16 22:30:24.626,0.89819,0.89864,1.13,2.44
2013.09.16 22:30:29.451,0.89819,0.89868,1.13,2.44
2013.09.16 22:30:32.754,0.89819,0.89869,1.13,1.69
2013.09.16 22:30:34.559,0.89819,0.89869,1.13,1.69
2013.09.16 22:30:35.967,0.89819,0.89869,1.13,1.69
2013.09.16 22:30:37.772,0.89819,0.89867,1.13,2.44
2013.09.16 22:30:44.869,0.89819,0.89865,1.13,2.44
2013.09.16 22:30:51.889,0.89819,0.89866,1.13,2.44
2013.09.16 22:30:55.515,0.89819,0.89868,1.13,2.44
2013.09.16 22:31:02.017,0.89819,0.89866,1.13,2.44
2013.09.16 22:31:11.222,0.89819,0.89864,1.13,2.44
2013.09.16 22:31:18.601,0.89809,0.89864,1.69,2.44
2013.09.16 22:31:19.803,0.8981,0.89867,1.32,2.44
2013.09.16 22:31:25.161,0.89809,0.89866,1.69,2.44
2013.09.16 22:31:30.176,0.89809,0.89864,1.69,2.44
2013.09.16 22:31:33.933,0.89811,0.89868,1.32,2.44
2013.09.16 22:31:45.953,0.89819,0.89874,1.13,1.69
2013.09.16 22:31:46.463,0.89826,0.89877,1.13,2.44
2013.09.16 22:31:57.875,0.89826,0.89879,1.13,3.19
2013.09.16 22:32:00.193,0.89826,0.89874,1.13,1.69
2013.09.16 22:32:00.810,0.89826,0.89874,1.13,1.69
2013.09.16 22:32:02.055,0.89826,0.89874,1.13,1.69
2013.09.16 22:32:07.870,0.89826,0.89874,1.13,1.69
2013.09.16 22:32:10.778,0.89826,0.89874,1.32,1.69
2013.09.16 22:32:17.244,0.89826,0.89874,1.13,1.69
2013.09.16 22:32:20.405,0.89826,0.89875,1.13,1.69
2013.09.16 22:32:21.514,0.89826,0.89874,1.13,1.69
2013.09.16 22:32:27.023,0.89826,0.89874,1.13,1.69
2013.09.16 22:32:30.124,0.89826,0.89874,1.13,1.69
2013.09.16 22:32:32.645,0.89826,0.89874,1.13,1.69
2013.09.16 22:32:45.156,0.89826,0.89874,1.13,1.69
2013.09.16 22:32:50.770,0.89826,0.89874,1.13,1.69
2013.09.16 22:32:54.576,0.89826,0.89874,1.13,1.69
2013.09.16 22:32:57.787,0.89826,0.89874,1.13,1.69
2013.09.16 22:33:04.733,0.89822,0.89877,1.32,2.44
2013.09.16 22:33:06.605,0.89822,0.89877,1.32,2.44
2013.09.16 22:33:07.319,0.89822,0.89877,1.32,2.44
2013.09.16 22:33:07.373,0.89825,0.89871,1.13,1.69
2013.09.16 22:33:13.254,0.89825,0.89874,1.32,1.69
2013.09.16 22:33:23.237,0.89825,0.89874,1.13,1.69
2013.09.16 22:33:25.955,0.89825,0.89874,1.32,1.69
2013.09.16 22:33:27.053,0.89825,0.89874,2.07,1.69
2013.09.16 22:33:27.283,0.89825,0.89874,2.07,1.69
2013.09.16 22:33:35.154,0.89825,0.89869,1.13,1.69
2013.09.16 22:33:45.175,0.89825,0.8987,1.13,1.69
2013.09.16 22:34:02.124,0.89824,0.89873,1.69,1.69
2013.09.16 22:35:00.254,0.89827,0.89873,1.13,1.69
2013.09.16 22:35:00.884,0.89827,0.89878,1.13,3.19
2013.09.16 22:35:07.781,0.89827,0.89878,1.13,1.69
2013.09.16 22:35:52.558,0.89827,0.89878,1.13,3.19
2013.09.16 22:35:59.194,0.89827,0.89878,1.32,1.69
2013.09.16 22:36:00.281,0.89827,0.89878,1.32,1.69
2013.09.16 22:36:33.245,0.89826,0.89883,1.32,2.44
2013.09.16 22:36:37.864,0.89826,0.89883,1.32,2.44
2013.09.16 22:36:45.747,0.89824,0.89881,1.32,2.44
2013.09.16 22:36:54.394,0.89823,0.8988,1.32,2.44
2013.09.16 22:37:04.436,0.89823,0.8988,1.32,2.44
2013.09.16 22:37:12.113,0.89826,0.89874,1.13,1.69
2013.09.16 22:37:34.474,0.89827,0.89874,1.13,1.69
2013.09.16 22:37:49.684,0.89827,0.89873,1.13,1.69
2013.09.16 22:37:53.270,0.89827,0.89873,1.13,1.69
2013.09.16 22:38:03.191,0.89827,0.89874,1.13,1.69
2013.09.16 22:38:14.605,0.89827,0.89873,1.13,1.69
2013.09.16 22:38:17.914,0.89827,0.89873,1.13,1.69
2013.09.16 22:38:23.117,0.89826,0.89881,1.32,2.44
2013.09.16 22:38:37.152,0.89824,0.89879,1.32,2.44
2013.09.16 22:38:58.986,0.89823,0.8988,1.32,2.44
2013.09.16 22:39:01.280,0.89824,0.89881,1.32,2.44
2013.09.16 22:39:11.214,0.89823,0.8988,1.32,2.44
2013.09.16 22:39:12.047,0.89823,0.8988,1.32,2.44
2013.09.16 22:39:13.800,0.89823,0.8988,1.32,2.44
2013.09.16 22:39:22.522,0.89822,0.89879,1.32,2.44
2013.09.16 22:39:49.233,0.89823,0.89878,1.32,2.44
2013.09.16 22:40:13.285,0.89823,0.89878,1.32,2.44
2013.09.16 22:40:17.388,0.89822,0.89879,1.32,2.44
2013.09.16 22:41:05.349,0.89823,0.89878,1.32,2.44
2013.09.16 22:41:26.286,0.89822,0.89879,1.32,2.44
2013.09.16 22:41:40.336,0.89823,0.8988,1.32,2.44
2013.09.16 22:41:45.644,0.89822,0.89877,1.32,2.44
2013.09.16 22:41:46.006,0.89822,0.89871,2.07,1.69
2013.09.16 22:42:08.386,0.89822,0.89871,1.32,1.69
2013.09.16 22:42:08.845,0.89822,0.89871,1.32,1.69
2013.09.16 22:42:09.165,0.89822,0.89871,1.32,1.69
2013.09.16 22:42:09.295,0.89823,0.89871,1.13,1.69
2013.09.16 22:42:10.241,0.89821,0.89871,1.32,1.69
2013.09.16 22:42:21.764,0.89823,0.8987,1.32,1.69
2013.09.16 22:42:22.304,0.89826,0.89875,1.69,1.69
2013.09.16 22:42:23.188,0.89824,0.89874,1.69,1.69
2013.09.16 22:42:28.002,0.89823,0.89874,2.07,1.69
2013.09.16 22:42:32.086,0.89823,0.89873,2.07,1.69
2013.09.16 22:42:37.966,0.89821,0.89874,2.07,1.69
2013.09.16 22:42:39.084,0.89822,0.89874,1.32,1.69
2013.09.16 22:42:41.045,0.89822,0.89874,1.32,1.69
2013.09.16 22:42:48.204,0.89821,0.89874,1.32,1.69
2013.09.16 22:43:00.113,0.89822,0.89874,1.32,1.69
2013.09.16 22:43:04.845,0.89821,0.89874,1.32,1.69
2013.09.16 22:43:17.252,0.89822,0.89874,1.32,1.69
2013.09.16 22:43:17.634,0.89825,0.89871,1.13,1.69
2013.09.16 22:43:25.425,0.89829,0.89884,1.13,1.69
2013.09.16 22:43:25.965,0.89836,0.89883,1.13,1.69
2013.09.16 22:43:26.325,0.89832,0.89883,1.32,1.69
2013.09.16 22:43:26.565,0.89831,0.89878,1.13,1.69
2013.09.16 22:43:28.116,0.89832,0.89884,1.13,3.19
2013.09.16 22:43:28.467,0.89837,0.89884,1.13,1.69
2013.09.16 22:43:30.160,0.8984,0.89883,1.13,1.69
2013.09.16 22:43:31.155,0.8984,0.89883,1.13,1.69
2013.09.16 22:43:35.514,0.8984,0.89883,1.13,1.69
2013.09.16 22:43:37.424,0.89837,0.89882,1.13,1.69
2013.09.16 22:43:37.665,0.89832,0.89876,1.13,1.69
2013.09.16 22:43:40.668,0.89832,0.89879,1.13,1.69
2013.09.16 22:43:40.725,0.89832,0.89879,1.13,1.69
2013.09.16 22:43:41.699,0.89838,0.89879,1.13,1.69
2013.09.16 22:43:48.017,0.89839,0.89882,1.13,1.69
2013.09.16 22:43:52.465,0.89837,0.89882,1.13,1.69
2013.09.16 22:43:52.645,0.89835,0.89882,1.32,1.69
2013.09.16 22:43:52.705,0.89832,0.89882,1.32,1.69
2013.09.16 22:43:57.950,0.89831,0.89879,1.32,1.69
2013.09.16 22:44:02.865,0.89832,0.89879,1.13,1.69
2013.09.16 22:44:03.045,0.89839,0.89881,1.13,1.69
2013.09.16 22:44:08.194,0.89837,0.89886,2.07,1.69
2013.09.16 22:44:08.435,0.89838,0.89886,1.32,1.69
2013.09.16 22:44:19.195,0.89836,0.89884,1.13,1.69
2013.09.16 22:44:19.375,0.89835,0.89884,1.32,1.69
2013.09.16 22:44:19.434,0.89835,0.89884,1.32,1.69
2013.09.16 22:44:19.744,0.89836,0.89884,1.13,1.69
2013.09.16 22:44:19.955,0.89838,0.89884,1.13,1.69
2013.09.16 22:44:20.185,0.89837,0.89884,1.13,1.69
2013.09.16 22:44:20.364,0.89836,0.89884,1.13,1.69
2013.09.16 22:44:20.750,0.89836,0.89884,1.13,1.69
2013.09.16 22:44:21.157,0.89836,0.89884,1.13,1.69
2013.09.16 22:44:21.345,0.89835,0.89884,1.32,1.69
2013.09.16 22:44:21.405,0.89835,0.89882,1.32,1.69
2013.09.16 22:44:22.185,0.89837,0.89882,1.13,1.69
2013.09.16 22:44:22.305,0.89835,0.89882,1.32,1.69
2013.09.16 22:44:22.365,0.89835,0.89882,1.32,1.69
2013.09.16 22:44:23.127,0.89837,0.89882,1.13,1.69
2013.09.16 22:44:23.425,0.89836,0.89882,1.13,1.69
2013.09.16 22:44:24.116,0.89836,0.89885,1.32,1.69
2013.09.16 22:44:24.306,0.89836,0.89885,1.32,1.69
2013.09.16 22:44:24.365,0.89836,0.89885,1.32,1.69
2013.09.16 22:44:24.746,0.89836,0.89885,1.32,1.69
2013.09.16 22:44:25.005,0.89835,0.89883,1.13,1.69
2013.09.16 22:44:25.269,0.89835,0.89883,1.13,1.69
2013.09.16 22:44:25.615,0.89835,0.89884,1.13,1.69
2013.09.16 22:44:28.005,0.89835,0.89884,1.13,1.69
2013.09.16 22:44:30.306,0.89835,0.89884,1.13,1.69
2013.09.16 22:44:30.796,0.89835,0.89879,1.13,1.69
2013.09.16 22:44:57.324,0.89831,0.8988,1.69,1.69
2013.09.16 22:44:57.705,0.89829,0.89879,1.69,1.69
2013.09.16 22:45:02.925,0.89829,0.89879,1.69,1.69
2013.09.16 22:45:06.597,0.89829,0.89879,1.69,1.69
2013.09.16 22:45:08.068,0.89828,0.89879,1.32,1.69
2013.09.16 22:45:19.196,0.89828,0.89879,1.32,1.69
2013.09.16 22:45:23.104,0.89828,0.89882,1.32,1.69
2013.09.16 22:45:24.811,0.89832,0.8988,1.32,1.69
2013.09.16 22:45:25.328,0.89832,0.89886,1.32,2.44
2013.09.16 22:45:30.169,0.89832,0.8988,1.32,1.69
2013.09.16 22:46:25.565,0.89832,0.89885,1.32,2.44
2013.09.16 22:46:26.965,0.89832,0.89884,1.13,2.44
2013.09.16 22:46:30.567,0.89832,0.89879,1.13,1.69
2013.09.16 22:46:58.106,0.89832,0.8988,1.13,1.69
2013.09.16 22:47:03.455,0.89831,0.8988,1.32,1.69
2013.09.16 22:47:03.635,0.8983,0.8988,1.32,1.69
2013.09.16 22:47:05.405,0.89832,0.8988,1.13,1.69
2013.09.16 22:47:05.765,0.8983,0.8988,1.32,1.69
2013.09.16 22:47:07.485,0.89832,0.8988,1.13,1.69
2013.09.16 22:47:07.725,0.89829,0.8988,2.07,1.69
2013.09.16 22:47:09.435,0.89831,0.8988,1.32,1.69
2013.09.16 22:47:09.675,0.89829,0.8988,2.07,1.69
2013.09.16 22:47:11.495,0.89832,0.8988,1.13,1.69
2013.09.16 22:47:11.555,0.89832,0.89878,1.13,1.69
2013.09.16 22:47:11.865,0.89832,0.89878,1.13,1.69
2013.09.16 22:47:13.425,0.89831,0.89879,1.13,1.69
2013.09.16 22:47:13.645,0.8983,0.89879,1.32,1.69
2013.09.16 22:47:15.425,0.89832,0.89878,1.13,1.69
2013.09.16 22:47:15.918,0.89833,0.89878,1.13,1.69
2013.09.16 22:47:17.376,0.89832,0.89878,1.13,1.69
2013.09.16 22:47:17.625,0.8983,0.89878,1.32,1.69
2013.09.16 22:47:19.416,0.89832,0.89878,1.13,1.69
2013.09.16 22:47:19.715,0.8983,0.89878,1.32,1.69
2013.09.16 22:47:20.446,0.89832,0.89881,1.32,1.69
2013.09.16 22:47:21.396,0.89831,0.89881,1.32,1.69
2013.09.16 22:47:21.575,0.89829,0.89879,1.32,1.69
2013.09.16 22:47:21.898,0.89833,0.89879,1.13,1.69
2013.09.16 22:47:23.426,0.89831,0.89879,1.13,1.69
2013.09.16 22:47:23.625,0.8983,0.89879,1.32,1.69
2013.09.16 22:47:23.685,0.8983,0.89879,1.32,1.69
2013.09.16 22:47:25.406,0.89831,0.89879,1.13,1.69
2013.09.16 22:47:25.585,0.8983,0.89883,1.32,2.44
2013.09.16 22:47:25.908,0.89832,0.89883,1.13,2.44
2013.09.16 22:47:27.387,0.89832,0.89883,1.13,3.19
2013.09.16 22:47:27.625,0.8983,0.89883,1.32,3.19
2013.09.16 22:47:29.325,0.89833,0.89883,1.13,1.69
2013.09.16 22:47:29.385,0.89832,0.89883,1.32,1.69
2013.09.16 22:47:29.615,0.8983,0.89883,1.32,1.69
2013.09.16 22:47:31.425,0.89832,0.89883,1.32,1.69
2013.09.16 22:47:31.735,0.89833,0.89883,1.13,1.69
2013.09.16 22:47:33.436,0.89831,0.89884,1.32,3.19
2013.09.16 22:47:33.685,0.8983,0.89884,1.32,3.19
2013.09.16 22:47:34.582,0.89833,0.89884,1.13,1.69
2013.09.16 22:47:35.406,0.89831,0.89884,1.32,1.69
2013.09.16 22:47:35.826,0.89833,0.89885,1.13,2.44
2013.09.16 22:47:37.396,0.89832,0.89883,1.32,1.69
2013.09.16 22:47:37.635,0.8983,0.89885,1.69,2.44
2013.09.16 22:47:39.376,0.89831,0.89884,1.32,1.69
2013.09.16 22:47:39.625,0.8983,0.89885,2.07,2.44
2013.09.16 22:47:41.456,0.89831,0.89884,1.32,1.69
2013.09.16 22:47:41.676,0.8983,0.89885,2.07,2.44
2013.09.16 22:47:43.396,0.89831,0.89884,1.32,1.69
2013.09.16 22:47:43.635,0.89829,0.89884,2.07,3.19
2013.09.16 22:47:43.695,0.89829,0.89884,2.07,2.44
2013.09.16 22:47:45.427,0.89831,0.89884,1.32,3.19
2013.09.16 22:47:45.546,0.89829,0.89884,2.07,3.19
2013.09.16 22:47:45.665,0.89829,0.89884,2.07,2.44
2013.09.16 22:47:47.400,0.89831,0.89884,1.32,3.19
2013.09.16 22:47:47.655,0.8983,0.89884,1.32,2.44
2013.09.16 22:47:49.386,0.89831,0.89884,1.32,3.19
2013.09.16 22:47:49.626,0.89829,0.89884,1.32,3.19
2013.09.16 22:47:49.685,0.89829,0.89884,1.32,2.44
2013.09.16 22:47:51.366,0.89832,0.89883,1.13,1.69
2013.09.16 22:47:51.665,0.8983,0.89884,1.13,2.44
2013.09.16 22:47:53.338,0.89832,0.89883,1.13,1.69
2013.09.16 22:47:53.675,0.89829,0.89884,1.32,2.44
2013.09.16 22:47:54.249,0.89832,0.89882,1.13,2.44
2013.09.16 22:47:55.366,0.89832,0.89882,1.13,2.44
2013.09.16 22:47:55.605,0.89829,0.89882,1.32,2.44
2013.09.16 22:47:57.395,0.89831,0.89882,1.13,2.44
2013.09.16 22:47:57.527,0.89831,0.89884,1.13,3.19
2013.09.16 22:47:57.705,0.89829,0.89884,1.32,2.44
2013.09.16 22:47:59.475,0.89831,0.89879,1.13,1.69
2013.09.16 22:47:59.656,0.8983,0.89879,1.32,1.69
2013.09.16 22:47:59.716,0.89833,0.89884,1.13,2.44
2013.09.16 22:48:00.384,0.89833,0.89885,1.13,2.44
2013.09.16 22:48:01.456,0.89832,0.89879,1.32,1.69
2013.09.16 22:48:01.696,0.8983,0.89885,1.69,2.44
2013.09.16 22:48:02.840,0.89833,0.89888,1.32,2.44
2013.09.16 22:48:03.425,0.89832,0.89882,1.32,1.69
2013.09.16 22:48:03.666,0.89831,0.89888,1.69,2.44
2013.09.16 22:48:12.764,0.89833,0.89887,1.32,2.44
2013.09.16 22:48:16.174,0.89833,0.89886,1.32,2.44
2013.09.16 22:48:25.175,0.89833,0.89886,1.32,2.44
2013.09.16 22:48:30.186,0.89833,0.8988,1.32,1.69
2013.09.16 22:48:30.701,0.89833,0.89878,1.13,1.69
2013.09.16 22:48:41.515,0.89833,0.8988,1.13,1.69
2013.09.16 22:48:52.139,0.89833,0.8988,1.13,1.69
2013.09.16 22:48:52.446,0.89832,0.8988,1.13,1.69
2013.09.16 22:49:01.747,0.89833,0.89879,1.13,1.69
2013.09.16 22:49:13.296,0.89833,0.8988,1.32,1.69
2013.09.16 22:49:16.946,0.89831,0.8988,2.07,1.69
2013.09.16 22:49:17.157,0.8983,0.89879,2.07,1.69
2013.09.16 22:49:18.087,0.89832,0.89878,1.13,1.69
2013.09.16 22:49:25.216,0.89832,0.89884,1.13,2.44
2013.09.16 22:49:38.085,0.89832,0.89885,1.32,2.44
2013.09.16 22:49:39.696,0.89832,0.89878,1.13,1.69
2013.09.16 22:49:39.886,0.8983,0.89884,1.32,2.44
2013.09.16 22:49:41.676,0.89832,0.89878,1.13,1.69
2013.09.16 22:49:41.916,0.8983,0.89884,1.32,2.44
2013.09.16 22:49:42.666,0.89832,0.89878,1.13,1.69
2013.09.16 22:49:42.936,0.89829,0.89884,2.07,2.44
2013.09.16 22:49:43.607,0.89832,0.89878,1.13,1.69
2013.09.16 22:49:43.786,0.89832,0.8988,1.13,1.69
2013.09.16 22:49:43.937,0.89832,0.89886,1.13,2.44
2013.09.16 22:49:44.707,0.89832,0.8988,1.13,1.69
2013.09.16 22:49:44.966,0.8983,0.89886,1.32,2.44
2013.09.16 22:49:45.686,0.89832,0.89887,1.32,2.44
2013.09.16 22:49:45.746,0.89831,0.89881,1.32,1.69
2013.09.16 22:49:45.966,0.89832,0.89887,1.32,2.44
2013.09.16 22:49:46.739,0.89831,0.89881,1.32,1.69
2013.09.16 22:49:46.926,0.89832,0.89886,1.13,2.44
2013.09.16 22:49:47.716,0.89832,0.8988,1.13,1.69
2013.09.16 22:49:48.146,0.89832,0.89886,1.13,2.44
2013.09.16 22:49:48.716,0.89831,0.8988,1.32,1.69
2013.09.16 22:49:48.896,0.89832,0.89886,1.13,2.44
2013.09.16 22:49:49.657,0.89832,0.8988,1.13,1.69
2013.09.16 22:49:49.906,0.89832,0.89886,1.13,2.44
2013.09.16 22:49:50.696,0.89831,0.8988,1.32,1.69
2013.09.16 22:49:50.896,0.89832,0.89886,1.13,2.44
2013.09.16 22:49:51.588,0.89831,0.8988,1.32,1.69
2013.09.16 22:49:51.906,0.89831,0.89884,1.32,1.69
2013.09.16 22:49:52.586,0.89831,0.8988,1.32,1.69
2013.09.16 22:49:52.926,0.89831,0.89884,1.32,1.69
2013.09.16 22:49:53.666,0.89832,0.8988,1.13,1.69
2013.09.16 22:49:54.216,0.89832,0.89884,1.13,1.69
2013.09.16 22:49:54.666,0.89832,0.8988,1.13,1.69
2013.09.16 22:49:54.966,0.89832,0.89884,1.13,1.69
2013.09.16 22:49:55.706,0.89832,0.8988,1.32,1.69
2013.09.16 22:49:55.956,0.89831,0.89884,2.07,1.69
2013.09.16 22:49:56.647,0.89831,0.8988,2.07,1.69
2013.09.16 22:49:56.959,0.89831,0.89884,2.07,1.69
2013.09.16 22:49:57.637,0.89831,0.8988,2.07,1.69
2013.09.16 22:49:57.907,0.89832,0.89884,1.32,1.69
2013.09.16 22:49:58.706,0.89832,0.8988,1.32,1.69
2013.09.16 22:49:58.917,0.89832,0.89883,1.32,1.69
2013.09.16 22:49:59.726,0.89832,0.8988,1.32,1.69
2013.09.16 22:50:00.056,0.89832,0.89884,1.32,1.69
2013.09.16 22:50:02.686,0.89832,0.89879,1.32,1.69
2013.09.16 22:50:02.886,0.8983,0.89883,2.07,1.69
2013.09.16 22:50:03.577,0.89831,0.89879,1.32,1.69
2013.09.16 22:50:03.876,0.89832,0.89883,1.32,1.69
2013.09.16 22:50:04.086,0.89832,0.89883,1.32,1.69
2013.09.16 22:50:04.567,0.89831,0.89881,1.32,1.69
2013.09.16 22:50:04.837,0.89831,0.89884,1.32,1.69
2013.09.16 22:50:06.706,0.89832,0.89881,1.32,1.69
2013.09.16 22:50:06.956,0.8983,0.89884,1.69,1.69
2013.09.16 22:50:07.647,0.89832,0.89881,1.32,1.69
2013.09.16 22:50:07.956,0.89832,0.89884,1.32,1.69
2013.09.16 22:50:08.687,0.89831,0.89881,1.32,1.69
2013.09.16 22:50:08.926,0.89831,0.89884,1.32,1.69
2013.09.16 22:50:10.667,0.89832,0.89881,1.32,1.69
2013.09.16 22:50:10.916,0.8983,0.89884,2.07,1.69
2013.09.16 22:50:11.706,0.89831,0.89881,1.32,1.69
2013.09.16 22:50:11.906,0.89832,0.89883,1.32,1.69
2013.09.16 22:50:12.656,0.89831,0.89881,1.32,1.69
2013.09.16 22:50:12.867,0.89831,0.89883,1.32,1.69
2013.09.16 22:50:13.666,0.89832,0.89881,1.32,1.69
2013.09.16 22:50:13.906,0.89832,0.89884,1.32,1.69
2013.09.16 22:50:14.677,0.89832,0.89879,1.32,1.69
2013.09.16 22:50:14.886,0.89832,0.89884,1.32,1.69
2013.09.16 22:50:15.445,0.89833,0.89884,1.32,1.69
2013.09.16 22:50:15.618,0.89831,0.8988,2.07,1.69
2013.09.16 22:50:15.986,0.89831,0.89883,2.07,1.69
2013.09.16 22:50:16.607,0.89831,0.8988,2.07,1.69
2013.09.16 22:50:16.806,0.89831,0.8988,1.32,1.69
2013.09.16 22:50:16.938,0.89831,0.89884,1.32,1.69
2013.09.16 22:50:17.706,0.89831,0.8988,1.32,1.69
2013.09.16 22:50:17.927,0.89832,0.89884,1.13,1.69
2013.09.16 22:50:18.756,0.89831,0.8988,1.32,1.69
2013.09.16 22:50:18.876,0.89832,0.89883,1.13,1.69
2013.09.16 22:50:19.687,0.89831,0.8988,1.32,1.69
2013.09.16 22:50:19.926,0.89832,0.89884,1.13,1.69
2013.09.16 22:50:20.627,0.89832,0.89884,1.32,1.69
2013.09.16 22:50:20.686,0.89831,0.89881,1.32,1.69
2013.09.16 22:50:20.892,0.89831,0.89884,1.32,1.69
2013.09.16 22:50:21.716,0.89832,0.89881,1.32,1.69
2013.09.16 22:50:21.936,0.89831,0.89884,1.32,1.69
2013.09.16 22:50:22.707,0.89831,0.89881,1.32,1.69
2013.09.16 22:50:22.906,0.89832,0.89883,1.32,1.69
2013.09.16 22:50:23.686,0.89831,0.89881,1.32,1.69
2013.09.16 22:50:23.806,0.89831,0.89879,1.32,1.69
2013.09.16 22:50:24.373,0.89833,0.89884,1.13,1.69
2013.09.16 22:50:24.836,0.89831,0.89879,1.32,1.69
2013.09.16 22:50:24.896,0.89831,0.89884,1.32,1.69
2013.09.16 22:50:25.676,0.89831,0.89879,1.32,1.69
2013.09.16 22:50:25.916,0.89831,0.89883,1.32,1.69
2013.09.16 22:50:26.617,0.89832,0.89879,1.32,1.69
2013.09.16 22:50:26.926,0.89832,0.89885,1.32,2.44
2013.09.16 22:50:27.597,0.89831,0.89879,1.32,1.69
2013.09.16 22:50:27.936,0.89831,0.89883,1.32,1.69
2013.09.16 22:50:28.485,0.89834,0.89885,1.13,2.44
2013.09.16 22:50:29.658,0.89834,0.89883,1.13,1.69
2013.09.16 22:50:29.716,0.89834,0.89883,1.13,1.69
2013.09.16 22:50:31.716,0.89834,0.89884,1.13,1.69
2013.09.16 22:50:31.840,0.89834,0.89884,1.13,1.69
2013.09.16 22:50:32.550,0.89833,0.89886,1.32,2.44
2013.09.16 22:50:33.066,0.89833,0.89886,1.32,2.44
2013.09.16 22:50:33.126,0.89833,0.89888,1.32,2.44
2013.09.16 22:50:33.706,0.89833,0.89883,1.32,1.69
2013.09.16 22:50:34.766,0.89834,0.89883,1.13,1.69
2013.09.16 22:50:35.706,0.89834,0.89884,1.13,1.69
2013.09.16 22:50:36.656,0.89834,0.89883,1.13,1.69
2013.09.16 22:50:37.246,0.89834,0.89887,1.32,2.44
2013.09.16 22:50:37.996,0.89833,0.89887,1.32,2.44
2013.09.16 22:50:38.656,0.89833,0.89884,1.32,1.69
2013.09.16 22:50:42.410,0.89833,0.89886,1.13,2.44
2013.09.16 22:50:45.826,0.89833,0.89888,1.32,2.44
2013.09.16 22:51:07.159,0.89833,0.89886,1.13,2.44
2013.09.16 22:51:08.163,0.89833,0.89887,1.32,2.44
2013.09.16 22:51:38.955,0.89832,0.89887,1.32,2.44
2013.09.16 22:51:39.016,0.89833,0.89887,1.32,2.44
2013.09.16 22:51:39.256,0.89833,0.89888,2.07,1.69
2013.09.16 22:51:44.209,0.89836,0.89888,1.32,1.69
2013.09.16 22:51:59.406,0.89829,0.89883,2.44,1.69
2013.09.16 22:52:11.169,0.89829,0.89883,1.69,3.19
2013.09.16 22:52:13.496,0.89829,0.89878,1.32,1.69
2013.09.16 22:52:13.936,0.89827,0.89882,1.32,2.44
2013.09.16 22:52:21.413,0.89827,0.89882,1.32,2.44
2013.09.16 22:52:27.133,0.89827,0.89879,1.32,1.69
2013.09.16 22:52:27.247,0.89827,0.89879,2.07,1.69
2013.09.16 22:52:28.616,0.89826,0.89884,1.69,3.19
2013.09.16 22:52:29.304,0.89825,0.89882,1.69,2.44
2013.09.16 22:52:30.216,0.89821,0.89874,2.07,1.69
2013.09.16 22:52:30.457,0.8982,0.89874,1.69,1.69
2013.09.16 22:52:34.656,0.89816,0.89873,1.69,2.44
2013.09.16 22:52:34.838,0.89811,0.89868,2.07,1.69
2013.09.16 22:52:35.558,0.89812,0.89868,1.32,1.69
2013.09.16 22:52:38.231,0.89814,0.89868,1.32,1.69
2013.09.16 22:52:42.266,0.89814,0.89863,1.32,1.69
2013.09.16 22:52:45.286,0.89812,0.89863,1.69,1.69
2013.09.16 22:52:48.256,0.8981,0.89863,1.32,1.69
2013.09.16 22:52:49.249,0.89811,0.89868,1.69,2.44
2013.09.16 22:52:50.236,0.89809,0.89862,1.32,1.69
2013.09.16 22:52:50.416,0.89811,0.89868,1.69,2.44
2013.09.16 22:52:50.476,0.89811,0.89867,1.69,2.44
2013.09.16 22:52:53.256,0.8981,0.89861,1.32,1.69
2013.09.16 22:52:54.002,0.8981,0.89867,2.07,2.44
2013.09.16 22:52:54.526,0.89809,0.89866,2.07,2.44
2013.09.16 22:52:55.406,0.89806,0.89861,3.19,1.69
2013.09.16 22:52:56.869,0.89811,0.89869,1.69,3.19
2013.09.16 22:52:57.176,0.89809,0.89863,1.32,1.69
2013.09.16 22:52:57.298,0.89806,0.8986,1.69,1.69
2013.09.16 22:52:57.837,0.8981,0.89866,1.32,2.44
2013.09.16 22:52:58.376,0.8981,0.89866,1.32,2.44
2013.09.16 22:52:58.987,0.8981,0.89861,1.32,1.69
2013.09.16 22:53:00.036,0.89809,0.89859,1.32,1.69
2013.09.16 22:53:01.256,0.89806,0.8986,1.32,1.69
2013.09.16 22:53:01.860,0.89809,0.89863,1.69,1.69
2013.09.16 22:53:02.396,0.89809,0.89864,2.07,1.69
2013.09.16 22:53:03.186,0.89809,0.89863,1.69,1.69
2013.09.16 22:53:03.546,0.89812,0.89863,2.07,1.69
2013.09.16 22:53:05.156,0.89808,0.89861,1.32,1.69
2013.09.16 22:53:05.216,0.89808,0.8986,1.32,1.69
2013.09.16 22:53:08.236,0.89809,0.89863,1.69,1.69
2013.09.16 22:53:08.307,0.89811,0.89863,1.69,1.69
2013.09.16 22:53:08.876,0.89808,0.89862,1.32,1.69
2013.09.16 22:53:09.436,0.89811,0.89864,1.69,1.69
2013.09.16 22:53:09.916,0.89807,0.8986,1.32,1.69
2013.09.16 22:53:10.449,0.89809,0.89863,1.69,1.69
2013.09.16 22:53:10.987,0.89807,0.8986,1.32,1.69
2013.09.16 22:53:12.026,0.89807,0.89858,1.32,1.69
2013.09.16 22:53:12.351,0.89808,0.89863,2.07,3.19
2013.09.16 22:53:12.947,0.89808,0.89858,1.32,1.69
2013.09.16 22:53:13.486,0.89808,0.89863,1.69,2.44
2013.09.16 22:53:14.006,0.89807,0.89859,1.32,1.69
2013.09.16 22:53:14.126,0.89804,0.8986,1.32,1.69
2013.09.16 22:53:16.247,0.89811,0.89864,1.69,1.69
2013.09.16 22:53:16.916,0.89807,0.89862,1.32,1.69
2013.09.16 22:53:17.461,0.89811,0.89863,1.69,1.69
2013.09.16 22:53:17.956,0.89808,0.89859,1.32,1.69
2013.09.16 22:53:20.267,0.89811,0.89864,1.69,1.69
2013.09.16 22:53:25.646,0.89809,0.89864,1.69,1.69
2013.09.16 22:53:26.956,0.8981,0.89864,1.69,1.69
2013.09.16 22:53:27.316,0.89805,0.89861,1.32,1.69
2013.09.16 22:53:27.380,0.8981,0.89863,1.69,1.69
2013.09.16 22:53:28.266,0.8981,0.89863,1.69,1.69
2013.09.16 22:53:31.047,0.89812,0.89863,1.69,1.69
2013.09.16 22:53:33.354,0.89809,0.89863,1.69,1.69
2013.09.16 22:53:36.360,0.8981,0.89863,1.69,1.69
2013.09.16 22:53:40.625,0.89811,0.89863,1.69,1.69
2013.09.16 22:53:43.287,0.89812,0.89863,1.69,1.69
2013.09.16 22:53:45.926,0.89812,0.89863,1.69,1.69
2013.09.16 22:53:46.106,0.89817,0.89873,1.69,1.69
2013.09.16 22:53:48.298,0.89819,0.89873,1.32,1.69
2013.09.16 22:53:50.426,0.89818,0.89872,1.32,1.69
2013.09.16 22:53:51.436,0.89817,0.89873,1.69,1.69
2013.09.16 22:53:51.766,0.89817,0.89873,1.69,1.69
2013.09.16 22:53:52.726,0.89815,0.89868,1.32,1.69
2013.09.16 22:53:53.466,0.89819,0.89873,1.69,1.69
2013.09.16 22:53:54.066,0.89819,0.89873,1.69,1.69
2013.09.16 22:53:54.266,0.89812,0.89869,1.32,1.69
2013.09.16 22:53:54.876,0.89815,0.89872,2.07,2.44
2013.09.16 22:53:55.176,0.89818,0.89874,1.69,1.69
2013.09.16 22:53:55.687,0.89815,0.89869,1.32,1.69
2013.09.16 22:53:55.746,0.89815,0.89868,1.32,1.69
2013.09.16 22:53:56.219,0.89817,0.89873,1.69,1.69
2013.09.16 22:53:56.731,0.89819,0.89873,1.69,1.69
2013.09.16 22:53:57.529,0.89822,0.89873,1.69,1.69
2013.09.16 22:53:58.378,0.89817,0.89872,2.44,1.69
2013.09.16 22:53:58.508,0.89815,0.89869,1.32,1.69
2013.09.16 22:53:58.707,0.89818,0.89872,1.69,1.32
2013.09.16 22:53:58.946,0.89816,0.89874,2.07,1.69
2013.09.16 22:53:59.646,0.89816,0.89874,2.07,1.69
2013.09.16 22:54:02.112,0.89821,0.89873,1.69,1.69
2013.09.16 22:54:04.157,0.8982,0.89874,1.32,1.69
2013.09.16 22:54:04.832,0.89817,0.89873,1.69,1.69
2013.09.16 22:54:05.946,0.89818,0.89873,1.69,1.69
2013.09.16 22:54:07.186,0.89816,0.89869,1.32,1.69
2013.09.16 22:54:07.758,0.89818,0.89874,1.69,1.69
2013.09.16 22:54:08.393,0.89817,0.89874,1.69,3.19
2013.09.16 22:54:08.726,0.89815,0.89868,1.32,1.69
2013.09.16 22:54:08.906,0.89817,0.89874,1.69,3.19
2013.09.16 22:54:09.397,0.89815,0.89868,1.32,1.69
2013.09.16 22:54:09.716,0.89816,0.89871,1.69,2.44
2013.09.16 22:54:10.756,0.89819,0.89874,2.07,3.19
2013.09.16 22:54:11.941,0.89816,0.89873,2.07,2.44
2013.09.16 22:54:12.967,0.89816,0.89873,1.69,3.19
2013.09.16 22:54:13.047,0.89818,0.89873,1.69,1.69
2013.09.16 22:54:13.456,0.89815,0.89869,1.32,1.69
2013.09.16 22:54:13.576,0.89813,0.89868,1.32,1.69
2013.09.16 22:54:14.848,0.89815,0.89868,1.32,1.69
2013.09.16 22:54:18.154,0.89815,0.89868,1.32,1.69
2013.09.16 22:54:21.543,0.89815,0.89868,1.32,1.69
2013.09.16 22:54:33.616,0.89815,0.89868,1.32,1.69
2013.09.16 22:54:35.184,0.89815,0.89868,1.32,1.69
2013.09.16 22:54:39.388,0.89815,0.89868,1.32,1.69
2013.09.16 22:54:43.326,0.89815,0.89868,1.32,1.69
2013.09.16 22:54:53.327,0.89814,0.89868,1.32,1.69
2013.09.16 22:54:55.920,0.89815,0.89868,1.32,1.69
2013.09.16 22:54:57.266,0.89815,0.89864,1.32,1.69
2013.09.16 22:55:00.456,0.89812,0.89866,1.69,1.69
2013.09.16 22:55:03.366,0.89812,0.89863,1.69,1.69
2013.09.16 22:55:04.566,0.89813,0.89869,1.32,1.69
2013.09.16 22:55:05.596,0.89813,0.89866,1.32,1.69
2013.09.16 22:55:06.006,0.89812,0.89863,1.32,1.69
2013.09.16 22:55:06.978,0.89813,0.89863,1.32,1.69
2013.09.16 22:55:10.938,0.89813,0.89864,1.32,1.69
2013.09.16 22:55:12.646,0.89812,0.89863,1.32,1.69
2013.09.16 22:55:16.336,0.89812,0.89863,1.32,1.69
2013.09.16 22:55:18.261,0.89814,0.89863,1.32,1.69
2013.09.16 22:55:19.766,0.89814,0.89865,1.32,1.69
2013.09.16 22:55:22.826,0.89813,0.89863,1.32,1.69
2013.09.16 22:55:24.277,0.89812,0.89863,2.07,1.69
2013.09.16 22:55:27.736,0.89814,0.89865,1.32,1.69
2013.09.16 22:55:30.226,0.89815,0.89866,1.32,1.69
2013.09.16 22:55:30.742,0.89815,0.89868,1.32,1.69
2013.09.16 22:55:33.816,0.89815,0.89868,1.32,1.69
2013.09.16 22:55:35.410,0.89815,0.89868,1.32,1.69
2013.09.16 22:55:38.836,0.89813,0.89865,1.32,1.69
2013.09.16 22:55:40.227,0.89815,0.89866,1.32,1.69
2013.09.16 22:55:44.658,0.89817,0.89866,1.32,1.69
2013.09.16 22:55:45.409,0.89817,0.89866,1.32,1.69
2013.09.16 22:55:50.868,0.89817,0.89867,1.32,1.69
2013.09.16 22:55:54.386,0.89816,0.89865,2.07,1.69
2013.09.16 22:55:54.458,0.89819,0.89871,1.32,1.69
2013.09.16 22:55:54.836,0.89822,0.89873,1.69,1.69
2013.09.16 22:55:55.927,0.89818,0.89871,1.32,1.69
2013.09.16 22:55:56.486,0.89818,0.89871,1.32,1.69
2013.09.16 22:55:56.807,0.89822,0.89873,2.07,1.69
2013.09.16 22:55:56.926,0.89822,0.89873,1.32,1.69
2013.09.16 22:55:57.166,0.89822,0.89873,1.69,1.69
2013.09.16 22:55:57.358,0.89819,0.89873,1.32,1.69
2013.09.16 22:55:57.706,0.89821,0.89874,1.69,1.69
2013.09.16 22:55:57.907,0.89819,0.89873,1.32,1.69
2013.09.16 22:55:58.410,0.89821,0.89874,2.07,1.69
2013.09.16 22:55:59.797,0.89822,0.89873,2.07,1.69
2013.09.16 22:56:07.368,0.89823,0.89874,1.69,1.69
2013.09.16 22:56:07.427,0.89824,0.89874,1.69,1.69
2013.09.16 22:56:11.223,0.89824,0.89875,1.69,1.69
2013.09.16 22:56:14.111,0.89825,0.89876,1.69,1.69
2013.09.16 22:56:16.634,0.89826,0.89878,1.69,1.69
2013.09.16 22:56:19.946,0.89827,0.89878,2.07,1.69
2013.09.16 22:56:20.166,0.89827,0.89879,2.07,1.69
2013.09.16 22:56:22.658,0.89828,0.89879,1.69,1.69
2013.09.16 22:56:22.776,0.89828,0.89878,1.69,1.69
2013.09.16 22:56:30.238,0.89827,0.89878,2.07,1.69
2013.09.16 22:56:36.250,0.89827,0.89878,2.07,1.69
2013.09.16 22:56:42.159,0.89827,0.89878,1.13,1.69
2013.09.16 22:56:49.396,0.89827,0.89875,1.32,1.69
2013.09.16 22:56:51.477,0.89827,0.89873,1.13,1.69
2013.09.16 22:56:53.306,0.89827,0.89877,1.32,1.69
2013.09.16 22:56:56.296,0.89827,0.89879,2.07,1.69
2013.09.16 22:57:00.201,0.89827,0.89877,1.32,1.69
2013.09.16 22:57:05.598,0.89827,0.89878,1.13,1.69
2013.09.16 22:57:06.808,0.89827,0.89878,1.32,1.69
2013.09.16 22:57:08.457,0.89827,0.89878,1.32,1.69
2013.09.16 22:57:13.322,0.89827,0.89878,1.32,1.69
2013.09.16 22:57:24.551,0.89827,0.89878,2.07,1.69
2013.09.16 22:57:27.007,0.89827,0.89878,2.07,1.69
2013.09.16 22:57:28.266,0.89827,0.89878,1.32,1.69
2013.09.16 22:57:28.327,0.89826,0.89877,1.32,1.69
2013.09.16 22:57:30.356,0.89825,0.89874,1.32,1.69
2013.09.16 22:57:34.970,0.89826,0.89877,1.32,1.69
2013.09.16 22:57:35.137,0.89827,0.89878,1.32,1.69
2013.09.16 22:57:35.317,0.89827,0.89881,2.07,1.69
2013.09.16 22:57:37.497,0.89828,0.8988,1.32,1.69
2013.09.16 22:57:37.677,0.89827,0.8988,1.69,1.69
2013.09.16 22:57:38.677,0.89826,0.8988,1.32,1.69
2013.09.16 22:57:38.738,0.89827,0.8988,1.69,1.69
2013.09.16 22:57:39.677,0.89828,0.8988,1.32,1.69
2013.09.16 22:57:39.868,0.89827,0.8988,1.69,1.69
2013.09.16 22:57:40.457,0.89828,0.8988,1.32,1.69
2013.09.16 22:57:40.638,0.89827,0.8988,1.32,1.69
2013.09.16 22:57:41.197,0.89827,0.8988,1.32,1.69
2013.09.16 22:57:41.409,0.89827,0.8988,1.32,1.69
2013.09.16 22:57:42.618,0.89828,0.8988,1.32,1.69
2013.09.16 22:57:42.976,0.89827,0.8988,2.07,1.69
2013.09.16 22:57:43.388,0.89828,0.8988,1.32,1.69
2013.09.16 22:57:47.236,0.89827,0.89879,1.32,1.69
2013.09.16 22:57:50.906,0.89826,0.89877,1.32,1.69
2013.09.16 22:57:56.827,0.89827,0.8988,1.32,1.69
2013.09.16 22:57:58.333,0.89827,0.89879,1.32,1.69
2013.09.16 22:57:59.435,0.89827,0.89878,1.32,1.69
2013.09.16 22:58:00.868,0.89826,0.89877,1.32,1.69
2013.09.16 22:58:02.226,0.89823,0.89874,1.32,1.69
2013.09.16 22:58:09.957,0.89827,0.89878,1.32,1.69
2013.09.16 22:58:11.486,0.89826,0.89877,1.32,1.69
2013.09.16 22:58:11.707,0.89826,0.89879,2.07,1.69
2013.09.16 22:58:12.649,0.89826,0.89877,1.32,1.69
2013.09.16 22:58:13.197,0.89826,0.89875,1.32,1.69
2013.09.16 22:58:13.743,0.89826,0.89875,1.32,1.69
2013.09.16 22:58:16.570,0.89827,0.89876,1.32,1.69
2013.09.16 22:58:18.280,0.89827,0.89879,1.32,1.69
2013.09.16 22:58:18.717,0.89827,0.89878,1.32,1.69
2013.09.16 22:58:19.357,0.89827,0.89879,1.32,1.69
2013.09.16 22:58:19.476,0.89827,0.89878,1.32,1.69
2013.09.16 22:58:19.598,0.89826,0.89879,2.07,1.69
2013.09.16 22:58:20.677,0.89827,0.89878,1.32,1.69
2013.09.16 22:58:20.928,0.89827,0.89879,1.32,1.69
2013.09.16 22:58:21.047,0.89829,0.89879,1.32,1.69
2013.09.16 22:58:21.367,0.89829,0.89879,1.32,1.69
2013.09.16 22:58:21.747,0.89829,0.89879,1.32,1.69
2013.09.16 22:58:22.678,0.89829,0.89879,1.32,1.69
2013.09.16 22:58:22.927,0.89826,0.89879,2.07,1.69
2013.09.16 22:58:23.417,0.89829,0.89878,1.32,1.69
2013.09.16 22:58:23.678,0.89827,0.89878,2.07,1.69
2013.09.16 22:58:24.658,0.89828,0.89878,1.32,1.69
2013.09.16 22:58:24.837,0.89827,0.89878,1.32,1.69
2013.09.16 22:58:24.897,0.89827,0.89879,1.32,1.69
2013.09.16 22:58:25.456,0.89827,0.89878,1.32,1.69
2013.09.16 22:58:25.648,0.89827,0.89878,2.07,1.69
2013.09.16 22:58:25.827,0.89828,0.8988,1.32,1.69
2013.09.16 22:58:27.427,0.89828,0.8988,1.32,1.69
2013.09.16 22:58:27.607,0.89826,0.89878,1.32,1.69
2013.09.16 22:58:27.667,0.89826,0.89879,2.07,1.69
2013.09.16 22:58:29.457,0.89827,0.89878,1.32,1.69
2013.09.16 22:58:29.636,0.89827,0.89878,2.07,1.69
2013.09.16 22:58:30.333,0.89827,0.89878,1.32,1.69
2013.09.16 22:58:30.627,0.89827,0.89879,1.32,1.69
2013.09.16 22:58:30.998,0.89827,0.89879,1.32,1.69
2013.09.16 22:58:31.416,0.89828,0.89878,1.32,1.69
2013.09.16 22:58:31.696,0.89826,0.89879,2.07,1.69
2013.09.16 22:58:33.626,0.89828,0.89881,1.32,1.69
2013.09.16 22:58:35.767,0.8983,0.89881,1.69,1.69
2013.09.16 22:58:36.434,0.89832,0.89881,1.69,1.69
2013.09.16 22:58:39.857,0.89828,0.89881,1.32,1.69
2013.09.16 22:58:40.117,0.89828,0.89881,1.32,1.69
2013.09.16 22:58:41.038,0.89829,0.89882,1.32,1.69
2013.09.16 22:58:42.147,0.89831,0.89888,1.69,2.82
2013.09.16 22:58:42.387,0.89841,0.89891,1.32,1.69
2013.09.16 22:58:42.927,0.89839,0.89891,1.32,1.69
2013.09.16 22:58:43.187,0.89839,0.89891,2.07,1.69
2013.09.16 22:58:43.366,0.89839,0.89891,1.32,1.69
2013.09.16 22:58:43.736,0.8984,0.89891,2.07,1.69
2013.09.16 22:58:43.957,0.89841,0.89891,1.32,1.69
2013.09.16 22:58:44.297,0.89841,0.89891,1.32,1.69
2013.09.16 22:58:44.357,0.8984,0.89891,1.32,1.69
2013.09.16 22:58:44.597,0.89838,0.89889,1.32,1.69
2013.09.16 22:58:44.727,0.8984,0.89889,1.32,1.69
2013.09.16 22:58:45.267,0.89841,0.89889,1.13,1.69
2013.09.16 22:58:45.587,0.89841,0.89889,1.13,1.69
2013.09.16 22:58:45.807,0.8984,0.89889,1.32,1.69
2013.09.16 22:58:45.927,0.89838,0.89889,1.32,1.69
2013.09.16 22:58:46.237,0.8984,0.89889,1.69,1.69
2013.09.16 22:58:46.597,0.89838,0.89889,1.32,1.69
2013.09.16 22:58:46.717,0.8984,0.89889,1.69,1.69
2013.09.16 22:58:47.467,0.8984,0.89889,1.32,1.69
2013.09.16 22:58:47.707,0.89839,0.89889,1.69,1.69
2013.09.16 22:58:47.887,0.89839,0.89888,1.32,1.69
2013.09.16 22:58:48.126,0.89839,0.89888,2.07,1.69
2013.09.16 22:58:48.627,0.89842,0.89888,1.13,1.69
2013.09.16 22:58:49.254,0.8984,0.89888,1.32,1.69
2013.09.16 22:58:50.177,0.8984,0.89889,1.32,1.69
2013.09.16 22:58:50.736,0.8984,0.89889,1.69,1.69
2013.09.16 22:58:56.399,0.89838,0.89889,1.32,1.69
2013.09.16 22:59:40.807,0.89838,0.89887,1.32,1.69
2013.09.16 22:59:45.238,0.89838,0.89887,1.32,1.69
2013.09.16 22:59:48.357,0.89833,0.89884,1.32,1.69
2013.09.16 22:59:48.416,0.89833,0.89884,1.32,1.69
2013.09.16 22:59:48.951,0.89836,0.89882,1.13,1.69
2013.09.16 22:59:50.156,0.89836,0.89882,1.13,1.69
2013.09.16 22:59:50.285,0.89837,0.89887,2.07,1.69
2013.09.16 22:59:56.815,0.89841,0.89889,1.13,1.69
2013.09.16 22:59:56.881,0.89844,0.89895,2.07,1.69
2013.09.16 22:59:58.598,0.89842,0.89893,1.32,1.69
2013.09.16 22:59:58.957,0.89842,0.89893,2.07,1.69
2013.09.16 22:59:59.737,0.89841,0.89892,2.07,1.69
2013.09.16 22:59:59.947,0.89841,0.89892,2.07,1.69
