2013.01.23 17:00:00.067,0.93065,0.93097,1.35,1.65
2013.01.23 17:00:00.719,0.93065,0.93097,1.35,1.88
2013.01.23 17:00:01.368,0.93062,0.93094,2.48,2.18
2013.01.23 17:00:01.429,0.93063,0.93097,1.73,2.63
2013.01.23 17:00:01.969,0.93064,0.93096,1.13,2.63
2013.01.23 17:00:02.492,0.93065,0.93096,1.20,2.40
2013.01.23 17:00:03.101,0.93064,0.93094,1.13,1.73
2013.01.23 17:00:03.634,0.93065,0.93096,1.13,2.63
2013.01.23 17:00:04.210,0.93064,0.93094,1.13,1.50
2013.01.23 17:00:05.578,0.93062,0.93094,1.35,1.50
2013.01.23 17:00:07.619,0.93061,0.93088,1.13,1.50
2013.01.23 17:00:07.959,0.93054,0.93084,1.50,1.50
2013.01.23 17:00:08.208,0.93051,0.93084,2.10,1.73
2013.01.23 17:00:08.268,0.93051,0.93084,2.25,1.73
2013.01.23 17:00:08.327,0.93051,0.9308,1.50,1.88
2013.01.23 17:00:09.058,0.93051,0.93079,1.20,2.78
2013.01.23 17:00:09.412,0.93051,0.93077,1.20,2.25
2013.01.23 17:00:09.712,0.93051,0.93078,1.58,1.50
2013.01.23 17:00:10.391,0.93051,0.9308,1.58,2.03
2013.01.23 17:00:11.915,0.93051,0.93074,1.35,1.50
2013.01.23 17:00:12.620,0.93047,0.93073,1.35,1.50
2013.01.23 17:00:13.127,0.93047,0.93075,1.58,2.70
2013.01.23 17:00:13.460,0.93047,0.93077,1.58,1.95
2013.01.23 17:00:14.008,0.93051,0.93079,1.58,2.63
2013.01.23 17:00:14.883,0.93051,0.93083,1.58,1.88
2013.01.23 17:00:15.950,0.93056,0.93083,1.20,1.50
2013.01.23 17:00:16.127,0.93054,0.93083,1.95,1.50
2013.01.23 17:00:16.579,0.93051,0.93082,1.35,1.35
2013.01.23 17:00:16.699,0.93054,0.93083,1.58,1.50
2013.01.23 17:00:17.109,0.93058,0.93087,1.35,1.35
2013.01.23 17:00:19.108,0.93052,0.93084,1.58,1.58
2013.01.23 17:00:19.168,0.93052,0.93084,1.35,2.18
2013.01.23 17:00:19.307,0.93056,0.93088,1.20,1.65
2013.01.23 17:00:19.427,0.93054,0.93086,1.20,2.55
2013.01.23 17:00:19.487,0.93051,0.93086,2.10,2.55
2013.01.23 17:00:24.305,0.93052,0.93084,1.35,1.50
2013.01.23 17:00:25.190,0.93052,0.93084,1.35,1.50
2013.01.23 17:00:25.790,0.93054,0.93084,1.35,1.50
2013.01.23 17:00:26.985,0.93052,0.93084,1.35,1.50
2013.01.23 17:00:27.352,0.93051,0.93081,2.10,2.55
2013.01.23 17:00:27.898,0.93052,0.93083,1.58,2.33
2013.01.23 17:00:28.078,0.93056,0.93083,2.33,2.33
2013.01.23 17:00:28.137,0.93056,0.93085,2.33,2.85
2013.01.23 17:00:28.198,0.93056,0.93088,1.95,2.93
2013.01.23 17:00:28.471,0.93056,0.93088,2.70,2.93
2013.01.23 17:00:28.851,0.9306,0.93089,1.20,1.50
2013.01.23 17:00:31.001,0.9306,0.93089,1.20,1.50
2013.01.23 17:00:31.058,0.9306,0.93089,1.20,1.50
2013.01.23 17:00:31.369,0.93056,0.93089,1.88,1.50
2013.01.23 17:00:31.548,0.93056,0.93088,1.35,2.78
2013.01.23 17:00:32.120,0.93054,0.93084,1.35,1.50
2013.01.23 17:00:32.432,0.93051,0.93082,1.88,1.58
2013.01.23 17:00:32.788,0.93049,0.93081,1.73,2.33
2013.01.23 17:00:36.678,0.93047,0.93076,1.73,1.80
2013.01.23 17:00:36.798,0.93047,0.93074,1.73,1.50
2013.01.23 17:00:36.921,0.9305,0.93079,1.50,1.73
2013.01.23 17:00:39.000,0.93048,0.93074,1.73,1.50
2013.01.23 17:00:39.199,0.93049,0.93079,1.50,1.73
2013.01.23 17:00:39.400,0.93049,0.93079,1.13,1.50
2013.01.23 17:00:41.186,0.93045,0.93077,1.73,2.55
2013.01.23 17:00:43.139,0.93044,0.93074,1.50,2.10
2013.01.23 17:00:47.179,0.9304,0.93068,1.35,1.50
2013.01.23 17:00:47.368,0.93037,0.93065,1.73,1.35
2013.01.23 17:00:47.428,0.93037,0.93065,1.73,1.35
2013.01.23 17:00:52.088,0.93036,0.93071,2.10,2.78
2013.01.23 17:00:52.328,0.93036,0.93071,2.10,2.78
2013.01.23 17:00:52.388,0.93036,0.93074,2.48,3.53
2013.01.23 17:00:58.150,0.93036,0.93069,1.73,1.50
2013.01.23 17:00:58.267,0.93036,0.93069,1.35,2.63
2013.01.23 17:00:58.568,0.93038,0.93069,1.73,1.88
2013.01.23 17:00:58.808,0.93039,0.93072,1.73,2.33
2013.01.23 17:00:59.212,0.93044,0.93068,1.13,1.50
2013.01.23 17:00:59.598,0.93046,0.93074,1.13,1.73
2013.01.23 17:00:59.660,0.93042,0.93074,1.50,1.73
2013.01.23 17:00:59.779,0.93044,0.93074,1.13,1.73
2013.01.23 17:00:59.900,0.93043,0.93074,1.13,3.90
2013.01.23 17:01:00.475,0.9304,0.93069,1.73,1.35
2013.01.23 17:01:07.569,0.93042,0.93063,1.50,1.50
2013.01.23 17:01:08.178,0.93036,0.93059,1.13,2.10
2013.01.23 17:01:08.298,0.93034,0.93059,1.13,2.10
2013.01.23 17:01:08.359,0.93031,0.93059,1.73,2.10
2013.01.23 17:01:09.389,0.93031,0.93055,1.73,1.50
2013.01.23 17:01:10.786,0.93031,0.93058,1.73,1.50
2013.01.23 17:01:11.068,0.93031,0.93056,1.73,1.50
2013.01.23 17:01:12.187,0.93031,0.93058,1.73,1.50
2013.01.23 17:01:12.748,0.93031,0.9306,1.73,1.35
2013.01.23 17:01:13.258,0.93033,0.93062,1.58,1.35
2013.01.23 17:01:13.378,0.93036,0.93062,1.35,1.35
2013.01.23 17:01:13.538,0.93036,0.93062,1.35,1.35
2013.01.23 17:01:13.658,0.93033,0.93062,1.58,1.35
2013.01.23 17:01:14.608,0.93037,0.93068,1.35,1.35
2013.01.23 17:01:15.043,0.93037,0.93068,1.35,2.10
2013.01.23 17:01:17.268,0.93031,0.93066,1.35,1.35
2013.01.23 17:01:17.327,0.93031,0.93066,1.35,1.35
2013.01.23 17:01:17.388,0.93031,0.93066,1.35,1.35
2013.01.23 17:01:18.409,0.93037,0.93069,1.95,1.50
2013.01.23 17:01:18.673,0.93037,0.93069,1.95,1.50
2013.01.23 17:01:19.259,0.93039,0.93069,2.03,1.50
2013.01.23 17:01:19.618,0.93037,0.93069,3.15,1.50
2013.01.23 17:01:20.226,0.93038,0.9307,2.33,2.10
2013.01.23 17:01:23.321,0.93039,0.93069,1.35,1.50
2013.01.23 17:01:23.989,0.93039,0.93069,1.35,1.50
2013.01.23 17:01:27.295,0.93039,0.9307,1.35,1.35
2013.01.23 17:01:29.379,0.93036,0.93068,1.73,1.80
2013.01.23 17:01:29.678,0.93036,0.93067,1.13,1.35
2013.01.23 17:01:30.038,0.93038,0.93067,1.13,1.35
2013.01.23 17:01:33.267,0.93037,0.93067,1.13,1.35
2013.01.23 17:01:35.238,0.93039,0.93069,1.13,2.33
2013.01.23 17:01:35.558,0.93038,0.93065,1.13,1.35
2013.01.23 17:01:38.374,0.93035,0.93065,1.35,1.35
2013.01.23 17:01:43.242,0.93035,0.93065,1.35,1.35
2013.01.23 17:01:43.749,0.93035,0.93065,1.35,1.35
2013.01.23 17:01:44.068,0.93035,0.93062,1.13,1.35
2013.01.23 17:01:44.248,0.93035,0.9306,1.13,1.35
2013.01.23 17:01:45.338,0.9303,0.9306,1.73,1.35
2013.01.23 17:01:46.008,0.93033,0.93059,1.13,2.10
2013.01.23 17:01:46.128,0.93034,0.93059,1.13,1.50
2013.01.23 17:01:46.249,0.93035,0.93063,1.13,1.50
2013.01.23 17:01:46.547,0.93035,0.93064,1.35,1.50
2013.01.23 17:01:47.087,0.93035,0.93066,1.35,1.35
2013.01.23 17:01:47.557,0.93038,0.93064,1.13,1.50
2013.01.23 17:01:47.618,0.93038,0.93064,1.13,1.50
2013.01.23 17:01:49.169,0.93035,0.93067,1.13,1.35
2013.01.23 17:01:52.023,0.93035,0.93069,1.13,2.10
2013.01.23 17:01:52.262,0.93036,0.93069,2.40,1.35
2013.01.23 17:01:52.898,0.93036,0.93067,2.63,1.35
2013.01.23 17:01:53.229,0.93036,0.93068,2.40,1.35
2013.01.23 17:01:53.288,0.93035,0.93068,1.35,1.35
2013.01.23 17:01:53.407,0.93035,0.93067,1.35,1.35
2013.01.23 17:01:55.667,0.93035,0.93067,1.35,1.35
2013.01.23 17:01:55.959,0.93038,0.9307,1.13,1.58
2013.01.23 17:01:56.448,0.93038,0.9307,1.13,2.33
2013.01.23 17:01:56.508,0.93038,0.93067,1.13,1.35
2013.01.23 17:01:57.508,0.93035,0.93067,1.35,2.10
2013.01.23 17:01:58.043,0.93035,0.93067,1.35,2.10
2013.01.23 17:02:02.819,0.93035,0.93066,1.35,1.50
2013.01.23 17:02:05.708,0.93035,0.93067,1.35,1.35
2013.01.23 17:02:05.907,0.93037,0.93066,1.35,1.50
2013.01.23 17:02:07.938,0.93035,0.93063,1.13,1.35
2013.01.23 17:02:08.709,0.93035,0.93065,1.35,1.50
2013.01.23 17:02:14.549,0.93035,0.93066,1.35,1.35
2013.01.23 17:02:16.188,0.93038,0.93071,2.78,1.50
2013.01.23 17:02:16.528,0.93039,0.93072,1.95,1.35
2013.01.23 17:02:18.588,0.93042,0.93075,1.73,1.35
2013.01.23 17:02:19.109,0.9304,0.93075,2.70,1.50
2013.01.23 17:02:19.169,0.9304,0.93075,2.70,1.50
2013.01.23 17:02:19.659,0.9304,0.93075,3.15,1.50
2013.01.23 17:02:20.758,0.93041,0.93076,1.73,1.13
2013.01.23 17:02:21.301,0.93041,0.93074,1.73,1.35
2013.01.23 17:02:21.700,0.93039,0.93073,1.73,1.35
2013.01.23 17:02:21.758,0.93038,0.93071,1.35,1.50
2013.01.23 17:02:22.343,0.93038,0.93073,1.35,1.35
2013.01.23 17:02:23.559,0.93038,0.93071,1.35,1.50
2013.01.23 17:02:24.878,0.93038,0.93073,1.35,1.35
2013.01.23 17:02:25.218,0.93039,0.93074,1.80,2.10
2013.01.23 17:02:25.739,0.93039,0.93074,1.80,1.50
2013.01.23 17:02:26.048,0.93041,0.93074,1.73,1.50
2013.01.23 17:02:27.278,0.93041,0.93074,1.73,2.10
2013.01.23 17:02:27.665,0.93042,0.93075,2.10,1.50
2013.01.23 17:02:28.559,0.93042,0.93075,2.10,1.50
2013.01.23 17:02:28.729,0.93042,0.93076,2.85,1.13
2013.01.23 17:02:31.259,0.93045,0.93075,1.35,1.50
2013.01.23 17:02:31.538,0.93045,0.93073,1.35,1.35
2013.01.23 17:02:31.658,0.93045,0.93073,1.13,1.35
2013.01.23 17:02:32.218,0.93043,0.93073,1.13,1.35
2013.01.23 17:02:33.842,0.93043,0.9307,1.13,1.35
2013.01.23 17:02:36.309,0.93033,0.9307,2.48,1.58
2013.01.23 17:02:36.488,0.93032,0.93069,1.35,1.73
2013.01.23 17:02:42.978,0.93033,0.93069,2.10,1.73
2013.01.23 17:02:43.448,0.93032,0.93068,1.35,2.40
2013.01.23 17:02:43.508,0.93032,0.93068,1.35,2.40
2013.01.23 17:02:49.349,0.93032,0.93058,1.13,1.50
2013.01.23 17:02:49.408,0.93032,0.93057,1.13,1.50
2013.01.23 17:02:49.708,0.93027,0.93054,1.50,1.50
2013.01.23 17:02:49.828,0.9302,0.93054,1.13,1.73
2013.01.23 17:02:49.888,0.9302,0.93054,1.13,1.73
2013.01.23 17:02:50.149,0.9302,0.93048,1.13,1.35
2013.01.23 17:02:50.413,0.9302,0.93049,1.13,2.10
2013.01.23 17:02:50.888,0.9302,0.93053,1.13,1.50
2013.01.23 17:02:50.948,0.9302,0.93053,1.13,1.50
2013.01.23 17:02:51.688,0.93023,0.93055,2.40,2.10
2013.01.23 17:03:06.268,0.93027,0.93055,1.13,1.50
2013.01.23 17:03:06.349,0.93027,0.93055,1.13,1.50
2013.01.23 17:03:06.708,0.93027,0.93055,1.13,1.50
2013.01.23 17:03:06.768,0.93027,0.93055,1.13,1.50
2013.01.23 17:03:11.898,0.93027,0.93055,1.13,1.50
2013.01.23 17:03:12.683,0.93027,0.93057,1.13,1.73
2013.01.23 17:03:16.849,0.93027,0.93057,1.13,1.73
2013.01.23 17:03:17.609,0.93027,0.93057,1.13,1.73
2013.01.23 17:03:18.525,0.93027,0.93058,1.13,1.73
2013.01.23 17:03:19.037,0.93027,0.93057,1.13,1.73
2013.01.23 17:03:24.439,0.93026,0.93059,1.88,1.73
2013.01.23 17:03:24.679,0.93027,0.9306,2.55,2.33
2013.01.23 17:03:24.741,0.93027,0.9306,2.55,2.10
2013.01.23 17:03:24.899,0.93026,0.93059,1.88,1.50
2013.01.23 17:03:28.093,0.93031,0.9306,1.50,1.58
2013.01.23 17:03:32.166,0.93032,0.9306,1.50,1.58
2013.01.23 17:03:36.198,0.93028,0.93057,1.13,1.50
2013.01.23 17:03:39.179,0.93028,0.93059,1.13,1.73
2013.01.23 17:03:46.088,0.93028,0.93059,1.13,1.73
2013.01.23 17:03:46.240,0.93028,0.93059,1.13,2.33
2013.01.23 17:03:48.356,0.93028,0.93055,1.13,1.50
2013.01.23 17:03:48.666,0.93028,0.93057,1.13,1.73
2013.01.23 17:03:50.868,0.93028,0.93055,1.13,1.50
2013.01.23 17:03:50.988,0.93028,0.93057,1.13,1.73
2013.01.23 17:03:51.432,0.93028,0.93059,1.13,2.33
2013.01.23 17:03:57.486,0.93027,0.93056,1.13,1.50
2013.01.23 17:03:57.830,0.93025,0.93055,1.13,1.50
2013.01.23 17:03:58.037,0.93025,0.93059,1.13,2.33
2013.01.23 17:04:00.089,0.93025,0.93055,1.13,1.35
2013.01.23 17:04:10.618,0.93025,0.93055,1.13,1.35
2013.01.23 17:04:15.280,0.93025,0.93058,1.13,2.10
2013.01.23 17:04:16.501,0.93025,0.93058,1.13,2.10
2013.01.23 17:04:20.108,0.93023,0.93053,1.35,1.35
2013.01.23 17:04:20.358,0.93022,0.93053,1.88,1.35
2013.01.23 17:04:26.659,0.93024,0.93055,1.35,1.13
2013.01.23 17:04:39.251,0.93022,0.93053,1.13,1.35
2013.01.23 17:04:39.323,0.93026,0.93053,1.35,1.50
2013.01.23 17:04:41.589,0.93026,0.93054,1.35,1.13
2013.01.23 17:04:41.708,0.93026,0.93055,1.35,1.13
2013.01.23 17:04:43.461,0.93026,0.93054,1.35,1.88
2013.01.23 17:04:43.578,0.93026,0.93054,1.35,1.88
2013.01.23 17:04:48.739,0.93026,0.93054,1.35,1.13
2013.01.23 17:04:50.200,0.93022,0.93053,1.88,1.35
2013.01.23 17:04:51.091,0.93022,0.93054,2.48,1.13
2013.01.23 17:04:51.399,0.93024,0.93057,2.55,1.13
2013.01.23 17:04:54.648,0.93034,0.93058,1.13,2.10
2013.01.23 17:04:54.768,0.93041,0.93069,1.73,1.50
2013.01.23 17:04:54.828,0.93041,0.93069,1.13,2.10
2013.01.23 17:04:54.948,0.93041,0.93067,1.13,1.58
2013.01.23 17:04:55.169,0.93042,0.93069,1.13,1.58
2013.01.23 17:04:55.228,0.93042,0.93069,1.13,1.35
2013.01.23 17:04:55.720,0.93035,0.93067,1.13,1.35
2013.01.23 17:04:55.778,0.93035,0.93066,1.13,1.58
2013.01.23 17:04:56.664,0.93035,0.93062,1.13,1.50
2013.01.23 17:04:57.249,0.93035,0.93062,1.13,2.10
2013.01.23 17:04:58.449,0.93035,0.93062,1.13,2.10
2013.01.23 17:04:58.836,0.93035,0.93062,1.13,2.10
2013.01.23 17:04:59.139,0.93027,0.93053,2.40,1.35
2013.01.23 17:04:59.198,0.93027,0.93053,1.13,1.35
2013.01.23 17:04:59.579,0.93027,0.93052,1.13,1.50
2013.01.23 17:04:59.848,0.93027,0.93053,1.13,2.10
2013.01.23 17:05:00.569,0.93022,0.93053,2.10,2.10
2013.01.23 17:05:00.819,0.93028,0.93058,1.35,2.10
2013.01.23 17:05:01.009,0.93027,0.93058,1.35,2.10
2013.01.23 17:05:07.488,0.93028,0.93058,1.13,1.35
2013.01.23 17:05:07.838,0.93027,0.93058,2.10,1.35
2013.01.23 17:05:09.998,0.93033,0.93063,1.58,1.50
2013.01.23 17:05:10.118,0.93036,0.93063,1.35,1.50
2013.01.23 17:05:10.930,0.93032,0.9306,1.13,1.50
2013.01.23 17:05:11.048,0.93028,0.93059,2.78,2.33
2013.01.23 17:05:11.269,0.93028,0.9306,2.63,1.13
2013.01.23 17:05:11.329,0.93027,0.9306,2.10,1.13
2013.01.23 17:05:11.448,0.93029,0.93062,3.08,1.13
2013.01.23 17:05:12.924,0.9303,0.93063,2.25,1.73
2013.01.23 17:05:13.571,0.9303,0.9306,2.25,1.13
2013.01.23 17:05:14.129,0.9303,0.9306,2.25,1.13
2013.01.23 17:05:14.188,0.93027,0.93059,2.85,1.50
2013.01.23 17:05:15.660,0.93028,0.9306,1.35,1.35
2013.01.23 17:05:17.256,0.93026,0.9306,1.73,1.13
2013.01.23 17:05:17.932,0.93026,0.9306,1.73,1.13
2013.01.23 17:05:24.170,0.93026,0.93058,1.73,1.35
2013.01.23 17:05:24.509,0.93022,0.93058,1.73,3.83
2013.01.23 17:05:24.568,0.93022,0.93058,1.73,3.83
2013.01.23 17:05:32.985,0.93021,0.93054,2.48,1.73
2013.01.23 17:05:35.348,0.93025,0.93054,2.33,1.73
2013.01.23 17:05:35.688,0.93024,0.93054,3.00,1.35
2013.01.23 17:05:36.061,0.93025,0.93054,2.25,2.10
2013.01.23 17:05:45.169,0.93025,0.93054,2.25,1.73
2013.01.23 17:05:45.288,0.93021,0.93054,2.33,1.73
2013.01.23 17:05:48.968,0.93024,0.93054,1.95,1.73
2013.01.23 17:05:51.143,0.93024,0.93054,1.95,1.13
2013.01.23 17:05:52.109,0.93024,0.93057,1.95,2.70
2013.01.23 17:05:54.639,0.93024,0.93054,1.95,1.13
2013.01.23 17:05:55.679,0.93024,0.93057,2.55,2.70
2013.01.23 17:05:56.688,0.93032,0.93057,2.93,2.70
2013.01.23 17:05:57.198,0.93037,0.93064,1.58,1.50
2013.01.23 17:06:00.298,0.93038,0.93066,2.03,1.35
2013.01.23 17:06:00.358,0.93038,0.93068,2.03,1.73
2013.01.23 17:06:02.669,0.93038,0.93066,2.03,1.35
2013.01.23 17:06:03.449,0.93038,0.93068,2.03,1.73
2013.01.23 17:06:03.628,0.93043,0.93068,2.18,1.73
2013.01.23 17:06:03.793,0.93039,0.93068,3.00,1.13
2013.01.23 17:06:06.688,0.93042,0.93068,1.88,1.73
2013.01.23 17:06:07.239,0.93042,0.93068,1.35,1.73
2013.01.23 17:06:13.100,0.9304,0.93067,2.55,1.73
2013.01.23 17:06:13.278,0.9304,0.93069,2.55,1.73
2013.01.23 17:06:13.595,0.9304,0.93067,2.55,1.73
2013.01.23 17:06:15.728,0.93039,0.93066,2.10,1.13
2013.01.23 17:06:21.957,0.93039,0.9307,2.10,2.48
2013.01.23 17:06:22.309,0.93042,0.93074,1.80,1.35
2013.01.23 17:06:22.428,0.93042,0.93074,2.03,1.13
2013.01.23 17:06:22.608,0.93046,0.93075,2.85,1.35
2013.01.23 17:06:26.928,0.93046,0.93076,2.78,1.73
2013.01.23 17:06:28.229,0.93046,0.93076,2.78,1.73
2013.01.23 17:06:35.588,0.93046,0.93076,2.78,1.95
2013.01.23 17:06:35.968,0.93046,0.93076,2.78,1.95
2013.01.23 17:06:36.030,0.93044,0.93076,1.73,1.95
2013.01.23 17:06:36.535,0.93044,0.93076,1.73,1.95
2013.01.23 17:06:37.799,0.93044,0.93076,1.73,1.58
2013.01.23 17:06:37.939,0.93046,0.93076,1.88,1.58
2013.01.23 17:06:38.312,0.93046,0.93076,1.88,1.58
2013.01.23 17:06:38.698,0.93047,0.93076,1.58,1.58
2013.01.23 17:06:39.989,0.93045,0.93076,2.25,1.58
2013.01.23 17:06:41.859,0.93043,0.93076,2.40,1.58
2013.01.23 17:06:49.498,0.93044,0.93076,2.40,1.58
2013.01.23 17:06:50.022,0.93044,0.93076,2.40,1.58
2013.01.23 17:06:54.640,0.93044,0.93076,2.78,1.58
2013.01.23 17:06:54.728,0.93047,0.93076,2.18,1.58
2013.01.23 17:06:55.190,0.93047,0.93082,2.18,1.95
2013.01.23 17:06:55.619,0.93047,0.93082,2.18,1.95
2013.01.23 17:06:55.929,0.93044,0.93075,1.13,1.35
2013.01.23 17:07:03.931,0.93044,0.93076,1.13,1.58
2013.01.23 17:07:04.329,0.93044,0.93068,1.13,1.35
2013.01.23 17:07:04.622,0.93044,0.93068,1.13,1.35
2013.01.23 17:07:05.969,0.93044,0.93068,1.13,1.35
2013.01.23 17:07:11.498,0.93039,0.93068,1.50,1.35
2013.01.23 17:07:11.884,0.93041,0.93069,1.95,1.35
2013.01.23 17:07:12.059,0.93039,0.93069,2.63,1.58
2013.01.23 17:07:12.229,0.93036,0.93063,2.63,1.35
2013.01.23 17:07:12.349,0.93036,0.93063,1.13,1.35
2013.01.23 17:07:12.528,0.93036,0.93064,1.13,1.58
2013.01.23 17:07:13.519,0.93036,0.93063,1.13,1.58
2013.01.23 17:07:13.835,0.93036,0.93063,1.13,1.58
2013.01.23 17:07:14.022,0.93036,0.93057,1.13,1.35
2013.01.23 17:07:14.204,0.93036,0.93057,1.13,1.35
2013.01.23 17:07:14.510,0.93029,0.93054,2.63,1.35
2013.01.23 17:07:14.749,0.93023,0.93053,1.95,1.35
2013.01.23 17:07:14.812,0.93023,0.93058,1.95,1.58
2013.01.23 17:07:15.584,0.93024,0.93058,2.40,1.58
2013.01.23 17:07:15.648,0.93027,0.93058,2.25,1.58
2013.01.23 17:07:15.744,0.93027,0.93058,3.00,1.58
2013.01.23 17:07:15.808,0.93029,0.93058,2.85,1.58
2013.01.23 17:07:16.735,0.93029,0.93062,2.33,1.73
2013.01.23 17:07:16.979,0.93034,0.93064,1.35,1.50
2013.01.23 17:07:17.160,0.93035,0.93065,1.80,1.35
2013.01.23 17:07:17.529,0.93038,0.93067,1.58,1.35
2013.01.23 17:07:18.444,0.9304,0.93067,1.58,1.35
2013.01.23 17:07:20.203,0.93037,0.93067,1.80,1.35
2013.01.23 17:07:21.569,0.93037,0.93072,1.80,2.10
2013.01.23 17:07:21.640,0.93039,0.93072,1.80,1.35
2013.01.23 17:07:23.199,0.93043,0.93072,1.95,1.35
2013.01.23 17:07:27.289,0.93043,0.93074,1.95,1.95
2013.01.23 17:07:28.938,0.93043,0.93072,1.95,1.13
2013.01.23 17:07:32.458,0.93043,0.93076,1.95,1.35
2013.01.23 17:07:32.578,0.93039,0.93071,2.85,1.58
2013.01.23 17:07:33.203,0.93039,0.93071,2.85,1.58
2013.01.23 17:07:33.777,0.9304,0.9307,2.18,1.73
2013.01.23 17:07:34.338,0.93038,0.9307,2.10,1.73
2013.01.23 17:07:34.663,0.93038,0.9307,2.10,1.73
2013.01.23 17:07:35.102,0.93038,0.9307,2.10,1.73
2013.01.23 17:07:35.678,0.93037,0.93064,1.88,1.35
2013.01.23 17:07:39.342,0.93036,0.93064,1.13,1.35
2013.01.23 17:07:51.303,0.93036,0.93068,1.50,1.35
2013.01.23 17:07:51.699,0.93037,0.9307,2.93,2.48
2013.01.23 17:07:52.180,0.93037,0.93068,2.93,2.10
2013.01.23 17:07:53.243,0.93037,0.93065,2.93,1.35
2013.01.23 17:07:55.198,0.93042,0.93069,2.40,1.35
2013.01.23 17:07:55.999,0.93046,0.93073,1.50,3.23
2013.01.23 17:07:56.060,0.93048,0.93074,1.35,1.50
2013.01.23 17:07:56.584,0.93052,0.93076,1.58,1.50
2013.01.23 17:07:56.740,0.93052,0.93076,1.35,1.50
2013.01.23 17:07:56.858,0.93052,0.93078,1.58,1.50
2013.01.23 17:07:57.548,0.93047,0.93078,2.85,1.50
2013.01.23 17:07:58.326,0.93047,0.93079,2.85,1.50
2013.01.23 17:07:58.451,0.93052,0.93081,1.95,1.58
2013.01.23 17:07:59.009,0.9305,0.93081,1.88,2.33
2013.01.23 17:07:59.584,0.93049,0.93079,1.80,1.50
2013.01.23 17:07:59.709,0.93049,0.93081,2.48,2.33
2013.01.23 17:08:00.019,0.93051,0.93079,2.63,1.58
2013.01.23 17:08:00.321,0.93047,0.93074,1.58,1.58
2013.01.23 17:08:00.380,0.93046,0.93066,1.13,1.35
2013.01.23 17:08:00.499,0.93041,0.93066,2.25,1.58
2013.01.23 17:08:00.738,0.93036,0.93066,1.95,1.58
2013.01.23 17:08:01.460,0.93035,0.93066,1.73,1.58
2013.01.23 17:08:02.219,0.93035,0.93066,1.73,1.58
2013.01.23 17:08:02.278,0.93037,0.93066,1.58,1.58
2013.01.23 17:08:02.449,0.93034,0.93066,2.18,2.33
2013.01.23 17:08:02.508,0.93034,0.93066,2.18,2.33
2013.01.23 17:08:02.723,0.93034,0.93066,2.18,2.33
2013.01.23 17:08:03.068,0.93034,0.93064,2.18,1.35
2013.01.23 17:08:04.420,0.93034,0.93061,2.18,1.35
2013.01.23 17:08:06.679,0.93034,0.93063,2.18,1.35
2013.01.23 17:08:07.450,0.93034,0.93061,2.18,1.35
2013.01.23 17:08:09.160,0.93034,0.93061,2.18,1.35
2013.01.23 17:08:09.789,0.93034,0.93061,1.13,1.35
2013.01.23 17:08:09.848,0.93034,0.93061,2.10,1.35
2013.01.23 17:08:15.552,0.93032,0.93061,1.95,1.35
2013.01.23 17:08:15.669,0.93032,0.93061,1.95,1.35
2013.01.23 17:08:16.057,0.93032,0.93058,1.13,1.35
2013.01.23 17:08:16.483,0.93032,0.93058,1.13,1.35
2013.01.23 17:08:20.749,0.93033,0.93062,1.88,2.10
2013.01.23 17:08:20.948,0.93032,0.9306,2.10,1.50
2013.01.23 17:08:21.445,0.93032,0.93062,2.48,1.73
2013.01.23 17:08:29.399,0.93032,0.93062,2.48,1.73
2013.01.23 17:08:30.499,0.93032,0.93062,2.48,1.73
2013.01.23 17:08:34.149,0.93034,0.93064,1.73,1.73
2013.01.23 17:08:35.560,0.93034,0.93064,1.73,1.73
2013.01.23 17:08:36.091,0.93034,0.93064,1.73,1.50
2013.01.23 17:08:39.644,0.93037,0.93066,1.58,1.58
2013.01.23 17:08:40.634,0.93035,0.93065,2.78,1.50
2013.01.23 17:08:41.517,0.93032,0.93066,2.48,2.33
2013.01.23 17:08:48.361,0.93032,0.93066,2.48,2.33
2013.01.23 17:08:53.265,0.93032,0.93068,2.48,1.73
2013.01.23 17:08:56.511,0.93032,0.93066,2.48,1.50
2013.01.23 17:08:57.760,0.93032,0.93068,2.48,1.73
2013.01.23 17:09:00.169,0.93035,0.93068,2.63,1.50
2013.01.23 17:09:07.078,0.93034,0.93068,1.13,1.50
2013.01.23 17:09:07.142,0.93034,0.93068,1.13,1.50
2013.01.23 17:09:07.389,0.93034,0.93064,1.13,1.50
2013.01.23 17:09:07.788,0.93034,0.93063,1.13,1.35
2013.01.23 17:09:11.420,0.93034,0.93063,1.13,2.10
2013.01.23 17:09:12.643,0.93034,0.93063,1.13,1.35
2013.01.23 17:09:13.025,0.93035,0.93065,1.58,1.88
2013.01.23 17:09:14.269,0.93036,0.93068,2.10,1.50
2013.01.23 17:09:14.882,0.93036,0.93069,2.10,2.10
2013.01.23 17:09:15.883,0.93034,0.93069,1.13,2.10
2013.01.23 17:09:16.429,0.93034,0.93064,1.13,2.10
2013.01.23 17:09:16.861,0.93034,0.93066,3.00,1.50
2013.01.23 17:09:17.199,0.93034,0.93063,2.40,1.35
2013.01.23 17:09:21.621,0.93034,0.93061,2.40,1.35
2013.01.23 17:09:26.249,0.93033,0.93061,2.18,1.35
2013.01.23 17:09:26.558,0.93032,0.93062,4.95,1.35
2013.01.23 17:09:26.880,0.93038,0.93066,1.35,1.50
2013.01.23 17:09:27.000,0.93039,0.93069,1.88,1.50
2013.01.23 17:09:29.100,0.93039,0.93069,1.88,1.50
2013.01.23 17:09:30.058,0.93041,0.93071,2.40,1.88
2013.01.23 17:09:31.500,0.93042,0.93071,2.78,1.13
2013.01.23 17:09:32.135,0.93043,0.93071,1.13,1.13
2013.01.23 17:09:32.300,0.93043,0.93071,1.13,1.13
2013.01.23 17:09:34.333,0.93043,0.93071,1.13,1.13
2013.01.23 17:09:34.450,0.93043,0.93072,1.50,1.50
2013.01.23 17:09:35.695,0.93043,0.93069,1.13,2.10
2013.01.23 17:09:48.550,0.93043,0.93069,1.13,2.10
2013.01.23 17:09:49.239,0.93043,0.93069,1.13,2.10
2013.01.23 17:09:56.150,0.93037,0.93064,1.13,1.50
2013.01.23 17:09:58.150,0.93037,0.93064,1.13,1.50
2013.01.23 17:10:22.359,0.93035,0.93066,1.13,1.50
2013.01.23 17:10:27.750,0.93035,0.93066,1.13,1.50
2013.01.23 17:10:28.415,0.93035,0.93067,1.13,1.35
2013.01.23 17:10:28.630,0.93035,0.93066,1.13,1.50
2013.01.23 17:10:28.849,0.93035,0.93067,1.13,1.35
2013.01.23 17:10:29.442,0.93035,0.93066,1.13,1.50
2013.01.23 17:10:29.986,0.93035,0.93066,1.13,1.50
2013.01.23 17:10:32.920,0.93035,0.93067,1.13,1.35
2013.01.23 17:10:33.464,0.93035,0.93066,1.13,1.50
2013.01.23 17:10:33.720,0.93035,0.93067,1.13,1.35
2013.01.23 17:10:34.481,0.93035,0.93066,1.13,1.50
2013.01.23 17:10:43.964,0.93035,0.93068,1.13,1.50
2013.01.23 17:10:45.280,0.93035,0.93068,1.13,1.50
2013.01.23 17:10:46.275,0.93035,0.93065,1.13,1.50
2013.01.23 17:10:46.399,0.93035,0.93065,1.13,2.33
2013.01.23 17:10:46.519,0.93033,0.93065,1.13,2.33
2013.01.23 17:10:47.090,0.93033,0.93065,1.13,2.33
2013.01.23 17:10:47.289,0.93033,0.93063,1.13,1.73
2013.01.23 17:10:47.833,0.93033,0.9306,1.13,1.50
2013.01.23 17:10:47.978,0.93033,0.93058,1.13,1.50
2013.01.23 17:10:48.587,0.93033,0.93057,1.13,1.35
2013.01.23 17:10:50.445,0.93033,0.93058,1.13,1.50
2013.01.23 17:10:50.571,0.93033,0.93061,1.13,1.58
2013.01.23 17:10:50.903,0.93033,0.93059,1.50,1.35
2013.01.23 17:10:51.019,0.93033,0.93059,1.13,1.35
2013.01.23 17:10:51.230,0.93033,0.93059,1.13,1.73
2013.01.23 17:10:54.139,0.93033,0.93061,1.50,2.10
2013.01.23 17:10:54.660,0.93033,0.93062,1.50,1.35
2013.01.23 17:10:55.869,0.93034,0.93065,3.08,1.50
2013.01.23 17:10:55.988,0.93036,0.93068,1.58,1.73
2013.01.23 17:10:56.108,0.93034,0.93068,2.93,1.50
2013.01.23 17:10:56.228,0.93037,0.93068,1.95,1.50
2013.01.23 17:10:56.690,0.93038,0.9307,2.63,1.73
2013.01.23 17:10:56.750,0.93038,0.9307,2.63,1.73
2013.01.23 17:11:01.386,0.9304,0.9307,1.35,1.13
2013.01.23 17:11:01.889,0.93037,0.93064,2.48,1.35
2013.01.23 17:11:01.948,0.93033,0.93064,1.50,1.35
2013.01.23 17:11:02.720,0.93033,0.93064,1.50,1.35
2013.01.23 17:11:03.269,0.93033,0.93064,1.50,1.35
2013.01.23 17:11:05.009,0.93033,0.93063,1.50,1.35
2013.01.23 17:11:06.521,0.93033,0.93063,1.50,1.35
2013.01.23 17:11:08.627,0.93035,0.93065,1.13,2.33
2013.01.23 17:11:09.178,0.93035,0.93065,1.13,2.10
2013.01.23 17:11:12.918,0.93035,0.93065,1.13,2.10
2013.01.23 17:11:14.599,0.93035,0.93065,1.13,2.10
2013.01.23 17:11:14.818,0.93035,0.93065,1.13,2.33
2013.01.23 17:11:19.139,0.93035,0.93063,1.13,1.35
2013.01.23 17:11:19.279,0.93035,0.93063,1.13,1.35
2013.01.23 17:11:19.829,0.93035,0.93063,1.13,1.35
2013.01.23 17:11:21.029,0.93035,0.93063,1.13,1.35
2013.01.23 17:11:21.570,0.93036,0.93064,1.35,1.73
2013.01.23 17:11:26.261,0.93036,0.93064,1.35,1.50
2013.01.23 17:11:27.911,0.93036,0.93064,1.35,1.50
2013.01.23 17:11:28.810,0.93036,0.93064,1.35,1.50
2013.01.23 17:11:28.902,0.93036,0.93064,1.35,1.50
2013.01.23 17:11:29.671,0.93036,0.93064,1.35,1.50
2013.01.23 17:11:31.750,0.93036,0.93064,1.35,1.50
2013.01.23 17:11:32.630,0.93036,0.93064,1.35,1.50
2013.01.23 17:11:32.691,0.93036,0.93064,1.35,1.50
2013.01.23 17:11:38.859,0.93036,0.93064,1.35,1.50
2013.01.23 17:11:45.349,0.93036,0.9306,1.35,1.50
2013.01.23 17:11:50.109,0.93036,0.9306,1.35,1.50
2013.01.23 17:11:50.659,0.93038,0.93068,1.73,1.50
2013.01.23 17:11:50.798,0.93039,0.93065,1.13,1.50
2013.01.23 17:11:50.918,0.93039,0.93066,1.13,1.50
2013.01.23 17:11:51.174,0.93039,0.93069,1.13,1.50
2013.01.23 17:11:52.231,0.93039,0.93066,1.13,1.50
2013.01.23 17:11:52.410,0.93039,0.93064,1.13,1.50
2013.01.23 17:11:52.953,0.93039,0.93069,1.13,1.50
2013.01.23 17:11:53.491,0.93039,0.93065,1.13,1.50
2013.01.23 17:11:57.999,0.93039,0.93064,1.13,1.50
2013.01.23 17:11:59.469,0.93039,0.93069,1.13,1.50
2013.01.23 17:12:00.779,0.93039,0.93071,1.13,1.35
2013.01.23 17:12:10.779,0.93042,0.93072,1.13,1.35
2013.01.23 17:12:33.804,0.93042,0.93073,1.35,2.10
2013.01.23 17:12:34.969,0.93042,0.93073,1.73,2.10
2013.01.23 17:12:35.449,0.93042,0.93073,1.73,2.10
2013.01.23 17:12:36.883,0.93039,0.93069,1.13,1.35
2013.01.23 17:12:39.177,0.93036,0.93064,1.13,1.50
2013.01.23 17:12:42.699,0.93029,0.93061,1.35,1.35
2013.01.23 17:12:42.939,0.93029,0.93061,1.35,1.35
2013.01.23 17:12:43.260,0.9303,0.93064,1.35,1.50
2013.01.23 17:12:43.794,0.9303,0.93064,1.35,1.50
2013.01.23 17:12:45.503,0.93032,0.93058,1.13,1.50
2013.01.23 17:12:46.067,0.93034,0.93063,1.35,1.35
2013.01.23 17:12:46.269,0.93034,0.93063,1.35,1.50
2013.01.23 17:12:46.389,0.93034,0.93063,1.35,1.50
2013.01.23 17:12:49.462,0.93037,0.93066,1.35,1.13
2013.01.23 17:12:56.552,0.93037,0.93062,1.35,1.50
2013.01.23 17:12:59.689,0.93035,0.93062,1.13,1.50
2013.01.23 17:13:02.482,0.93035,0.93064,1.13,1.50
2013.01.23 17:13:08.532,0.93035,0.93062,1.13,1.50
2013.01.23 17:13:08.959,0.93035,0.93064,1.13,1.50
2013.01.23 17:13:11.950,0.93035,0.93062,1.13,1.50
2013.01.23 17:13:12.110,0.93035,0.93063,1.13,1.50
2013.01.23 17:13:14.151,0.93037,0.93063,1.13,1.50
2013.01.23 17:13:14.309,0.93038,0.93069,1.13,2.10
2013.01.23 17:13:18.999,0.93037,0.93069,2.10,1.73
2013.01.23 17:13:19.648,0.93037,0.93064,1.13,1.50
2013.01.23 17:13:21.719,0.93034,0.93063,1.13,1.50
2013.01.23 17:13:29.791,0.93033,0.93059,1.35,1.50
2013.01.23 17:13:36.811,0.93029,0.93058,1.35,1.50
2013.01.23 17:13:38.440,0.93029,0.93061,1.35,1.35
2013.01.23 17:13:40.099,0.9303,0.93058,1.35,1.50
2013.01.23 17:13:40.723,0.9303,0.93058,1.35,1.50
2013.01.23 17:13:48.768,0.9303,0.93055,1.35,1.50
2013.01.23 17:13:49.329,0.93029,0.93053,1.35,1.50
2013.01.23 17:13:50.420,0.93026,0.93053,1.35,1.50
2013.01.23 17:13:59.190,0.93026,0.93053,1.35,1.50
2013.01.23 17:14:03.051,0.93028,0.93053,1.35,1.50
2013.01.23 17:14:04.780,0.93028,0.93058,1.35,1.50
2013.01.23 17:14:04.959,0.9303,0.93058,1.35,1.50
2013.01.23 17:14:16.353,0.93029,0.93058,1.35,1.50
2013.01.23 17:14:30.891,0.93028,0.93054,1.35,1.50
2013.01.23 17:14:31.160,0.93026,0.93054,1.35,1.50
2013.01.23 17:14:32.150,0.93029,0.93054,1.35,1.50
2013.01.23 17:14:36.396,0.93029,0.93054,1.35,1.50
2013.01.23 17:14:38.100,0.93029,0.93058,1.35,1.50
2013.01.23 17:14:38.159,0.93031,0.93058,1.35,1.50
2013.01.23 17:14:43.200,0.93028,0.93059,1.95,1.50
2013.01.23 17:14:44.038,0.93028,0.93059,1.73,1.50
2013.01.23 17:14:56.190,0.93033,0.93061,1.13,1.50
2013.01.23 17:14:56.857,0.93033,0.93061,1.95,1.50
2013.01.23 17:14:57.172,0.93033,0.93064,1.95,1.50
2013.01.23 17:14:58.271,0.93033,0.93061,1.95,1.50
2013.01.23 17:14:59.431,0.93033,0.93064,1.95,1.50
2013.01.23 17:15:00.700,0.93033,0.93063,1.95,1.50
2013.01.23 17:15:00.820,0.93033,0.93063,1.13,1.50
2013.01.23 17:15:03.123,0.93029,0.93063,1.35,1.65
2013.01.23 17:15:04.226,0.93033,0.93063,1.13,1.50
2013.01.23 17:15:05.210,0.93033,0.93063,1.20,1.50
2013.01.23 17:15:05.332,0.93032,0.93063,1.13,1.50
2013.01.23 17:15:07.410,0.9303,0.93059,1.95,1.50
2013.01.23 17:15:11.051,0.93033,0.93064,2.10,1.50
2013.01.23 17:15:14.781,0.93034,0.93061,1.13,1.50
2013.01.23 17:15:15.701,0.93034,0.93064,1.13,1.50
2013.01.23 17:15:16.312,0.93034,0.93061,1.13,1.50
2013.01.23 17:15:21.420,0.93034,0.93063,1.13,1.50
2013.01.23 17:15:25.603,0.93034,0.93061,1.35,1.50
2013.01.23 17:15:25.768,0.93034,0.93064,1.35,1.50
2013.01.23 17:15:26.051,0.93036,0.93069,1.73,2.10
2013.01.23 17:15:26.547,0.93038,0.93064,1.95,1.50
2013.01.23 17:15:33.853,0.93038,0.93069,1.95,2.10
2013.01.23 17:15:39.970,0.93038,0.93069,1.95,2.10
2013.01.23 17:15:40.440,0.93038,0.93068,2.33,1.50
2013.01.23 17:15:46.331,0.93038,0.93064,1.73,1.50
2013.01.23 17:15:46.956,0.93037,0.93063,1.35,1.50
2013.01.23 17:15:52.871,0.93034,0.93063,1.13,1.50
2013.01.23 17:15:56.180,0.93034,0.93062,1.13,2.10
2013.01.23 17:15:56.302,0.93031,0.93053,1.50,1.50
2013.01.23 17:15:56.690,0.93033,0.93058,1.13,1.50
2013.01.23 17:15:56.940,0.9303,0.93058,1.13,1.73
2013.01.23 17:15:57.120,0.93028,0.93058,1.35,1.73
2013.01.23 17:15:57.181,0.93028,0.93058,1.35,1.73
2013.01.23 17:15:57.700,0.93028,0.93058,1.35,1.50
2013.01.23 17:16:19.805,0.93028,0.93059,1.35,1.73
2013.01.23 17:16:21.701,0.93028,0.93064,1.35,2.33
2013.01.23 17:16:23.383,0.93033,0.93059,1.35,1.50
2013.01.23 17:16:24.790,0.93029,0.93058,1.35,1.50
2013.01.23 17:16:25.530,0.93028,0.93059,1.35,1.50
2013.01.23 17:16:26.848,0.93028,0.93059,1.35,1.50
2013.01.23 17:16:27.070,0.93028,0.93059,1.35,1.73
2013.01.23 17:16:27.446,0.93029,0.93054,1.35,1.50
2013.01.23 17:16:27.952,0.93025,0.93054,1.73,1.50
2013.01.23 17:16:28.513,0.93025,0.93058,1.73,2.33
2013.01.23 17:16:29.205,0.93025,0.93054,1.73,1.73
2013.01.23 17:16:29.921,0.93025,0.93054,1.73,1.73
2013.01.23 17:16:33.601,0.93025,0.93054,1.35,1.73
2013.01.23 17:16:35.471,0.93025,0.93054,1.35,1.73
2013.01.23 17:16:36.181,0.93025,0.93054,1.35,1.73
2013.01.23 17:16:43.173,0.93025,0.93054,1.35,1.50
2013.01.23 17:16:51.660,0.9303,0.93058,1.35,1.73
2013.01.23 17:16:52.751,0.93031,0.93059,1.35,1.73
2013.01.23 17:16:58.901,0.93031,0.93054,1.35,1.50
2013.01.23 17:17:00.535,0.93031,0.93058,1.35,1.73
2013.01.23 17:17:04.931,0.93027,0.93054,1.35,1.50
2013.01.23 17:17:05.641,0.93027,0.93054,1.35,1.50
2013.01.23 17:17:07.071,0.93027,0.93054,1.35,1.50
2013.01.23 17:17:07.137,0.93027,0.93054,1.35,1.50
2013.01.23 17:17:07.931,0.93022,0.93054,3.68,2.10
2013.01.23 17:17:07.991,0.93022,0.93054,1.35,2.10
2013.01.23 17:17:08.441,0.93021,0.93049,1.13,1.50
2013.01.23 17:17:09.833,0.93021,0.93049,1.13,1.50
2013.01.23 17:17:11.361,0.93021,0.93049,1.73,1.50
2013.01.23 17:17:11.725,0.93021,0.93048,1.73,1.50
2013.01.23 17:17:13.371,0.93017,0.93048,1.73,1.50
2013.01.23 17:17:13.701,0.93016,0.93047,2.85,2.18
2013.01.23 17:17:20.560,0.93014,0.93044,1.73,2.10
2013.01.23 17:17:21.352,0.93009,0.93044,2.70,2.10
2013.01.23 17:17:21.470,0.93008,0.93044,3.08,2.85
2013.01.23 17:17:21.535,0.93008,0.93039,2.10,2.78
2013.01.23 17:17:21.760,0.93008,0.93044,3.08,2.40
2013.01.23 17:17:24.770,0.93013,0.93043,1.73,1.50
2013.01.23 17:17:24.950,0.93017,0.93048,1.73,3.23
2013.01.23 17:17:25.070,0.93017,0.93048,1.73,1.50
2013.01.23 17:17:35.151,0.93017,0.93048,1.73,1.50
2013.01.23 17:17:50.273,0.93017,0.93048,2.10,1.50
2013.01.23 17:17:50.338,0.93017,0.93048,2.85,1.50
2013.01.23 17:17:52.660,0.93021,0.93051,2.48,2.70
2013.01.23 17:18:10.804,0.93022,0.93053,1.73,1.88
2013.01.23 17:18:29.871,0.93029,0.93053,2.10,1.88
2013.01.23 17:18:30.390,0.93029,0.93054,2.10,2.18
2013.01.23 17:18:33.798,0.93024,0.93054,1.73,2.18
2013.01.23 17:18:34.449,0.93024,0.93053,1.35,1.65
2013.01.23 17:18:34.708,0.93022,0.93053,1.73,1.65
2013.01.23 17:18:36.142,0.93022,0.93044,1.73,2.93
2013.01.23 17:18:36.440,0.93017,0.93043,1.35,2.55
2013.01.23 17:19:05.192,0.93016,0.93044,2.10,2.10
2013.01.23 17:19:05.801,0.9301,0.93044,2.33,2.10
2013.01.23 17:19:05.861,0.9301,0.93041,2.33,2.18
2013.01.23 17:19:07.722,0.9301,0.93039,2.33,1.80
2013.01.23 17:19:12.123,0.9301,0.93034,2.10,2.40
2013.01.23 17:19:12.241,0.93006,0.93034,1.35,2.40
2013.01.23 17:19:12.460,0.93006,0.93036,1.13,2.03
2013.01.23 17:19:17.461,0.93009,0.93036,2.48,2.03
2013.01.23 17:19:18.837,0.93009,0.9303,2.48,2.63
2013.01.23 17:19:19.020,0.93004,0.9303,1.13,2.63
2013.01.23 17:19:19.162,0.93004,0.93036,1.13,1.73
2013.01.23 17:19:19.223,0.93007,0.93036,2.48,1.73
2013.01.23 17:19:30.227,0.93011,0.93036,2.10,1.73
2013.01.23 17:19:30.410,0.93011,0.93038,2.10,2.93
2013.01.23 17:19:32.950,0.93011,0.93039,2.33,2.10
2013.01.23 17:19:36.057,0.93013,0.93039,2.10,2.10
2013.01.23 17:19:46.650,0.93011,0.93039,1.95,2.10
2013.01.23 17:19:47.232,0.93011,0.9304,1.20,2.78
2013.01.23 17:19:47.320,0.93011,0.93038,1.20,2.70
2013.01.23 17:19:47.441,0.93011,0.93036,1.20,1.65
2013.01.23 17:19:48.094,0.93011,0.93037,1.20,2.03
2013.01.23 17:19:50.401,0.93011,0.93036,1.20,2.78
2013.01.23 17:19:50.650,0.93006,0.93034,1.35,1.80
2013.01.23 17:19:53.800,0.93007,0.93034,1.95,1.80
2013.01.23 17:19:55.871,0.93007,0.93034,1.58,1.80
2013.01.23 17:19:57.680,0.93007,0.93042,2.70,2.93
2013.01.23 17:19:57.740,0.93018,0.93042,2.10,2.93
2013.01.23 17:19:57.981,0.9301,0.93039,2.10,2.25
2013.01.23 17:19:58.104,0.9301,0.93039,2.10,1.50
2013.01.23 17:19:58.171,0.93016,0.93039,2.10,1.50
2013.01.23 17:19:58.538,0.93016,0.93039,2.10,1.50
2013.01.23 17:19:58.661,0.93008,0.93038,2.33,1.73
2013.01.23 17:20:00.442,0.93008,0.93036,2.33,2.85
2013.01.23 17:20:00.500,0.93001,0.93036,1.35,2.85
2013.01.23 17:20:01.083,0.93001,0.93036,1.35,2.40
2013.01.23 17:20:01.261,0.93001,0.93036,1.35,2.40
2013.01.23 17:20:03.474,0.93001,0.93036,1.35,2.40
2013.01.23 17:20:04.131,0.93004,0.93036,1.35,2.40
2013.01.23 17:20:04.447,0.93001,0.93036,1.35,2.40
2013.01.23 17:20:08.890,0.93002,0.93032,1.35,2.18
2013.01.23 17:20:09.210,0.93002,0.93035,1.13,2.48
2013.01.23 17:20:16.304,0.93003,0.93035,1.35,2.25
2013.01.23 17:20:16.643,0.93003,0.93031,1.13,2.48
2013.01.23 17:20:16.920,0.93002,0.93031,1.13,2.48
2013.01.23 17:20:18.480,0.93002,0.93033,1.13,1.95
2013.01.23 17:20:18.601,0.92998,0.93031,1.58,2.25
2013.01.23 17:20:20.981,0.92999,0.93033,1.35,1.80
2013.01.23 17:20:21.040,0.93003,0.93033,1.13,1.58
2013.01.23 17:20:21.646,0.93003,0.93034,1.13,2.18
2013.01.23 17:20:21.974,0.93003,0.93031,1.13,2.18
2013.01.23 17:20:22.407,0.93003,0.93033,1.13,1.88
2013.01.23 17:20:23.116,0.92998,0.93032,2.33,1.95
2013.01.23 17:20:24.161,0.92998,0.93031,1.58,1.58
2013.01.23 17:20:27.267,0.92998,0.93031,1.20,1.58
2013.01.23 17:20:28.347,0.92998,0.93034,1.95,1.95
2013.01.23 17:20:28.577,0.92999,0.93032,1.35,1.73
2013.01.23 17:20:28.733,0.92998,0.93032,1.20,1.73
2013.01.23 17:20:44.638,0.92996,0.93028,1.95,1.73
2013.01.23 17:20:52.712,0.92998,0.93032,1.20,1.73
2013.01.23 17:20:55.522,0.92998,0.93032,1.20,1.95
2013.01.23 17:20:55.600,0.92998,0.93032,1.20,1.73
2013.01.23 17:20:58.151,0.92998,0.93029,1.20,1.50
2013.01.23 17:20:58.971,0.92998,0.93029,1.20,1.50
2013.01.23 17:20:59.280,0.92992,0.93025,1.73,1.50
2013.01.23 17:20:59.340,0.92992,0.93025,1.35,1.50
2013.01.23 17:20:59.699,0.92991,0.93022,1.35,2.93
2013.01.23 17:20:59.761,0.92991,0.93022,1.35,2.93
2013.01.23 17:20:59.964,0.92991,0.93022,1.35,2.93
2013.01.23 17:21:00.081,0.92992,0.93025,1.35,1.73
2013.01.23 17:21:00.321,0.92992,0.93023,1.35,1.50
2013.01.23 17:21:00.498,0.9299,0.93023,1.35,2.55
2013.01.23 17:21:04.490,0.92992,0.93026,1.35,1.35
2013.01.23 17:21:04.551,0.92994,0.93028,1.58,2.40
2013.01.23 17:21:05.021,0.92987,0.9302,1.73,1.80
2013.01.23 17:21:07.231,0.92991,0.93022,1.13,1.35
2013.01.23 17:21:07.421,0.92993,0.9302,1.58,2.63
2013.01.23 17:21:08.101,0.92991,0.9302,1.13,2.63
2013.01.23 17:21:16.221,0.92992,0.93021,1.13,2.70
2013.01.23 17:21:17.624,0.92988,0.93021,1.35,2.70
2013.01.23 17:21:23.761,0.92991,0.93024,1.35,2.63
2013.01.23 17:21:23.821,0.92991,0.93024,1.58,2.40
2013.01.23 17:21:37.631,0.92991,0.93023,1.20,1.50
2013.01.23 17:21:38.435,0.92991,0.93024,1.20,2.40
2013.01.23 17:21:39.686,0.92992,0.93024,1.35,2.40
2013.01.23 17:21:40.001,0.92997,0.93027,1.58,2.78
2013.01.23 17:21:40.717,0.92997,0.93028,1.58,2.18
2013.01.23 17:21:41.470,0.93,0.93028,1.20,2.18
2013.01.23 17:21:41.531,0.93004,0.9303,1.20,1.13
2013.01.23 17:21:42.722,0.93,0.93028,1.20,2.93
2013.01.23 17:21:42.910,0.92996,0.93028,1.35,2.93
2013.01.23 17:21:43.042,0.92995,0.93028,2.10,2.93
2013.01.23 17:21:43.583,0.92994,0.93025,1.58,2.55
2013.01.23 17:21:44.679,0.92994,0.93023,1.58,1.58
2013.01.23 17:21:44.740,0.92992,0.93023,1.95,1.58
2013.01.23 17:21:44.801,0.92992,0.93021,1.35,1.65
2013.01.23 17:21:44.961,0.92992,0.9302,1.13,1.50
2013.01.23 17:21:46.229,0.92992,0.93021,1.13,2.18
2013.01.23 17:21:47.460,0.92995,0.93025,2.10,2.85
2013.01.23 17:21:47.641,0.92991,0.93025,2.33,2.63
2013.01.23 17:21:47.701,0.92991,0.9302,2.33,2.25
2013.01.23 17:21:47.886,0.92991,0.9302,1.73,2.25
2013.01.23 17:21:48.155,0.92991,0.9302,1.95,2.25
2013.01.23 17:21:48.291,0.92991,0.9302,1.95,2.25
2013.01.23 17:21:48.351,0.92991,0.93022,1.95,2.25
2013.01.23 17:21:48.423,0.92991,0.93024,1.95,1.80
2013.01.23 17:21:54.284,0.92989,0.93024,1.95,2.55
2013.01.23 17:21:54.511,0.92989,0.93021,1.20,1.50
2013.01.23 17:21:55.392,0.92991,0.93021,1.58,1.50
2013.01.23 17:21:56.017,0.92991,0.93023,1.58,2.93
2013.01.23 17:21:56.361,0.92991,0.93021,1.58,1.73
2013.01.23 17:22:10.652,0.92991,0.93023,1.58,2.18
2013.01.23 17:22:19.643,0.9299,0.93023,1.58,2.18
2013.01.23 17:22:33.323,0.92991,0.93021,1.73,2.70
2013.01.23 17:22:33.621,0.92991,0.93023,1.73,2.55
2013.01.23 17:22:34.200,0.92991,0.93024,1.73,2.40
2013.01.23 17:22:48.211,0.92989,0.93021,1.20,2.33
2013.01.23 17:22:48.651,0.9299,0.93021,1.35,2.33
2013.01.23 17:22:48.771,0.92991,0.93024,1.35,1.95
2013.01.23 17:22:53.210,0.92991,0.93024,1.35,1.73
2013.01.23 17:22:53.535,0.92991,0.93023,1.58,1.65
2013.01.23 17:23:00.485,0.92992,0.93025,1.50,1.88
2013.01.23 17:23:03.012,0.92992,0.93025,2.10,1.88
2013.01.23 17:23:03.122,0.92992,0.93027,2.10,2.78
2013.01.23 17:23:03.451,0.92992,0.93023,1.88,2.10
2013.01.23 17:23:14.060,0.92992,0.93019,1.13,2.18
2013.01.23 17:23:14.501,0.92992,0.93023,2.48,2.40
2013.01.23 17:23:17.231,0.92996,0.93027,1.35,2.10
2013.01.23 17:23:17.691,0.92994,0.93024,1.20,2.33
2013.01.23 17:23:17.756,0.92992,0.93024,1.50,2.33
2013.01.23 17:23:17.828,0.92992,0.93024,1.13,2.33
2013.01.23 17:23:24.619,0.92991,0.93024,2.33,2.33
2013.01.23 17:23:25.209,0.92994,0.93025,1.50,2.55
2013.01.23 17:23:30.462,0.92992,0.93024,1.50,2.78
2013.01.23 17:24:06.078,0.92993,0.93024,1.35,2.78
2013.01.23 17:24:06.322,0.92997,0.93028,1.35,2.48
2013.01.23 17:24:06.442,0.92992,0.93025,3.60,2.40
2013.01.23 17:24:06.561,0.92992,0.93025,1.50,2.40
2013.01.23 17:24:17.932,0.92991,0.93021,1.35,1.80
2013.01.23 17:24:18.418,0.92991,0.93021,1.35,1.80
2013.01.23 17:24:18.904,0.92991,0.93021,1.35,1.80
2013.01.23 17:24:19.572,0.92989,0.93021,1.35,1.80
2013.01.23 17:24:27.651,0.92988,0.93021,1.35,1.80
2013.01.23 17:24:32.888,0.92987,0.93018,2.48,2.55
2013.01.23 17:24:54.462,0.92986,0.93017,1.95,2.18
2013.01.23 17:24:59.961,0.92987,0.93019,1.73,2.10
2013.01.23 17:25:01.377,0.92988,0.93021,1.35,1.65
2013.01.23 17:25:01.441,0.92989,0.93021,1.58,1.65
2013.01.23 17:25:03.173,0.9299,0.93021,1.50,2.48
2013.01.23 17:25:03.776,0.92988,0.93021,1.73,2.33
2013.01.23 17:25:04.090,0.92986,0.93018,2.48,1.35
2013.01.23 17:25:04.557,0.92986,0.93017,2.48,2.63
2013.01.23 17:25:08.638,0.92986,0.93016,3.23,2.10
2013.01.23 17:25:12.377,0.92986,0.93017,3.23,2.10
2013.01.23 17:25:17.177,0.9299,0.93017,1.35,2.10
2013.01.23 17:25:17.732,0.92986,0.93017,3.98,2.10
2013.01.23 17:25:28.876,0.92986,0.93016,3.23,1.65
2013.01.23 17:25:36.902,0.92987,0.93017,1.35,2.03
2013.01.23 17:25:37.171,0.9299,0.93021,2.48,2.48
2013.01.23 17:25:38.453,0.9299,0.93018,1.73,1.50
2013.01.23 17:25:38.712,0.92988,0.93018,1.73,1.50
2013.01.23 17:25:39.330,0.9299,0.93018,1.73,1.50
2013.01.23 17:25:39.491,0.92993,0.93018,2.48,1.50
2013.01.23 17:25:39.981,0.9299,0.93018,1.35,1.50
2013.01.23 17:25:40.041,0.92989,0.93018,1.35,1.50
2013.01.23 17:25:40.472,0.92987,0.93012,1.13,1.50
2013.01.23 17:25:40.981,0.92987,0.93012,2.48,1.50
2013.01.23 17:25:46.201,0.92986,0.93012,1.35,1.50
2013.01.23 17:25:46.774,0.92987,0.93013,1.73,1.50
2013.01.23 17:25:50.716,0.92988,0.93014,2.48,1.73
2013.01.23 17:25:51.112,0.92991,0.93018,1.35,1.73
2013.01.23 17:25:52.962,0.92991,0.93021,1.35,2.78
2013.01.23 17:25:53.902,0.92991,0.93021,1.35,2.78
2013.01.23 17:25:56.461,0.92993,0.93021,2.10,2.78
2013.01.23 17:25:56.521,0.92997,0.93029,1.35,2.38
2013.01.23 17:25:56.953,0.92993,0.93026,1.13,1.80
2013.01.23 17:25:58.173,0.92991,0.93026,2.10,1.80
2013.01.23 17:26:04.451,0.92991,0.93021,1.35,2.70
2013.01.23 17:26:07.321,0.92991,0.93026,2.10,2.25
2013.01.23 17:26:08.661,0.92993,0.93026,1.13,2.25
2013.01.23 17:26:09.558,0.92995,0.93026,1.13,2.25
2013.01.23 17:26:09.742,0.92995,0.93028,1.88,2.25
2013.01.23 17:26:09.997,0.92995,0.93028,1.13,2.03
2013.01.23 17:26:12.320,0.92995,0.93028,1.88,2.03
2013.01.23 17:26:12.963,0.92995,0.93028,1.13,2.78
2013.01.23 17:26:14.633,0.92995,0.93028,1.88,2.03
2013.01.23 17:26:15.383,0.92995,0.93028,1.13,2.25
2013.01.23 17:26:19.832,0.92995,0.93028,1.88,2.03
2013.01.23 17:26:22.496,0.92995,0.93028,1.88,2.03
2013.01.23 17:26:23.851,0.92997,0.93031,1.50,2.63
2013.01.23 17:26:29.072,0.93001,0.93031,1.13,2.63
2013.01.23 17:26:31.941,0.92997,0.93028,1.50,1.65
2013.01.23 17:26:32.370,0.92996,0.93026,1.50,2.03
2013.01.23 17:26:34.903,0.92994,0.93024,2.10,2.03
2013.01.23 17:26:43.982,0.92997,0.93027,1.35,2.18
2013.01.23 17:26:44.102,0.92997,0.93027,1.35,3.08
2013.01.23 17:26:46.892,0.92999,0.93028,1.35,1.73
2013.01.23 17:26:47.435,0.93,0.93028,1.35,1.50
2013.01.23 17:26:51.401,0.92996,0.93028,2.10,1.50
2013.01.23 17:27:02.952,0.92998,0.93032,1.13,2.93
2013.01.23 17:27:04.171,0.92998,0.9303,1.13,2.55
2013.01.23 17:27:06.924,0.93,0.9303,1.50,2.55
2013.01.23 17:27:07.575,0.92998,0.9303,1.13,2.55
2013.01.23 17:27:16.263,0.92998,0.93032,1.13,1.58
2013.01.23 17:27:19.232,0.92996,0.9303,2.48,2.40
2013.01.23 17:27:19.572,0.92996,0.9303,2.10,2.40
2013.01.23 17:27:19.801,0.92996,0.93026,1.35,1.80
2013.01.23 17:27:20.415,0.92996,0.93027,1.35,2.70
2013.01.23 17:27:21.712,0.92993,0.93026,1.13,1.35
2013.01.23 17:27:21.771,0.92992,0.93024,1.13,2.40
2013.01.23 17:27:22.522,0.92992,0.93023,1.13,2.33
2013.01.23 17:27:25.732,0.92989,0.93021,1.35,2.33
2013.01.23 17:27:36.063,0.92989,0.93021,1.73,2.03
2013.01.23 17:27:38.802,0.92991,0.93021,1.13,1.80
2013.01.23 17:27:42.949,0.92991,0.93021,1.13,1.80
2013.01.23 17:27:43.071,0.92991,0.93023,1.88,2.40
2013.01.23 17:27:43.883,0.92991,0.93023,1.13,2.40
2013.01.23 17:27:44.682,0.92991,0.93023,1.88,2.40
2013.01.23 17:27:45.205,0.92991,0.93023,1.88,2.40
2013.01.23 17:27:45.831,0.92987,0.9302,1.95,1.73
2013.01.23 17:27:46.345,0.92991,0.93021,1.13,2.78
2013.01.23 17:27:52.525,0.92991,0.93023,1.88,1.73
2013.01.23 17:27:55.352,0.92991,0.93023,1.13,2.40
2013.01.23 17:27:55.426,0.92993,0.93025,1.13,2.10
2013.01.23 17:28:01.161,0.9299,0.93024,1.73,1.73
2013.01.23 17:28:17.071,0.92992,0.93024,1.35,1.73
2013.01.23 17:28:20.903,0.92992,0.93026,1.35,1.88
2013.01.23 17:28:28.802,0.92991,0.93019,1.13,1.50
2013.01.23 17:28:28.938,0.9299,0.93021,1.13,1.58
2013.01.23 17:28:30.082,0.92991,0.93028,1.13,2.18
2013.01.23 17:28:41.811,0.9299,0.93024,1.95,1.50
2013.01.23 17:28:42.905,0.92992,0.93028,1.73,1.50
2013.01.23 17:28:48.624,0.92996,0.93028,1.13,1.50
2013.01.23 17:28:50.022,0.92994,0.93024,1.13,1.73
2013.01.23 17:29:04.802,0.92994,0.93023,1.13,1.50
2013.01.23 17:29:08.601,0.92992,0.93023,1.73,1.73
2013.01.23 17:29:12.493,0.92994,0.93023,1.13,1.73
2013.01.23 17:29:14.513,0.92994,0.93019,1.13,1.73
2013.01.23 17:29:15.394,0.92991,0.93024,1.73,3.90
2013.01.23 17:29:16.052,0.92992,0.93023,1.13,1.73
2013.01.23 17:29:16.351,0.92994,0.93023,1.13,1.73
2013.01.23 17:29:16.471,0.92994,0.93023,1.13,1.50
2013.01.23 17:29:16.563,0.92994,0.93023,1.13,1.50
2013.01.23 17:29:41.003,0.92993,0.93024,1.13,1.73
2013.01.23 17:29:41.261,0.92994,0.93024,1.35,1.73
2013.01.23 17:29:43.181,0.92994,0.93024,1.35,1.73
2013.01.23 17:29:44.472,0.92991,0.93024,1.35,1.73
2013.01.23 17:29:44.531,0.92991,0.93024,1.35,1.73
2013.01.23 17:29:45.965,0.92991,0.93019,1.35,1.73
2013.01.23 17:29:55.012,0.92991,0.93018,1.35,1.50
2013.01.23 17:30:00.902,0.92991,0.93016,1.35,1.50
2013.01.23 17:30:02.658,0.92988,0.93018,1.13,1.73
2013.01.23 17:30:03.321,0.92989,0.93018,1.35,1.73
2013.01.23 17:30:04.017,0.92989,0.93016,1.35,1.73
2013.01.23 17:30:04.778,0.92989,0.93019,1.35,1.73
2013.01.23 17:30:05.082,0.92991,0.93019,1.13,1.50
2013.01.23 17:30:05.431,0.92996,0.93021,1.13,1.50
2013.01.23 17:30:05.632,0.92996,0.93027,1.88,1.73
2013.01.23 17:30:06.172,0.92995,0.93027,1.95,1.13
2013.01.23 17:30:20.143,0.92999,0.93033,1.13,1.58
2013.01.23 17:30:23.332,0.93001,0.93034,1.35,1.50
2013.01.23 17:30:23.581,0.93001,0.93034,1.35,1.50
2013.01.23 17:30:23.702,0.93001,0.93034,1.35,1.50
2013.01.23 17:30:25.241,0.93001,0.93033,1.73,1.50
2013.01.23 17:30:27.052,0.93001,0.93033,1.73,1.50
2013.01.23 17:30:27.621,0.93004,0.93033,1.13,1.50
2013.01.23 17:30:37.528,0.93004,0.93033,1.13,1.50
2013.01.23 17:30:42.473,0.93006,0.93037,1.73,1.35
2013.01.23 17:30:43.792,0.93006,0.93037,1.73,1.35
2013.01.23 17:30:43.911,0.93009,0.9304,1.35,2.33
2013.01.23 17:30:43.971,0.93011,0.9304,1.35,1.35
2013.01.23 17:30:56.903,0.93015,0.93044,1.35,1.73
2013.01.23 17:31:09.641,0.93016,0.93047,1.35,1.95
2013.01.23 17:31:09.701,0.93019,0.9305,2.48,2.48
2013.01.23 17:31:09.765,0.93023,0.9305,1.35,1.35
2013.01.23 17:31:10.031,0.93017,0.93047,1.50,1.73
2013.01.23 17:31:10.272,0.93021,0.9305,1.35,1.13
2013.01.23 17:31:11.182,0.93021,0.9305,1.35,1.13
2013.01.23 17:31:12.772,0.93022,0.9305,1.50,1.13
2013.01.23 17:31:32.242,0.9302,0.93048,1.13,1.35
2013.01.23 17:31:34.502,0.93019,0.93049,1.35,1.35
2013.01.23 17:31:35.036,0.93022,0.93051,1.35,1.35
2013.01.23 17:31:35.383,0.93022,0.93051,2.10,1.35
2013.01.23 17:31:39.460,0.93026,0.93056,1.50,1.35
2013.01.23 17:31:49.153,0.9303,0.93063,1.35,2.10
2013.01.23 17:31:57.143,0.93029,0.93062,1.35,1.35
2013.01.23 17:32:13.965,0.93024,0.93058,1.58,1.50
2013.01.23 17:32:14.144,0.93021,0.93057,1.13,1.58
2013.01.23 17:32:14.600,0.93021,0.93056,1.13,1.35
2013.01.23 17:32:17.873,0.93023,0.93056,1.58,2.25
2013.01.23 17:32:18.474,0.93019,0.93055,1.58,1.35
2013.01.23 17:32:19.068,0.93019,0.93055,1.58,1.35
2013.01.23 17:32:23.173,0.93019,0.93054,1.58,1.50
2013.01.23 17:32:23.361,0.93019,0.93054,1.35,1.73
2013.01.23 17:32:28.014,0.93022,0.93055,1.73,1.13
2013.01.23 17:32:29.233,0.93018,0.93055,1.58,1.13
2013.01.23 17:32:29.301,0.93018,0.93055,1.58,1.13
2013.01.23 17:32:30.675,0.9302,0.93055,1.95,1.13
2013.01.23 17:32:30.893,0.93021,0.93056,1.73,1.13
2013.01.23 17:32:32.048,0.93022,0.93055,1.73,1.13
2013.01.23 17:32:32.818,0.93027,0.93059,1.35,1.13
2013.01.23 17:32:32.874,0.93035,0.93064,1.35,1.73
2013.01.23 17:32:32.933,0.93034,0.93064,1.35,1.73
2013.01.23 17:32:33.053,0.9303,0.93064,1.35,1.50
2013.01.23 17:32:33.587,0.9303,0.93064,1.13,1.73
2013.01.23 17:32:35.549,0.93032,0.93064,1.13,1.73
2013.01.23 17:32:35.663,0.9303,0.93064,1.35,1.50
2013.01.23 17:32:36.235,0.9303,0.93064,1.13,1.73
2013.01.23 17:32:36.494,0.9303,0.93065,1.13,1.58
2013.01.23 17:32:38.318,0.9303,0.93065,1.13,1.58
2013.01.23 17:32:38.850,0.93034,0.93066,1.35,1.35
2013.01.23 17:32:39.424,0.9303,0.93064,1.73,1.58
2013.01.23 17:32:43.523,0.93034,0.93066,1.35,1.35
2013.01.23 17:32:43.705,0.93034,0.93069,1.35,3.68
2013.01.23 17:32:45.483,0.93034,0.93069,1.73,1.73
2013.01.23 17:32:45.546,0.93034,0.93069,1.73,1.73
2013.01.23 17:32:45.915,0.93031,0.93069,1.50,1.73
2013.01.23 17:32:45.973,0.9303,0.93062,1.13,2.10
2013.01.23 17:32:46.357,0.9303,0.93058,1.13,1.58
2013.01.23 17:32:47.013,0.93024,0.93058,1.73,1.58
2013.01.23 17:32:47.526,0.93024,0.93058,1.35,1.58
2013.01.23 17:32:47.683,0.93027,0.93058,1.50,1.58
2013.01.23 17:32:48.013,0.93024,0.93058,1.95,1.35
2013.01.23 17:32:49.303,0.93022,0.93054,1.35,2.48
2013.01.23 17:32:49.363,0.93022,0.93051,1.35,1.13
2013.01.23 17:32:50.857,0.93022,0.93051,1.35,1.13
2013.01.23 17:32:55.145,0.93021,0.93051,1.35,1.35
2013.01.23 17:32:56.283,0.93022,0.93051,1.35,1.35
2013.01.23 17:32:57.007,0.93021,0.93051,1.35,1.35
2013.01.23 17:32:57.135,0.93023,0.93051,1.35,1.35
2013.01.23 17:32:57.253,0.93025,0.93051,1.35,1.35
2013.01.23 17:32:58.094,0.93025,0.93059,1.35,1.73
2013.01.23 17:32:58.984,0.93026,0.9306,1.50,3.98
2013.01.23 17:32:59.093,0.93025,0.9306,1.35,3.98
2013.01.23 17:32:59.154,0.93026,0.9306,1.35,3.15
2013.01.23 17:32:59.754,0.93028,0.9306,1.35,2.48
2013.01.23 17:33:01.244,0.93029,0.9306,1.13,2.25
2013.01.23 17:33:01.468,0.93028,0.9306,1.35,2.48
2013.01.23 17:33:04.020,0.93025,0.93054,1.35,1.35
2013.01.23 17:33:06.812,0.93025,0.93051,1.35,1.13
2013.01.23 17:33:08.273,0.93028,0.93064,1.58,1.73
2013.01.23 17:33:08.393,0.93028,0.93064,1.58,1.73
2013.01.23 17:33:08.694,0.93027,0.93059,1.13,1.73
2013.01.23 17:33:12.975,0.93027,0.93059,1.35,1.50
2013.01.23 17:33:13.444,0.93027,0.93059,1.35,1.50
2013.01.23 17:33:16.094,0.93027,0.93058,1.35,1.50
2013.01.23 17:33:16.274,0.93027,0.93058,1.35,1.50
2013.01.23 17:33:17.303,0.9303,0.93064,1.58,1.73
2013.01.23 17:33:17.424,0.9303,0.93064,1.58,1.50
2013.01.23 17:33:17.944,0.9303,0.93064,1.58,1.50
2013.01.23 17:33:18.362,0.9303,0.93064,1.58,2.40
2013.01.23 17:33:33.264,0.93027,0.93061,1.50,2.78
2013.01.23 17:33:34.593,0.93029,0.93058,2.85,1.50
2013.01.23 17:33:34.653,0.93033,0.93062,1.58,1.13
2013.01.23 17:33:34.773,0.93034,0.93062,1.35,1.13
2013.01.23 17:33:34.904,0.93027,0.93062,1.73,1.35
2013.01.23 17:33:35.024,0.93025,0.93059,1.58,1.50
2013.01.23 17:33:35.536,0.93026,0.93062,1.73,1.35
2013.01.23 17:33:37.123,0.93025,0.93059,1.58,1.50
2013.01.23 17:33:38.170,0.93026,0.93059,1.58,1.50
2013.01.23 17:33:38.234,0.93024,0.93059,1.95,1.50
2013.01.23 17:33:38.375,0.93024,0.93059,1.95,1.73
2013.01.23 17:33:38.983,0.93024,0.93059,1.95,1.35
2013.01.23 17:33:39.300,0.93025,0.93059,1.58,1.88
2013.01.23 17:33:39.424,0.93025,0.93059,1.35,2.10
2013.01.23 17:33:39.703,0.93026,0.93059,2.85,1.35
2013.01.23 17:33:39.763,0.9303,0.93059,1.35,1.35
2013.01.23 17:33:40.414,0.93028,0.93059,1.35,1.13
2013.01.23 17:33:41.954,0.93028,0.93059,1.35,1.13
2013.01.23 17:33:51.169,0.93026,0.93059,1.35,2.70
2013.01.23 17:33:51.224,0.93024,0.93055,1.35,1.35
2013.01.23 17:33:52.680,0.93022,0.93054,1.13,1.13
2013.01.23 17:33:56.478,0.93015,0.93043,1.66,1.35
2013.01.23 17:33:56.544,0.93009,0.93043,1.95,1.73
2013.01.23 17:33:56.604,0.9301,0.93043,2.70,1.73
2013.01.23 17:33:57.113,0.9301,0.93047,1.58,1.58
2013.01.23 17:33:58.954,0.93015,0.93048,1.35,1.35
2013.01.23 17:33:59.014,0.93017,0.93048,1.35,1.35
2013.01.23 17:33:59.134,0.93017,0.93048,1.58,1.13
2013.01.23 17:33:59.493,0.93012,0.93047,1.73,1.58
2013.01.23 17:34:00.775,0.93017,0.93048,1.35,1.35
2013.01.23 17:34:05.065,0.93021,0.93048,1.35,1.13
2013.01.23 17:34:05.485,0.93021,0.93048,1.58,1.13
2013.01.23 17:34:05.954,0.9302,0.93048,1.58,1.13
2013.01.23 17:34:08.332,0.9302,0.93048,1.35,1.13
2013.01.23 17:34:22.800,0.93021,0.93056,2.33,1.13
2013.01.23 17:34:25.375,0.93028,0.93058,1.35,1.13
2013.01.23 17:34:25.705,0.93025,0.93055,1.20,2.40
2013.01.23 17:34:25.764,0.93022,0.93052,1.13,1.35
2013.01.23 17:34:25.824,0.93021,0.93052,1.73,1.73
2013.01.23 17:34:26.149,0.93021,0.93052,1.50,1.95
2013.01.23 17:34:27.689,0.93018,0.93051,1.20,2.55
2013.01.23 17:34:27.863,0.93016,0.9305,1.50,1.73
2013.01.23 17:34:32.454,0.93012,0.93046,1.13,1.58
2013.01.23 17:34:36.929,0.93012,0.93044,1.13,1.73
2013.01.23 17:34:37.150,0.93012,0.93044,1.13,2.10
2013.01.23 17:34:37.365,0.93015,0.93044,1.35,1.73
2013.01.23 17:34:37.424,0.93014,0.93048,1.35,1.73
2013.01.23 17:34:37.934,0.93012,0.93048,1.13,2.33
2013.01.23 17:34:39.294,0.93012,0.9304,1.13,1.58
2013.01.23 17:34:39.354,0.9301,0.9304,1.13,1.58
2013.01.23 17:34:40.891,0.93012,0.9304,1.13,1.58
2013.01.23 17:34:42.425,0.9301,0.93044,1.35,1.73
2013.01.23 17:34:42.543,0.93008,0.93034,1.35,1.13
2013.01.23 17:34:42.663,0.93012,0.93042,1.13,1.58
2013.01.23 17:34:43.681,0.93008,0.93044,1.95,3.15
2013.01.23 17:34:45.144,0.93008,0.93034,1.13,1.35
2013.01.23 17:34:45.644,0.9301,0.93041,1.13,1.58
2013.01.23 17:34:46.734,0.93008,0.93038,1.13,1.73
2013.01.23 17:34:52.655,0.9301,0.93041,1.13,1.58
2013.01.23 17:34:54.554,0.93009,0.93041,1.13,1.58
2013.01.23 17:34:57.413,0.9301,0.93041,1.13,1.58
2013.01.23 17:34:57.977,0.93007,0.93043,2.33,1.88
2013.01.23 17:34:58.984,0.93007,0.93043,1.35,1.73
2013.01.23 17:34:59.534,0.93006,0.93043,2.33,1.73
2013.01.23 17:35:02.815,0.93006,0.93042,1.50,1.95
2013.01.23 17:35:17.783,0.93002,0.93038,1.13,1.58
2013.01.23 17:35:18.014,0.93003,0.93039,1.58,2.33
2013.01.23 17:35:18.674,0.93003,0.93037,1.20,2.48
2013.01.23 17:35:18.733,0.93002,0.93034,2.33,1.50
2013.01.23 17:35:18.793,0.93002,0.93034,2.33,1.88
2013.01.23 17:35:18.854,0.93003,0.93034,1.35,1.88
2013.01.23 17:35:19.385,0.9301,0.93034,1.35,1.50
2013.01.23 17:35:21.684,0.93003,0.93034,1.58,2.48
2013.01.23 17:35:21.810,0.93002,0.93032,1.95,1.35
2013.01.23 17:35:28.958,0.93,0.93032,1.35,1.58
2013.01.23 17:35:34.013,0.92997,0.93029,1.58,1.35
2013.01.23 17:35:36.223,0.92996,0.93028,1.35,1.35
2013.01.23 17:35:36.985,0.92996,0.93028,1.13,1.58
2013.01.23 17:35:39.185,0.92993,0.93028,1.95,2.63
2013.01.23 17:35:39.411,0.92996,0.93025,1.13,1.35
2013.01.23 17:35:39.629,0.92993,0.93028,1.73,2.55
2013.01.23 17:35:41.994,0.92996,0.93022,1.13,1.35
2013.01.23 17:35:43.148,0.92994,0.93027,1.95,2.55
2013.01.23 17:35:43.824,0.92993,0.93023,1.35,1.58
2013.01.23 17:35:44.253,0.92994,0.93025,1.35,1.35
2013.01.23 17:35:44.493,0.92992,0.93023,2.10,1.35
2013.01.23 17:35:44.613,0.92992,0.93023,1.88,1.58
2013.01.23 17:35:47.244,0.92993,0.93023,1.35,1.58
2013.01.23 17:35:48.213,0.92994,0.93024,1.35,1.35
2013.01.23 17:35:50.743,0.92991,0.93023,1.58,1.35
2013.01.23 17:35:51.283,0.92992,0.93023,1.58,1.35
2013.01.23 17:35:51.403,0.92992,0.93023,1.35,1.58
2013.01.23 17:35:51.685,0.92992,0.93024,1.73,1.58
2013.01.23 17:35:51.894,0.92992,0.93024,1.73,1.95
2013.01.23 17:35:53.514,0.92992,0.93024,1.95,1.35
2013.01.23 17:36:05.104,0.92994,0.93024,1.35,2.10
2013.01.23 17:36:05.166,0.92996,0.93024,1.35,1.35
2013.01.23 17:36:05.763,0.92995,0.93025,1.35,1.73
2013.01.23 17:36:06.475,0.92992,0.93021,1.35,1.35
2013.01.23 17:36:08.774,0.92992,0.93021,1.35,1.35
2013.01.23 17:36:09.884,0.92993,0.93016,1.35,1.50
2013.01.23 17:36:10.064,0.92985,0.93014,1.13,1.88
2013.01.23 17:36:10.190,0.92987,0.93014,2.10,1.13
2013.01.23 17:36:10.254,0.92991,0.93019,1.35,1.73
2013.01.23 17:36:10.544,0.92987,0.93019,1.13,1.73
2013.01.23 17:36:10.664,0.92986,0.9302,2.48,1.58
2013.01.23 17:36:10.724,0.9299,0.93022,1.35,1.58
2013.01.23 17:36:11.554,0.92986,0.93018,1.13,1.73
2013.01.23 17:36:12.710,0.92989,0.93022,1.35,2.63
2013.01.23 17:36:12.774,0.9299,0.93022,1.35,1.58
2013.01.23 17:36:12.974,0.92987,0.93021,1.35,1.35
2013.01.23 17:36:13.523,0.92986,0.93014,1.13,1.35
2013.01.23 17:36:13.936,0.92985,0.93013,1.13,1.58
2013.01.23 17:36:14.284,0.92986,0.93018,1.13,1.73
2013.01.23 17:36:14.611,0.92983,0.93018,3.15,1.73
2013.01.23 17:36:15.973,0.92992,0.93022,1.35,1.35
2013.01.23 17:36:19.214,0.92988,0.93018,1.58,1.35
2013.01.23 17:36:19.524,0.92986,0.93015,1.13,1.35
2013.01.23 17:36:19.714,0.92984,0.93017,1.35,1.73
2013.01.23 17:36:19.985,0.92992,0.93019,1.35,1.73
2013.01.23 17:36:24.165,0.92987,0.9302,1.35,1.35
2013.01.23 17:36:24.224,0.92987,0.93019,1.35,1.50
2013.01.23 17:36:26.904,0.92989,0.93019,1.35,1.73
2013.01.23 17:36:26.963,0.9299,0.93022,1.35,1.58
2013.01.23 17:36:27.970,0.92984,0.93016,1.58,1.50
2013.01.23 17:36:28.034,0.92984,0.93014,1.35,1.50
2013.01.23 17:36:28.264,0.92983,0.93013,1.95,1.35
2013.01.23 17:36:28.504,0.92985,0.93015,1.35,1.13
2013.01.23 17:36:33.945,0.92982,0.93013,1.95,2.10
2013.01.23 17:36:34.438,0.92982,0.93012,1.73,1.35
2013.01.23 17:36:43.780,0.92982,0.93009,1.73,1.50
2013.01.23 17:36:44.375,0.92982,0.93012,1.73,1.35
2013.01.23 17:36:47.154,0.92984,0.93015,1.35,1.35
2013.01.23 17:36:47.606,0.92985,0.93016,1.35,1.13
2013.01.23 17:36:48.703,0.92988,0.93016,1.35,1.13
2013.01.23 17:36:48.834,0.9299,0.93016,1.35,1.13
2013.01.23 17:36:51.655,0.92991,0.93016,1.35,1.13
2013.01.23 17:36:55.434,0.92994,0.93017,1.35,1.13
2013.01.23 17:36:55.554,0.92997,0.93028,1.13,1.73
2013.01.23 17:36:59.696,0.93001,0.93028,1.35,1.50
2013.01.23 17:37:01.123,0.93,0.93028,1.35,1.50
2013.01.23 17:37:04.094,0.93001,0.93028,1.35,1.50
2013.01.23 17:37:04.775,0.93,0.93028,2.85,1.50
2013.01.23 17:37:16.635,0.93001,0.93033,1.35,2.70
2013.01.23 17:37:22.132,0.93,0.93031,1.35,1.58
2013.01.23 17:37:24.344,0.92999,0.93031,1.35,1.58
2013.01.23 17:37:24.565,0.93,0.93031,1.35,1.58
2013.01.23 17:37:26.043,0.92997,0.93029,2.10,1.58
2013.01.23 17:37:32.866,0.93002,0.93029,1.50,1.35
2013.01.23 17:37:53.124,0.93002,0.93032,2.10,1.58
2013.01.23 17:37:53.375,0.93007,0.93035,1.50,1.13
2013.01.23 17:37:54.147,0.93007,0.93034,1.73,1.35
2013.01.23 17:37:54.265,0.93007,0.93033,1.73,2.10
2013.01.23 17:37:54.385,0.92998,0.93029,1.61,1.35
2013.01.23 17:37:54.564,0.92996,0.93029,1.58,1.35
2013.01.23 17:37:54.804,0.92996,0.93029,1.58,1.58
2013.01.23 17:37:54.983,0.92995,0.93029,1.13,2.33
2013.01.23 17:37:55.045,0.92995,0.93027,1.13,1.58
2013.01.23 17:37:55.304,0.92995,0.93028,1.13,1.35
2013.01.23 17:37:55.754,0.92995,0.93024,1.35,1.50
2013.01.23 17:37:55.925,0.92995,0.93024,1.35,1.50
2013.01.23 17:37:57.294,0.92997,0.93028,1.58,1.13
2013.01.23 17:37:57.564,0.92995,0.93028,1.35,1.73
2013.01.23 17:37:57.875,0.92992,0.93025,1.50,1.35
2013.01.23 17:37:58.284,0.92992,0.93025,1.50,1.58
2013.01.23 17:38:04.846,0.92991,0.93022,1.73,1.50
2013.01.23 17:38:05.703,0.92991,0.93019,1.73,1.50
2013.01.23 17:38:13.095,0.92991,0.93023,1.35,1.88
2013.01.23 17:38:13.453,0.92991,0.93023,1.35,1.88
2013.01.23 17:38:52.562,0.92989,0.9302,1.35,1.35
2013.01.23 17:38:53.444,0.92992,0.93022,1.35,1.95
2013.01.23 17:38:53.982,0.92989,0.93021,1.35,1.58
2013.01.23 17:39:17.974,0.92986,0.93019,1.50,1.35
2013.01.23 17:39:18.215,0.92986,0.93018,1.50,1.35
2013.01.23 17:39:18.306,0.92985,0.93018,1.88,2.85
2013.01.23 17:39:18.816,0.92985,0.93018,1.13,2.85
2013.01.23 17:39:26.004,0.92985,0.93018,1.35,1.50
2013.01.23 17:39:26.446,0.92985,0.93018,1.13,1.73
2013.01.23 17:39:26.564,0.92985,0.93018,1.35,1.50
2013.01.23 17:39:27.065,0.92985,0.93018,1.13,1.73
2013.01.23 17:39:27.126,0.92985,0.93018,1.13,1.73
2013.01.23 17:39:27.264,0.92985,0.93024,1.13,4.65
2013.01.23 17:39:30.676,0.92991,0.93024,1.50,3.53
2013.01.23 17:39:30.797,0.92995,0.93025,1.35,1.13
2013.01.23 17:39:32.803,0.93,0.93032,1.50,1.58
2013.01.23 17:39:32.865,0.93006,0.93033,1.35,1.73
2013.01.23 17:39:32.985,0.93012,0.93035,2.10,2.10
2013.01.23 17:39:33.195,0.93012,0.93041,2.10,2.78
2013.01.23 17:39:33.314,0.93024,0.93042,2.10,1.80
2013.01.23 17:39:33.496,0.93028,0.93047,2.10,2.40
2013.01.23 17:39:33.586,0.93033,0.93047,2.10,1.65
2013.01.23 17:39:33.704,0.93031,0.93047,1.35,2.03
2013.01.23 17:39:33.826,0.93031,0.93049,1.35,1.88
2013.01.23 17:39:34.264,0.93031,0.93052,1.35,2.70
2013.01.23 17:39:34.479,0.93031,0.93058,1.35,2.40
2013.01.23 17:39:34.594,0.93031,0.9306,1.35,2.78
2013.01.23 17:39:34.703,0.93031,0.93064,1.35,1.88
2013.01.23 17:39:34.824,0.93032,0.93067,1.50,2.18
2013.01.23 17:39:34.919,0.93032,0.93067,1.50,2.55
2013.01.23 17:39:35.445,0.93032,0.93068,1.50,4.28
2013.01.23 17:39:35.504,0.93032,0.93068,1.50,2.10
2013.01.23 17:39:36.038,0.93047,0.93073,1.35,2.25
2013.01.23 17:39:36.362,0.93051,0.93072,1.58,2.85
2013.01.23 17:39:36.485,0.93051,0.93082,3.83,1.13
2013.01.23 17:39:36.914,0.93046,0.93082,1.95,1.13
2013.01.23 17:39:37.165,0.93046,0.9308,3.15,1.58
2013.01.23 17:39:37.476,0.93053,0.9308,2.10,1.58
2013.01.23 17:39:37.812,0.93049,0.9308,2.40,1.58
2013.01.23 17:39:38.231,0.93046,0.9308,2.25,1.58
2013.01.23 17:39:38.494,0.93041,0.93079,1.58,1.73
2013.01.23 17:39:38.614,0.93039,0.93077,1.58,1.58
2013.01.23 17:39:38.990,0.93041,0.93077,1.73,1.58
2013.01.23 17:39:39.374,0.93041,0.93077,1.50,1.58
2013.01.23 17:39:42.674,0.93041,0.93077,1.73,1.58
2013.01.23 17:39:42.915,0.93049,0.93079,1.35,1.50
2013.01.23 17:39:43.034,0.93051,0.9308,1.13,1.35
2013.01.23 17:39:43.404,0.93053,0.93083,1.35,1.73
2013.01.23 17:39:43.665,0.93053,0.93083,1.35,1.73
2013.01.23 17:39:45.670,0.93053,0.93084,1.35,1.73
2013.01.23 17:39:45.914,0.93061,0.93088,3.23,1.50
2013.01.23 17:39:46.035,0.93069,0.93088,2.10,1.50
2013.01.23 17:39:46.544,0.93074,0.93099,1.35,1.73
2013.01.23 17:39:46.665,0.93067,0.93096,1.35,1.50
2013.01.23 17:39:46.974,0.93069,0.93103,1.88,1.73
2013.01.23 17:39:47.619,0.93068,0.93099,1.50,1.58
2013.01.23 17:39:47.734,0.93066,0.93099,1.35,2.33
2013.01.23 17:39:48.063,0.93066,0.93093,1.35,1.50
2013.01.23 17:39:49.769,0.93066,0.93093,1.35,1.50
2013.01.23 17:39:50.664,0.93066,0.93093,1.35,1.50
2013.01.23 17:39:50.724,0.93066,0.93091,1.35,1.50
2013.01.23 17:39:50.805,0.93066,0.93087,1.35,1.50
2013.01.23 17:39:51.364,0.93061,0.93084,1.35,1.50
2013.01.23 17:39:51.484,0.9306,0.93083,1.13,1.50
2013.01.23 17:39:51.664,0.93056,0.93083,1.35,1.50
2013.01.23 17:39:51.909,0.93052,0.93078,1.58,1.50
2013.01.23 17:39:52.264,0.93048,0.93078,1.95,1.50
2013.01.23 17:39:53.783,0.93048,0.93082,1.95,3.23
2013.01.23 17:39:57.104,0.93049,0.93078,2.10,1.50
2013.01.23 17:40:01.536,0.93052,0.9308,1.13,1.58
2013.01.23 17:40:01.934,0.93054,0.93083,1.73,1.35
2013.01.23 17:40:02.035,0.93051,0.93083,2.48,3.15
2013.01.23 17:40:02.545,0.9305,0.93082,1.35,3.38
2013.01.23 17:40:09.419,0.93049,0.93078,1.35,1.50
2013.01.23 17:40:14.205,0.93049,0.93078,1.35,1.50
2013.01.23 17:40:15.231,0.93049,0.9308,1.35,1.58
2013.01.23 17:40:27.636,0.93046,0.93077,1.73,1.88
2013.01.23 17:40:27.754,0.93046,0.93074,1.13,1.50
2013.01.23 17:40:32.684,0.93045,0.93078,1.13,2.10
2013.01.23 17:40:32.910,0.93045,0.93078,1.35,3.45
2013.01.23 17:40:36.420,0.93043,0.93073,1.73,1.13
2013.01.23 17:40:39.282,0.93043,0.93078,1.73,1.73
2013.01.23 17:40:39.404,0.93046,0.93079,1.73,2.33
2013.01.23 17:40:39.705,0.93057,0.93083,1.20,3.30
2013.01.23 17:40:39.765,0.93058,0.93083,1.20,1.50
2013.01.23 17:40:39.837,0.93059,0.93084,1.58,1.50
2013.01.23 17:40:39.976,0.9306,0.93085,1.35,1.50
2013.01.23 17:40:40.289,0.9306,0.9309,1.35,1.50
2013.01.23 17:40:40.714,0.9306,0.93091,1.35,1.50
2013.01.23 17:40:42.215,0.9306,0.93091,1.35,1.50
2013.01.23 17:40:42.635,0.9306,0.93091,1.35,1.50
2013.01.23 17:40:43.255,0.9306,0.93091,1.35,1.50
2013.01.23 17:40:44.345,0.9306,0.93091,1.35,1.50
2013.01.23 17:40:45.606,0.9306,0.93091,1.35,1.50
2013.01.23 17:40:45.888,0.9306,0.93087,1.58,1.50
2013.01.23 17:40:47.695,0.93058,0.93087,1.73,1.50
2013.01.23 17:40:50.885,0.93058,0.93087,1.73,1.50
2013.01.23 17:40:51.594,0.93057,0.93081,1.13,1.50
2013.01.23 17:40:52.834,0.93058,0.93084,1.13,1.73
2013.01.23 17:40:55.115,0.93056,0.93082,1.13,1.73
2013.01.23 17:41:07.276,0.93056,0.93082,1.13,1.73
2013.01.23 17:41:07.993,0.93056,0.93082,1.13,1.73
2013.01.23 17:41:08.454,0.93056,0.93084,1.13,1.73
2013.01.23 17:41:08.853,0.93056,0.93084,1.50,1.73
2013.01.23 17:41:09.154,0.93056,0.93084,1.50,1.50
2013.01.23 17:41:09.214,0.93056,0.93082,1.50,1.50
2013.01.23 17:41:09.897,0.93056,0.93082,1.50,1.73
2013.01.23 17:41:11.754,0.93058,0.93085,1.35,1.73
2013.01.23 17:41:13.155,0.93056,0.93081,1.13,1.50
2013.01.23 17:41:15.247,0.93056,0.93083,1.13,1.50
2013.01.23 17:41:16.125,0.93056,0.93081,1.13,1.50
2013.01.23 17:41:16.236,0.93056,0.93083,1.13,1.50
2013.01.23 17:41:16.514,0.93056,0.93081,1.13,1.50
2013.01.23 17:41:17.002,0.93053,0.93078,1.13,1.50
2013.01.23 17:41:18.252,0.93051,0.93078,1.13,1.50
2013.01.23 17:41:19.704,0.9305,0.93075,1.13,1.50
2013.01.23 17:41:20.207,0.93051,0.93075,1.13,1.50
2013.01.23 17:41:23.946,0.93051,0.93079,1.73,1.50
2013.01.23 17:41:24.064,0.93056,0.93079,1.73,1.50
2013.01.23 17:41:24.165,0.93057,0.93084,1.73,1.50
2013.01.23 17:41:24.544,0.93051,0.93081,1.95,1.50
2013.01.23 17:41:24.945,0.93051,0.93081,1.73,1.50
2013.01.23 17:41:25.064,0.93051,0.93081,1.73,1.73
2013.01.23 17:41:25.914,0.93051,0.93081,1.73,1.73
2013.01.23 17:41:28.666,0.93051,0.93081,1.73,1.73
2013.01.23 17:41:32.317,0.93053,0.93081,1.35,1.50
2013.01.23 17:41:32.913,0.93054,0.93078,1.35,1.50
2013.01.23 17:41:33.352,0.93054,0.9308,1.35,1.50
2013.01.23 17:41:34.280,0.93054,0.93079,1.35,1.50
2013.01.23 17:41:34.910,0.93054,0.93079,1.35,1.50
2013.01.23 17:41:43.015,0.93048,0.93078,1.73,1.50
2013.01.23 17:41:43.134,0.93048,0.93075,1.73,1.50
2013.01.23 17:41:43.615,0.93048,0.93075,1.73,1.50
2013.01.23 17:41:47.475,0.93048,0.93073,1.35,1.50
2013.01.23 17:41:53.464,0.93045,0.9307,1.35,1.50
2013.01.23 17:41:58.176,0.93047,0.9307,1.35,1.50
2013.01.23 17:42:00.938,0.93044,0.9307,1.35,1.50
2013.01.23 17:42:04.575,0.93047,0.9307,1.35,1.50
2013.01.23 17:42:06.105,0.93047,0.9307,1.35,1.50
2013.01.23 17:42:08.468,0.93047,0.9307,1.35,1.50
2013.01.23 17:42:09.474,0.93043,0.9307,1.35,1.50
2013.01.23 17:42:10.066,0.93041,0.93069,1.50,1.73
2013.01.23 17:42:10.515,0.93042,0.9307,1.13,2.33
2013.01.23 17:42:13.984,0.93041,0.9307,1.50,1.50
2013.01.23 17:42:14.225,0.93041,0.93066,1.13,1.73
2013.01.23 17:42:19.062,0.93041,0.93066,1.13,1.50
2013.01.23 17:42:22.074,0.93034,0.93065,1.13,1.73
2013.01.23 17:42:27.474,0.93034,0.93065,1.13,1.50
2013.01.23 17:42:27.886,0.93034,0.93065,1.13,1.50
2013.01.23 17:42:28.234,0.93034,0.93061,1.13,1.73
2013.01.23 17:42:28.664,0.93034,0.93058,1.13,1.50
2013.01.23 17:42:28.724,0.93034,0.93058,1.13,1.73
2013.01.23 17:42:33.074,0.93034,0.93058,1.13,1.73
2013.01.23 17:42:33.578,0.93031,0.93062,1.13,1.58
2013.01.23 17:42:35.125,0.9303,0.93058,1.13,1.73
2013.01.23 17:42:36.845,0.9303,0.93056,1.13,1.50
2013.01.23 17:42:36.904,0.93027,0.93053,1.35,1.50
2013.01.23 17:42:39.214,0.93022,0.93053,3.08,1.50
2013.01.23 17:42:39.274,0.93019,0.93053,1.13,2.33
2013.01.23 17:42:39.334,0.93019,0.93053,2.03,1.58
2013.01.23 17:42:39.866,0.93026,0.93054,1.35,1.50
2013.01.23 17:42:40.285,0.93026,0.93054,1.35,1.50
2013.01.23 17:42:41.234,0.93022,0.93054,1.13,2.33
2013.01.23 17:42:41.294,0.93021,0.93054,1.13,2.33
2013.01.23 17:42:42.033,0.9302,0.93048,1.35,1.50
2013.01.23 17:42:42.701,0.93019,0.93048,1.95,1.50
2013.01.23 17:42:43.236,0.93019,0.93048,1.13,1.73
2013.01.23 17:42:48.405,0.93019,0.93048,1.73,1.73
2013.01.23 17:42:49.025,0.9302,0.93049,1.35,1.50
2013.01.23 17:42:50.704,0.93023,0.93054,1.35,1.73
2013.01.23 17:42:50.764,0.93026,0.93054,1.35,1.73
2013.01.23 17:43:00.271,0.93026,0.93053,1.35,1.50
2013.01.23 17:43:00.994,0.93024,0.93053,1.35,2.10
2013.01.23 17:43:02.768,0.93024,0.93053,1.35,2.10
2013.01.23 17:43:03.355,0.93027,0.93053,1.73,1.50
2013.01.23 17:43:08.856,0.9303,0.93059,1.35,1.73
2013.01.23 17:43:08.932,0.9303,0.93059,1.35,1.73
2013.01.23 17:43:10.426,0.93032,0.93059,1.13,1.73
2013.01.23 17:43:10.744,0.93037,0.93065,1.35,1.73
2013.01.23 17:43:10.804,0.93034,0.93058,1.35,1.50
2013.01.23 17:43:11.736,0.93032,0.93061,1.35,1.50
2013.01.23 17:43:13.636,0.93032,0.93064,1.35,1.50
2013.01.23 17:43:14.178,0.93032,0.93064,1.35,1.50
2013.01.23 17:43:15.305,0.93032,0.93064,1.35,1.50
2013.01.23 17:43:16.025,0.93032,0.93064,1.35,1.50
2013.01.23 17:43:17.156,0.93032,0.93062,1.35,1.50
2013.01.23 17:43:17.214,0.93032,0.93061,1.35,1.50
2013.01.23 17:43:17.403,0.93032,0.93062,1.35,1.58
2013.01.23 17:43:18.979,0.93034,0.93065,2.63,1.35
2013.01.23 17:43:19.215,0.93032,0.93063,1.58,1.50
2013.01.23 17:43:19.335,0.93032,0.93063,1.35,1.50
2013.01.23 17:43:20.895,0.93032,0.93063,2.10,1.50
2013.01.23 17:43:20.954,0.93033,0.93065,2.78,1.35
2013.01.23 17:43:32.784,0.93042,0.93068,1.35,1.50
2013.01.23 17:43:35.825,0.93042,0.93066,1.35,1.50
2013.01.23 17:43:37.415,0.93042,0.93065,1.35,1.50
2013.01.23 17:43:38.355,0.93042,0.93067,1.35,1.50
2013.01.23 17:43:39.077,0.93042,0.93067,1.35,1.50
2013.01.23 17:43:50.005,0.93041,0.93066,1.35,1.50
2013.01.23 17:43:50.528,0.93041,0.93066,1.35,1.50
2013.01.23 17:43:50.843,0.93041,0.93069,1.35,1.50
2013.01.23 17:44:08.456,0.93042,0.93069,1.13,1.50
2013.01.23 17:44:15.665,0.93042,0.93067,1.13,1.50
2013.01.23 17:44:24.846,0.93041,0.93068,1.35,1.50
2013.01.23 17:44:25.196,0.93041,0.93069,1.35,1.50
2013.01.23 17:44:27.179,0.93041,0.93068,1.35,1.50
2013.01.23 17:44:49.166,0.93037,0.93068,1.35,1.50
2013.01.23 17:44:49.704,0.93036,0.93068,1.13,1.73
2013.01.23 17:44:49.771,0.93035,0.93064,1.35,1.50
2013.01.23 17:44:51.635,0.93035,0.93063,1.35,1.50
2013.01.23 17:44:53.936,0.93035,0.93064,1.35,1.50
2013.01.23 17:44:56.515,0.93034,0.93063,1.35,1.50
2013.01.23 17:44:56.575,0.93034,0.93061,1.35,1.50
2013.01.23 17:45:00.816,0.93034,0.93063,1.35,1.50
2013.01.23 17:45:02.405,0.93036,0.93065,2.40,1.35
2013.01.23 17:45:02.466,0.93037,0.93065,1.50,1.35
2013.01.23 17:45:02.725,0.93042,0.93065,1.73,1.50
2013.01.23 17:45:03.836,0.93037,0.93065,1.50,1.50
2013.01.23 17:45:08.714,0.93042,0.93065,1.35,1.50
2013.01.23 17:45:09.266,0.93044,0.9307,1.35,1.50
2013.01.23 17:45:10.936,0.93042,0.93066,1.20,1.50
2013.01.23 17:45:10.994,0.93041,0.93066,1.35,1.50
2013.01.23 17:45:11.174,0.93038,0.93069,1.35,1.50
2013.01.23 17:45:11.425,0.93041,0.93066,1.58,1.50
2013.01.23 17:45:11.545,0.93038,0.93066,1.13,1.50
2013.01.23 17:45:13.416,0.93037,0.93069,1.35,1.50
2013.01.23 17:45:14.137,0.93037,0.93069,1.35,1.50
2013.01.23 17:45:14.207,0.93042,0.93068,2.10,1.50
2013.01.23 17:45:14.685,0.93044,0.93071,1.35,1.50
2013.01.23 17:45:20.125,0.93041,0.93071,1.35,2.10
2013.01.23 17:45:21.175,0.9304,0.93071,1.35,2.10
2013.01.23 17:45:22.817,0.9304,0.93071,1.35,1.35
2013.01.23 17:45:23.215,0.93045,0.93072,1.35,1.50
2013.01.23 17:45:44.600,0.93045,0.93072,1.35,1.50
2013.01.23 17:45:48.701,0.93045,0.93072,1.35,1.50
2013.01.23 17:45:49.885,0.93045,0.93071,1.35,1.50
2013.01.23 17:45:50.429,0.93042,0.93069,1.35,1.50
2013.01.23 17:45:51.197,0.93042,0.9307,1.35,1.50
2013.01.23 17:46:03.555,0.93042,0.9307,1.35,1.50
2013.01.23 17:46:04.834,0.93042,0.93068,1.35,1.50
2013.01.23 17:46:05.646,0.93038,0.93066,1.35,1.50
2013.01.23 17:46:05.935,0.93038,0.93066,1.35,1.50
2013.01.23 17:46:17.175,0.93038,0.93065,1.35,1.50
2013.01.23 17:46:17.554,0.93038,0.93069,1.35,2.10
2013.01.23 17:46:25.376,0.9304,0.93067,1.35,1.50
2013.01.23 17:46:30.104,0.9304,0.93067,1.35,1.73
2013.01.23 17:46:30.615,0.9304,0.93066,1.35,1.73
2013.01.23 17:46:32.463,0.9304,0.93066,1.35,1.73
2013.01.23 17:46:33.149,0.93036,0.93063,1.35,1.50
2013.01.23 17:46:35.914,0.93039,0.93065,1.35,1.50
2013.01.23 17:46:55.617,0.93039,0.93065,1.35,1.50
2013.01.23 17:46:57.376,0.93039,0.93065,1.35,1.50
2013.01.23 17:47:27.387,0.93034,0.93065,1.35,1.50
2013.01.23 17:47:27.508,0.93034,0.93063,1.35,1.50
2013.01.23 17:47:27.778,0.93034,0.93062,1.35,1.50
2013.01.23 17:47:36.016,0.93034,0.93064,1.35,1.73
2013.01.23 17:47:40.225,0.93034,0.93065,1.35,1.73
2013.01.23 17:47:46.905,0.93035,0.93064,1.35,1.73
2013.01.23 17:47:47.435,0.93035,0.93068,1.35,1.73
2013.01.23 17:47:47.494,0.93035,0.93068,1.35,1.73
2013.01.23 17:47:47.555,0.93035,0.93068,1.58,1.50
2013.01.23 17:47:49.225,0.93035,0.93068,1.58,1.50
2013.01.23 17:47:50.108,0.93035,0.93068,1.58,1.50
2013.01.23 17:47:50.719,0.93034,0.93064,1.13,1.50
2013.01.23 17:47:51.425,0.93034,0.93063,1.13,1.50
2013.01.23 17:47:52.816,0.93034,0.93063,1.13,1.50
2013.01.23 17:47:53.388,0.93034,0.93064,1.13,1.50
2013.01.23 17:47:54.461,0.93034,0.93062,1.13,1.50
2013.01.23 17:47:55.685,0.93034,0.93062,1.13,1.50
2013.01.23 17:47:57.895,0.93034,0.93062,1.13,1.50
2013.01.23 17:48:01.244,0.93034,0.93062,1.13,1.50
2013.01.23 17:48:02.385,0.93034,0.93064,1.13,1.50
2013.01.23 17:48:04.368,0.93032,0.93062,1.13,1.50
2013.01.23 17:48:11.836,0.93032,0.93064,1.13,1.50
2013.01.23 17:48:11.999,0.93032,0.93064,1.13,1.50
2013.01.23 17:48:14.556,0.93032,0.93064,1.13,1.50
2013.01.23 17:48:15.954,0.93032,0.93064,1.13,1.73
2013.01.23 17:48:16.405,0.93032,0.93062,1.88,1.73
2013.01.23 17:48:24.416,0.93032,0.93067,1.50,1.73
2013.01.23 17:48:24.546,0.93036,0.93067,1.13,1.73
2013.01.23 17:48:25.945,0.93036,0.93067,1.13,1.73
2013.01.23 17:48:26.005,0.93036,0.93064,1.13,1.73
2013.01.23 17:48:30.096,0.93036,0.93064,1.13,1.73
2013.01.23 17:48:31.147,0.93036,0.93064,1.88,1.73
2013.01.23 17:48:31.205,0.93036,0.93064,1.88,1.73
2013.01.23 17:48:31.265,0.93037,0.9307,2.40,2.33
2013.01.23 17:48:32.187,0.93038,0.9307,1.35,1.73
2013.01.23 17:48:40.495,0.93041,0.93068,1.13,1.50
2013.01.23 17:48:41.355,0.93041,0.93068,1.13,2.10
2013.01.23 17:48:43.612,0.93041,0.93068,1.13,1.50
2013.01.23 17:48:46.005,0.93042,0.9307,1.50,1.35
2013.01.23 17:48:55.854,0.93039,0.93069,1.35,1.73
2013.01.23 17:48:56.692,0.93041,0.93069,1.50,1.73
2013.01.23 17:48:57.093,0.93042,0.93069,1.13,1.73
2013.01.23 17:48:57.556,0.93045,0.93074,1.13,1.35
2013.01.23 17:48:58.136,0.93045,0.93074,1.13,1.35
2013.01.23 17:48:58.715,0.93041,0.93075,4.43,1.88
2013.01.23 17:48:58.776,0.93041,0.93071,2.33,1.50
2013.01.23 17:48:58.909,0.93041,0.93071,1.35,1.50
2013.01.23 17:49:01.415,0.93039,0.93068,1.35,1.73
2013.01.23 17:49:02.708,0.93039,0.93065,1.35,1.50
2013.01.23 17:49:03.916,0.93037,0.93066,1.50,2.10
2013.01.23 17:49:04.035,0.93037,0.93063,1.50,1.88
2013.01.23 17:49:04.096,0.93032,0.93054,1.13,1.35
2013.01.23 17:49:04.155,0.93029,0.93052,1.35,1.35
2013.01.23 17:49:04.214,0.93024,0.93052,1.73,1.35
2013.01.23 17:49:04.774,0.93022,0.93052,1.35,1.58
2013.01.23 17:49:05.124,0.93027,0.93058,2.10,1.73
2013.01.23 17:49:07.874,0.9303,0.93058,1.35,1.50
2013.01.23 17:49:08.471,0.9303,0.9306,1.35,1.73
2013.01.23 17:49:08.704,0.93026,0.93057,1.13,1.58
2013.01.23 17:49:08.860,0.93026,0.93057,1.13,1.58
2013.01.23 17:49:08.985,0.93026,0.93057,1.13,2.33
2013.01.23 17:49:09.365,0.93026,0.93056,1.13,1.73
2013.01.23 17:49:09.424,0.93026,0.93056,1.13,1.73
2013.01.23 17:49:09.682,0.93026,0.93056,1.13,1.73
2013.01.23 17:49:11.337,0.93026,0.93056,1.35,1.50
2013.01.23 17:49:11.775,0.93026,0.93052,1.35,1.50
2013.01.23 17:49:12.354,0.9302,0.93049,1.35,1.50
2013.01.23 17:49:13.004,0.93019,0.93049,1.35,1.50
2013.01.23 17:49:13.861,0.93019,0.93049,1.35,1.50
2013.01.23 17:49:19.415,0.93019,0.93049,1.35,1.50
2013.01.23 17:49:19.535,0.93012,0.93045,2.33,1.50
2013.01.23 17:49:19.714,0.93015,0.93049,2.85,1.73
2013.01.23 17:49:20.034,0.93012,0.93045,1.95,1.50
2013.01.23 17:49:22.605,0.93014,0.93049,2.48,1.73
2013.01.23 17:49:22.664,0.93019,0.93049,1.58,1.50
2013.01.23 17:49:26.235,0.93019,0.93049,1.58,1.50
2013.01.23 17:49:30.917,0.93019,0.93049,1.35,1.50
2013.01.23 17:49:31.468,0.93019,0.93054,1.58,2.70
2013.01.23 17:49:32.235,0.93019,0.93054,1.58,2.70
2013.01.23 17:49:33.552,0.93017,0.93046,1.35,2.10
2013.01.23 17:49:33.794,0.93016,0.93048,1.13,1.73
2013.01.23 17:49:33.996,0.93016,0.93048,1.13,1.73
2013.01.23 17:49:45.516,0.93014,0.93046,1.58,1.13
2013.01.23 17:49:45.575,0.93014,0.93043,1.58,1.13
2013.01.23 17:49:45.694,0.93013,0.93042,1.13,1.35
2013.01.23 17:49:49.424,0.93014,0.93044,2.70,1.20
2013.01.23 17:49:49.554,0.93021,0.93048,1.13,1.58
2013.01.23 17:49:49.995,0.9302,0.93049,1.13,2.10
2013.01.23 17:49:50.718,0.93013,0.93049,1.35,2.33
2013.01.23 17:49:51.654,0.93013,0.93049,1.35,2.33
2013.01.23 17:49:53.485,0.93013,0.93044,1.95,1.73
2013.01.23 17:49:55.029,0.93013,0.93044,1.73,2.48
2013.01.23 17:49:56.034,0.93017,0.93044,1.50,1.73
2013.01.23 17:50:01.444,0.93017,0.93045,1.50,1.20
2013.01.23 17:50:01.828,0.93021,0.93049,1.13,2.33
2013.01.23 17:50:04.160,0.93021,0.93049,1.13,2.10
2013.01.23 17:50:14.799,0.93021,0.93049,1.13,2.10
2013.01.23 17:50:21.311,0.93021,0.93048,1.13,1.50
2013.01.23 17:50:21.444,0.93017,0.93047,1.35,1.35
2013.01.23 17:50:29.814,0.93018,0.93053,1.58,2.10
2013.01.23 17:50:30.054,0.9302,0.93053,1.35,1.50
2013.01.23 17:50:30.380,0.93021,0.93055,1.73,1.73
2013.01.23 17:50:32.761,0.93028,0.93055,1.13,1.35
2013.01.23 17:50:33.065,0.93028,0.93059,1.13,1.73
2013.01.23 17:50:33.400,0.93028,0.9306,1.35,1.50
2013.01.23 17:50:38.485,0.93031,0.93064,1.35,1.50
2013.01.23 17:50:38.714,0.93028,0.93064,1.35,1.73
2013.01.23 17:50:40.665,0.93028,0.93061,1.35,1.50
2013.01.23 17:50:41.024,0.93028,0.93058,1.13,1.50
2013.01.23 17:50:41.955,0.93028,0.93059,1.13,1.73
2013.01.23 17:50:43.694,0.93016,0.93054,2.70,1.88
2013.01.23 17:50:46.635,0.93023,0.93057,2.33,1.35
2013.01.23 17:50:46.768,0.93023,0.93057,2.55,1.35
2013.01.23 17:50:47.434,0.93021,0.93054,1.58,1.13
2013.01.23 17:50:50.126,0.93019,0.93054,2.03,1.88
2013.01.23 17:50:50.184,0.93017,0.93053,1.73,1.50
2013.01.23 17:50:54.125,0.93022,0.93058,2.25,1.35
2013.01.23 17:50:59.252,0.93022,0.93058,2.25,1.35
2013.01.23 17:51:00.175,0.93024,0.93059,1.13,1.73
2013.01.23 17:51:00.355,0.93024,0.93059,1.35,1.50
2013.01.23 17:51:00.415,0.93024,0.93059,1.13,1.73
2013.01.23 17:51:11.495,0.93024,0.93054,1.13,1.73
2013.01.23 17:51:12.529,0.93024,0.9305,1.13,1.50
2013.01.23 17:51:13.905,0.93024,0.93054,1.13,1.73
2013.01.23 17:51:13.964,0.93024,0.93054,1.13,1.73
2013.01.23 17:51:14.025,0.93024,0.93054,1.13,1.50
2013.01.23 17:51:18.306,0.93018,0.93053,1.35,1.50
2013.01.23 17:51:19.190,0.93018,0.93053,3.00,1.50
2013.01.23 17:51:19.314,0.93018,0.93053,2.18,1.50
2013.01.23 17:51:19.745,0.93018,0.93053,1.13,1.73
2013.01.23 17:51:20.289,0.93018,0.93053,1.13,1.73
2013.01.23 17:51:22.545,0.93018,0.93056,3.08,1.35
2013.01.23 17:51:23.745,0.93018,0.93053,1.35,1.50
2013.01.23 17:51:29.538,0.93018,0.93053,1.13,2.93
2013.01.23 17:51:30.416,0.93022,0.93053,2.10,1.50
2013.01.23 17:51:31.105,0.93022,0.93053,1.35,1.50
2013.01.23 17:51:31.164,0.93022,0.93053,1.35,1.50
2013.01.23 17:51:34.708,0.93022,0.93057,2.33,1.13
2013.01.23 17:51:35.146,0.93022,0.93057,2.33,1.13
2013.01.23 17:51:35.800,0.93022,0.93057,2.33,1.13
2013.01.23 17:51:35.914,0.93022,0.93057,3.98,1.13
2013.01.23 17:51:36.896,0.93025,0.93058,1.65,1.35
2013.01.23 17:51:43.114,0.9303,0.93059,1.13,1.50
2013.01.23 17:51:43.615,0.93031,0.93062,1.35,1.50
2013.01.23 17:51:45.809,0.93031,0.93063,1.35,1.35
2013.01.23 17:51:58.387,0.93031,0.93064,1.35,2.33
2013.01.23 17:52:01.523,0.93032,0.93063,1.13,1.35
2013.01.23 17:52:01.925,0.93032,0.93062,1.13,1.73
2013.01.23 17:52:02.696,0.93032,0.93061,1.13,1.73
2013.01.23 17:52:03.500,0.93032,0.93063,1.13,1.58
2013.01.23 17:52:04.623,0.93032,0.93064,1.13,1.73
2013.01.23 17:52:09.769,0.93032,0.93062,1.13,1.50
2013.01.23 17:52:09.899,0.93032,0.9306,1.13,1.50
2013.01.23 17:52:10.232,0.93032,0.93061,1.13,1.50
2013.01.23 17:52:10.978,0.93032,0.93063,1.13,1.73
2013.01.23 17:52:15.048,0.93032,0.93061,1.13,1.50
2013.01.23 17:52:34.414,0.9303,0.93068,1.73,1.95
2013.01.23 17:53:00.535,0.9303,0.93061,1.73,1.50
2013.01.23 17:53:00.705,0.9303,0.93063,1.73,1.73
2013.01.23 17:53:03.265,0.9303,0.93059,1.35,1.50
2013.01.23 17:53:03.845,0.93028,0.93059,1.73,1.50
2013.01.23 17:53:05.074,0.93028,0.9306,1.73,1.50
2013.01.23 17:53:12.058,0.93028,0.93063,1.73,1.58
2013.01.23 17:53:12.306,0.93031,0.93063,1.73,1.35
2013.01.23 17:53:12.496,0.93031,0.93065,1.73,1.73
2013.01.23 17:53:13.055,0.93033,0.93065,1.35,1.13
2013.01.23 17:53:24.041,0.93033,0.93067,1.35,1.58
2013.01.23 17:53:34.405,0.93033,0.93061,1.35,1.50
2013.01.23 17:53:34.525,0.93033,0.93063,1.35,1.73
2013.01.23 17:53:59.904,0.93033,0.93061,1.13,1.50
2013.01.23 17:54:00.236,0.93031,0.93061,1.50,1.73
2013.01.23 17:54:00.795,0.93035,0.93063,1.35,1.13
2013.01.23 17:54:01.116,0.93035,0.93064,1.35,1.50
2013.01.23 17:54:07.488,0.93035,0.93064,1.35,1.50
2013.01.23 17:54:18.495,0.93035,0.9306,1.35,1.50
2013.01.23 17:54:23.241,0.93033,0.93064,1.13,1.73
2013.01.23 17:54:31.857,0.93033,0.93064,1.13,1.73
2013.01.23 17:54:31.975,0.93032,0.93055,1.13,1.50
2013.01.23 17:54:32.155,0.93033,0.93059,1.13,1.35
2013.01.23 17:54:32.525,0.93033,0.93062,1.13,1.58
2013.01.23 17:54:32.705,0.93033,0.9306,1.13,1.73
2013.01.23 17:54:33.085,0.93033,0.93062,1.13,1.35
2013.01.23 17:54:34.337,0.93033,0.93062,1.13,1.35
2013.01.23 17:54:34.495,0.93028,0.9306,1.35,1.73
2013.01.23 17:54:44.935,0.93029,0.93063,1.88,2.10
2013.01.23 17:54:45.866,0.93031,0.93063,1.13,1.50
2013.01.23 17:54:52.963,0.93031,0.93064,1.13,1.50
2013.01.23 17:54:53.215,0.93033,0.93063,1.13,1.50
2013.01.23 17:54:59.805,0.93033,0.93063,1.13,1.50
2013.01.23 17:55:00.387,0.93033,0.93063,1.13,1.50
2013.01.23 17:55:08.450,0.93033,0.93064,1.13,1.73
2013.01.23 17:55:11.225,0.93033,0.93063,1.13,1.50
2013.01.23 17:55:26.489,0.93033,0.93064,1.13,1.73
2013.01.23 17:55:30.486,0.93033,0.93064,1.13,1.50
2013.01.23 17:55:31.296,0.93033,0.93064,1.13,1.50
2013.01.23 17:55:32.445,0.93033,0.93064,1.13,1.50
2013.01.23 17:55:34.036,0.93033,0.93064,1.13,1.50
2013.01.23 17:55:34.095,0.93033,0.93064,1.13,1.50
2013.01.23 17:55:34.256,0.93033,0.93064,1.13,1.50
2013.01.23 17:55:38.105,0.93033,0.93064,1.13,1.73
2013.01.23 17:55:46.185,0.93033,0.93062,1.13,1.50
2013.01.23 17:55:46.445,0.9303,0.9306,1.13,1.50
2013.01.23 17:55:47.513,0.93031,0.9306,1.50,1.50
2013.01.23 17:55:55.546,0.9303,0.9306,1.13,1.50
2013.01.23 17:55:55.795,0.9303,0.93062,1.13,1.50
2013.01.23 17:56:01.735,0.93031,0.9306,1.50,1.73
2013.01.23 17:56:01.915,0.93031,0.93059,1.50,1.73
2013.01.23 17:56:09.226,0.93032,0.93063,1.50,1.73
2013.01.23 17:56:14.495,0.93031,0.93064,1.50,1.50
2013.01.23 17:56:16.197,0.93029,0.93064,2.70,1.50
2013.01.23 17:56:16.905,0.93034,0.93068,1.73,1.73
2013.01.23 17:56:17.517,0.93035,0.93068,1.35,1.50
2013.01.23 17:56:19.516,0.93035,0.93067,1.35,1.50
2013.01.23 17:56:21.195,0.93035,0.93064,1.13,1.50
2013.01.23 17:56:21.596,0.93034,0.93064,1.73,2.10
2013.01.23 17:56:22.521,0.93034,0.93062,1.73,1.50
2013.01.23 17:56:24.165,0.93034,0.93063,1.50,1.50
2013.01.23 17:56:24.609,0.93034,0.93062,1.50,1.50
2013.01.23 17:56:25.268,0.93034,0.93062,1.50,1.50
2013.01.23 17:56:25.936,0.93034,0.93063,1.50,1.50
2013.01.23 17:56:26.762,0.93034,0.93062,1.50,1.50
2013.01.23 17:56:26.996,0.93034,0.93058,1.13,1.50
2013.01.23 17:56:27.556,0.93026,0.93059,1.50,2.10
2013.01.23 17:56:27.856,0.93026,0.93059,1.50,1.35
2013.01.23 17:56:28.685,0.93021,0.93054,2.10,1.35
2013.01.23 17:56:28.806,0.93021,0.93054,2.10,1.58
2013.01.23 17:56:29.177,0.93023,0.93054,1.13,1.58
2013.01.23 17:56:29.235,0.93027,0.93055,1.50,1.58
2013.01.23 17:56:29.306,0.93027,0.93057,1.50,1.58
2013.01.23 17:56:32.050,0.93026,0.93059,1.50,1.35
2013.01.23 17:56:35.905,0.93026,0.93059,1.50,1.35
2013.01.23 17:56:36.455,0.93026,0.93059,1.50,1.35
2013.01.23 17:56:41.536,0.93027,0.93059,1.35,1.73
2013.01.23 17:56:41.845,0.93025,0.93056,1.35,1.35
2013.01.23 17:56:44.059,0.93025,0.93055,1.35,1.35
2013.01.23 17:56:44.967,0.93025,0.93056,1.35,1.35
2013.01.23 17:56:45.286,0.93026,0.93059,2.10,1.35
2013.01.23 17:56:51.306,0.93029,0.93059,1.35,1.50
2013.01.23 17:56:51.975,0.93031,0.93059,1.50,2.10
2013.01.23 17:56:52.245,0.93031,0.93062,1.73,1.35
2013.01.23 17:56:54.871,0.93026,0.93061,2.10,1.50
2013.01.23 17:56:56.127,0.93027,0.93061,1.73,1.50
2013.01.23 17:57:02.392,0.93034,0.93058,1.13,1.35
2013.01.23 17:57:02.916,0.93034,0.9306,1.13,2.10
2013.01.23 17:57:03.236,0.93034,0.9306,1.13,1.35
2013.01.23 17:57:06.707,0.93034,0.93059,1.13,1.50
2013.01.23 17:57:07.965,0.93036,0.9306,1.50,1.35
2013.01.23 17:57:08.265,0.93036,0.9306,1.50,1.35
2013.01.23 17:57:23.695,0.93031,0.93059,1.35,1.50
2013.01.23 17:57:45.976,0.93033,0.93058,1.50,1.50
2013.01.23 17:57:46.667,0.93033,0.93058,1.13,1.50
2013.01.23 17:57:49.875,0.93032,0.93058,1.13,1.50
2013.01.23 17:57:50.214,0.93028,0.93059,1.50,1.73
2013.01.23 17:57:52.739,0.93026,0.93058,1.50,1.50
2013.01.23 17:57:55.496,0.93026,0.93058,1.50,1.50
2013.01.23 17:57:56.035,0.93025,0.93058,1.35,1.50
2013.01.23 17:58:00.705,0.93026,0.93058,1.50,1.73
2013.01.23 17:58:01.089,0.93031,0.93058,2.10,1.73
2013.01.23 17:58:01.146,0.93035,0.93058,1.35,1.73
2013.01.23 17:58:05.607,0.93035,0.93062,1.58,1.13
2013.01.23 17:58:06.745,0.9304,0.93071,1.35,1.13
2013.01.23 17:58:06.935,0.9304,0.93073,1.35,1.73
2013.01.23 17:58:07.055,0.9304,0.93073,1.35,1.73
2013.01.23 17:58:09.375,0.93037,0.93068,2.10,1.50
2013.01.23 17:58:10.635,0.93037,0.93062,1.13,1.50
2013.01.23 17:58:11.156,0.93036,0.93064,1.13,1.73
2013.01.23 17:58:14.126,0.93031,0.93058,1.50,1.35
2013.01.23 17:58:14.186,0.93028,0.93056,1.13,1.50
2013.01.23 17:58:14.653,0.93027,0.93053,1.50,1.50
2013.01.23 17:58:17.195,0.9303,0.93054,1.35,1.50
2013.01.23 17:58:17.733,0.93026,0.93054,2.10,1.50
2013.01.23 17:58:21.365,0.93026,0.93054,1.88,2.10
2013.01.23 17:58:22.220,0.93026,0.93054,1.13,3.38
2013.01.23 17:58:27.136,0.93016,0.93049,1.50,1.73
2013.01.23 17:58:27.195,0.93016,0.93045,1.50,1.35
2013.01.23 17:58:27.720,0.93015,0.93043,1.13,1.50
2013.01.23 17:58:28.646,0.93013,0.93045,1.88,1.58
2013.01.23 17:58:29.395,0.93014,0.93043,1.13,2.63
2013.01.23 17:58:29.516,0.93012,0.93043,1.88,3.60
2013.01.23 17:58:32.236,0.93013,0.93043,1.13,1.73
2013.01.23 17:58:35.076,0.93012,0.93043,1.88,3.00
2013.01.23 17:58:36.016,0.93013,0.93043,1.50,1.73
2013.01.23 17:58:36.875,0.93013,0.93043,1.73,1.50
2013.01.23 17:58:44.175,0.93012,0.9304,1.35,1.50
2013.01.23 17:58:44.236,0.93007,0.93039,1.58,1.50
2013.01.23 17:58:46.752,0.93007,0.93039,1.35,1.73
2013.01.23 17:58:51.625,0.93009,0.93043,1.13,1.58
2013.01.23 17:58:55.763,0.93009,0.93039,1.13,1.50
2013.01.23 17:58:55.987,0.93009,0.93039,1.13,1.50
2013.01.23 17:58:56.779,0.93012,0.93038,1.50,1.73
2013.01.23 17:58:57.775,0.9301,0.93038,1.50,1.73
2013.01.23 17:58:59.626,0.93009,0.93038,1.50,1.73
2013.01.23 17:58:59.849,0.93012,0.93038,1.50,1.73
2013.01.23 17:59:00.496,0.93007,0.93034,1.35,1.50
2013.01.23 17:59:01.708,0.93007,0.93033,1.35,1.50
2013.01.23 17:59:02.086,0.93005,0.93031,1.50,1.35
2013.01.23 17:59:02.148,0.93004,0.93031,1.13,1.35
2013.01.23 17:59:02.736,0.93004,0.93031,1.13,1.35
2013.01.23 17:59:02.958,0.93,0.93031,1.13,3.23
2013.01.23 17:59:06.324,0.93,0.93031,1.13,1.58
2013.01.23 17:59:06.547,0.93004,0.93031,1.13,1.58
2013.01.23 17:59:15.946,0.92998,0.93028,1.13,1.50
2013.01.23 17:59:18.705,0.92997,0.93025,1.73,2.33
2013.01.23 17:59:18.886,0.92998,0.93028,1.50,1.73
2013.01.23 17:59:18.946,0.92998,0.93028,1.13,1.73
2013.01.23 17:59:19.126,0.93002,0.93032,1.13,1.35
2013.01.23 17:59:19.405,0.93002,0.93034,1.35,2.70
2013.01.23 17:59:19.465,0.93002,0.93037,1.35,1.58
2013.01.23 17:59:19.995,0.93004,0.93034,1.35,3.23
2013.01.23 17:59:24.815,0.93002,0.93028,1.50,1.50
2013.01.23 17:59:25.693,0.93004,0.93028,1.13,1.50
2013.01.23 17:59:25.815,0.93005,0.93032,1.13,1.58
2013.01.23 17:59:28.447,0.93004,0.93029,1.13,1.50
2013.01.23 17:59:29.806,0.93002,0.93029,1.50,1.50
2013.01.23 17:59:30.365,0.93002,0.93024,1.50,1.50
2013.01.23 17:59:30.433,0.93,0.93024,1.73,1.50
2013.01.23 17:59:30.795,0.92999,0.93023,1.13,1.50
2013.01.23 17:59:31.215,0.92997,0.93023,1.13,1.50
2013.01.23 17:59:31.567,0.92995,0.93019,1.50,1.50
2013.01.23 17:59:33.837,0.92993,0.93024,1.35,2.55
2013.01.23 17:59:36.812,0.92996,0.93019,1.13,1.50
2013.01.23 17:59:37.449,0.92997,0.9302,1.13,1.50
2013.01.23 17:59:37.967,0.92997,0.9302,1.13,1.50
2013.01.23 17:59:41.807,0.92997,0.93023,1.13,1.58
2013.01.23 17:59:41.986,0.93,0.93023,1.13,1.35
2013.01.23 17:59:51.715,0.92998,0.93027,1.13,1.35
2013.01.23 17:59:55.047,0.92998,0.93026,1.13,1.50
2013.01.23 17:59:55.614,0.92998,0.93026,1.13,1.50
2013.01.23 17:59:57.351,0.92998,0.93027,1.13,1.35
2013.01.23 17:59:59.876,0.93003,0.93028,1.13,1.73
