2016.02.29 04:00:00.183,0.73675,0.73702,1.75,1.00
2016.02.29 04:00:00.711,0.73677,0.73703,1.50,1.00
2016.02.29 04:00:01.088,0.73678,0.73703,1.75,1.00
2016.02.29 04:00:21.014,0.73678,0.73703,1.75,1.00
2016.02.29 04:00:27.085,0.73677,0.73706,1.75,1.37
2016.02.29 04:00:27.445,0.73684,0.73715,1.50,1.75
2016.02.29 04:00:27.748,0.73684,0.73715,4.50,1.37
2016.02.29 04:00:28.373,0.73684,0.73715,1.50,1.75
2016.02.29 04:00:28.535,0.73684,0.73715,1.75,1.37
2016.02.29 04:00:28.874,0.73687,0.73718,1.50,1.75
2016.02.29 04:00:35.353,0.73687,0.73718,1.75,1.37
2016.02.29 04:00:36.597,0.7369,0.73717,1.50,1.37
2016.02.29 04:00:40.065,0.7369,0.73717,3.75,1.00
2016.02.29 04:00:41.056,0.73694,0.73717,1.75,1.00
2016.02.29 04:00:41.168,0.73694,0.73717,1.37,1.00
2016.02.29 04:00:43.274,0.73692,0.73717,1.50,1.12
2016.02.29 04:00:51.114,0.73692,0.73716,1.50,1.00
2016.02.29 04:00:51.214,0.73692,0.73717,1.75,1.00
2016.02.29 04:00:51.274,0.73692,0.7372,1.75,1.37
2016.02.29 04:00:51.863,0.73692,0.73718,1.75,1.00
2016.02.29 04:00:55.445,0.73692,0.73723,1.75,1.50
2016.02.29 04:00:55.635,0.73695,0.73726,1.75,1.50
2016.02.29 04:00:56.745,0.73698,0.73724,1.37,1.00
2016.02.29 04:00:56.845,0.73694,0.73724,1.50,1.50
2016.02.29 04:00:57.993,0.73693,0.73719,1.75,1.00
2016.02.29 04:00:59.614,0.73694,0.73719,1.75,1.00
2016.02.29 04:01:01.619,0.73694,0.73719,1.37,1.00
2016.02.29 04:01:02.524,0.73691,0.73719,1.50,1.12
2016.02.29 04:01:03.045,0.73696,0.73727,1.75,1.37
2016.02.29 04:01:06.745,0.73697,0.73731,1.75,2.25
2016.02.29 04:01:21.112,0.73697,0.73727,1.75,1.12
2016.02.29 04:01:56.443,0.73699,0.73727,1.75,1.37
2016.02.29 04:02:11.190,0.73699,0.73724,1.75,1.00
2016.02.29 04:02:11.700,0.73699,0.73724,1.37,1.37
2016.02.29 04:02:18.031,0.73697,0.73724,1.75,1.00
2016.02.29 04:02:18.890,0.73697,0.73725,1.75,1.12
2016.02.29 04:02:20.990,0.73697,0.73725,1.75,1.37
2016.02.29 04:02:21.892,0.73697,0.73725,1.75,1.37
2016.02.29 04:02:24.797,0.73697,0.73725,1.50,1.37
2016.02.29 04:02:26.400,0.73697,0.73724,1.75,1.12
2016.02.29 04:02:46.933,0.73697,0.73724,1.75,1.37
2016.02.29 04:03:00.762,0.73698,0.73724,1.75,1.00
2016.02.29 04:03:05.469,0.73697,0.73724,1.75,1.12
2016.02.29 04:03:09.381,0.73697,0.73724,1.75,1.00
2016.02.29 04:03:09.932,0.73697,0.73724,1.75,1.12
2016.02.29 04:03:18.005,0.73699,0.73724,1.75,1.00
2016.02.29 04:03:26.467,0.73699,0.7373,1.75,1.50
2016.02.29 04:03:59.190,0.73698,0.7373,1.75,1.75
2016.02.29 04:04:10.288,0.73698,0.7373,4.50,1.37
2016.02.29 04:04:15.771,0.73698,0.73725,4.50,1.00
2016.02.29 04:04:20.451,0.737,0.73724,1.75,1.00
2016.02.29 04:04:21.818,0.737,0.73725,1.75,1.00
2016.02.29 04:04:22.776,0.737,0.73724,1.75,1.00
2016.02.29 04:04:22.832,0.737,0.73726,1.75,1.12
2016.02.29 04:04:32.667,0.737,0.73726,1.50,1.00
2016.02.29 04:04:40.684,0.73699,0.73726,1.50,1.37
2016.02.29 04:04:41.191,0.737,0.73723,1.37,1.00
2016.02.29 04:04:41.970,0.737,0.73725,1.37,1.37
2016.02.29 04:04:42.336,0.737,0.73725,1.75,1.00
2016.02.29 04:04:43.110,0.73699,0.73724,4.50,1.00
2016.02.29 04:04:44.551,0.73699,0.73725,4.50,1.00
2016.02.29 04:04:44.862,0.73699,0.73723,4.50,1.00
2016.02.29 04:04:46.230,0.73699,0.73726,4.50,1.00
2016.02.29 04:04:52.060,0.73701,0.73724,1.75,1.00
2016.02.29 04:04:54.488,0.73701,0.73723,1.75,1.00
2016.02.29 04:04:56.073,0.73701,0.73724,1.75,1.00
2016.02.29 04:05:04.251,0.73701,0.73723,1.50,1.00
2016.02.29 04:05:06.351,0.73701,0.73724,1.50,1.00
2016.02.29 04:05:09.073,0.73699,0.73724,1.50,1.00
2016.02.29 04:05:09.865,0.73699,0.73723,1.50,1.00
2016.02.29 04:05:10.822,0.737,0.73724,1.37,1.00
2016.02.29 04:05:23.750,0.73698,0.73723,1.75,1.00
2016.02.29 04:05:24.397,0.73699,0.73723,1.50,1.00
2016.02.29 04:05:40.561,0.73699,0.73722,1.75,1.00
2016.02.29 04:05:40.824,0.73699,0.73721,1.37,1.00
2016.02.29 04:05:40.970,0.73699,0.73723,1.37,1.00
2016.02.29 04:05:41.124,0.73699,0.73723,1.75,1.00
2016.02.29 04:06:17.672,0.73699,0.73723,1.37,1.12
2016.02.29 04:06:23.080,0.73696,0.7372,1.75,1.00
2016.02.29 04:06:23.190,0.73695,0.73719,1.75,1.00
2016.02.29 04:06:23.700,0.73695,0.73717,1.75,1.00
2016.02.29 04:06:28.717,0.73694,0.73718,1.75,1.00
2016.02.29 04:06:28.918,0.73689,0.73712,1.37,1.00
2016.02.29 04:06:28.970,0.73689,0.73717,1.37,1.37
2016.02.29 04:06:29.088,0.73689,0.73717,1.75,1.12
2016.02.29 04:06:29.461,0.73689,0.73717,1.50,1.37
2016.02.29 04:06:30.377,0.73689,0.73713,1.50,1.00
2016.02.29 04:06:37.250,0.73689,0.73711,1.50,1.00
2016.02.29 04:06:41.331,0.73689,0.73712,1.50,1.00
2016.02.29 04:06:41.382,0.73689,0.73714,1.50,1.12
2016.02.29 04:06:41.538,0.73689,0.73713,1.75,1.00
2016.02.29 04:06:43.414,0.73689,0.73713,1.75,1.00
2016.02.29 04:06:43.515,0.73689,0.73713,1.37,1.00
2016.02.29 04:06:44.084,0.73686,0.73713,1.50,1.37
2016.02.29 04:06:44.737,0.73686,0.73711,1.50,1.00
2016.02.29 04:06:45.720,0.73685,0.73711,4.50,1.00
2016.02.29 04:07:39.956,0.73689,0.73711,1.50,1.00
2016.02.29 04:07:43.890,0.73689,0.73713,1.50,1.00
2016.02.29 04:08:00.976,0.73689,0.73713,1.75,1.00
2016.02.29 04:08:07.015,0.73689,0.73718,1.75,1.37
2016.02.29 04:08:07.151,0.73693,0.73718,1.75,1.00
2016.02.29 04:08:08.390,0.73693,0.73718,1.50,1.00
2016.02.29 04:08:09.291,0.73693,0.73718,1.75,1.00
2016.02.29 04:08:19.926,0.73693,0.73718,1.50,1.00
2016.02.29 04:08:31.175,0.73693,0.73715,1.50,1.00
2016.02.29 04:08:31.339,0.73693,0.73721,1.50,1.37
2016.02.29 04:08:31.472,0.73693,0.73717,1.50,1.00
2016.02.29 04:08:31.879,0.73693,0.73724,1.50,1.37
2016.02.29 04:08:52.174,0.73694,0.73725,1.75,1.50
2016.02.29 04:09:11.816,0.73696,0.73727,1.50,1.75
2016.02.29 04:09:12.158,0.73698,0.73731,1.75,1.75
2016.02.29 04:09:18.367,0.73698,0.73731,4.50,1.50
2016.02.29 04:09:19.329,0.73698,0.73731,1.75,1.75
2016.02.29 04:09:21.678,0.73703,0.73734,1.50,1.75
2016.02.29 04:09:21.840,0.73705,0.73738,1.75,1.50
2016.02.29 04:09:22.486,0.73709,0.7374,1.50,1.75
2016.02.29 04:09:40.985,0.7371,0.73741,1.37,1.50
2016.02.29 04:10:01.022,0.7371,0.73741,1.50,1.75
2016.02.29 04:10:05.330,0.7371,0.73741,1.75,1.37
2016.02.29 04:10:12.642,0.73709,0.73742,1.50,4.50
2016.02.29 04:10:15.047,0.73707,0.73738,1.50,1.75
2016.02.29 04:10:20.464,0.73707,0.73737,1.75,1.37
2016.02.29 04:10:20.565,0.73707,0.73738,1.37,1.12
2016.02.29 04:10:35.094,0.73704,0.73742,1.75,3.75
2016.02.29 04:10:35.989,0.73707,0.73738,1.75,1.37
2016.02.29 04:10:38.125,0.73708,0.73738,3.75,1.37
2016.02.29 04:10:38.693,0.7371,0.73741,1.50,1.75
2016.02.29 04:10:42.413,0.73707,0.7374,1.50,1.75
2016.02.29 04:10:45.205,0.73708,0.73739,1.75,1.50
2016.02.29 04:10:49.008,0.73708,0.73739,1.50,1.75
2016.02.29 04:10:49.246,0.73705,0.73736,1.50,1.75
2016.02.29 04:10:59.123,0.73705,0.73736,1.37,1.75
2016.02.29 04:11:02.168,0.73702,0.73734,1.50,1.75
2016.02.29 04:11:05.137,0.73702,0.73734,1.37,4.50
2016.02.29 04:11:05.238,0.73698,0.73731,1.75,1.75
2016.02.29 04:11:05.635,0.73695,0.73728,1.75,1.75
2016.02.29 04:11:06.013,0.73696,0.73727,1.37,1.75
2016.02.29 04:11:06.413,0.73695,0.73727,1.75,1.75
2016.02.29 04:11:09.639,0.73695,0.73727,1.75,1.37
2016.02.29 04:11:28.014,0.73694,0.73726,1.75,1.75
2016.02.29 04:11:28.503,0.73694,0.73726,1.75,1.50
2016.02.29 04:11:52.712,0.73696,0.73729,1.75,1.75
2016.02.29 04:12:08.541,0.73696,0.73729,4.50,1.50
2016.02.29 04:12:25.963,0.73698,0.73731,1.50,1.75
2016.02.29 04:12:30.374,0.73699,0.7373,1.75,1.37
2016.02.29 04:12:30.489,0.73703,0.73734,1.50,1.37
2016.02.29 04:12:30.875,0.73703,0.73734,1.75,1.37
2016.02.29 04:13:04.941,0.73704,0.73735,1.75,1.50
2016.02.29 04:13:20.987,0.73705,0.73736,1.50,2.25
2016.02.29 04:13:32.907,0.73708,0.7374,2.25,1.75
2016.02.29 04:13:33.011,0.73711,0.73743,1.50,1.50
2016.02.29 04:13:33.412,0.73709,0.7374,1.50,1.37
2016.02.29 04:13:34.092,0.7371,0.73742,2.25,1.75
2016.02.29 04:13:36.619,0.7371,0.7374,1.50,1.50
2016.02.29 04:13:43.432,0.73708,0.73737,1.50,1.37
2016.02.29 04:13:43.749,0.73706,0.73737,1.87,2.25
2016.02.29 04:13:45.192,0.73706,0.73737,2.25,2.25
2016.02.29 04:13:45.593,0.73706,0.73737,1.87,5.25
2016.02.29 04:14:01.019,0.73704,0.73735,1.37,1.75
2016.02.29 04:14:20.964,0.73703,0.73733,1.50,1.50
2016.02.29 04:14:35.608,0.73705,0.73734,1.37,1.37
2016.02.29 04:14:41.885,0.73705,0.73735,1.37,1.75
2016.02.29 04:14:42.285,0.73705,0.73735,1.37,1.75
2016.02.29 04:14:44.125,0.73703,0.73732,1.37,1.50
2016.02.29 04:14:45.226,0.73701,0.73732,1.37,2.25
2016.02.29 04:14:47.696,0.73702,0.73732,1.37,1.50
2016.02.29 04:14:47.875,0.73703,0.73732,1.37,1.37
2016.02.29 04:14:53.318,0.73704,0.73735,1.75,1.50
2016.02.29 04:14:54.612,0.73707,0.73735,1.37,1.37
2016.02.29 04:14:56.681,0.73707,0.73738,1.50,1.50
2016.02.29 04:14:57.216,0.73707,0.73738,1.75,1.75
2016.02.29 04:14:57.316,0.73707,0.73738,1.37,1.75
2016.02.29 04:14:58.117,0.73709,0.73738,1.37,1.50
2016.02.29 04:15:02.126,0.73709,0.73738,1.50,1.37
2016.02.29 04:15:02.640,0.73709,0.7374,1.87,1.75
2016.02.29 04:15:03.031,0.73711,0.7374,1.37,1.75
2016.02.29 04:15:14.148,0.73709,0.73737,1.75,1.00
2016.02.29 04:15:15.850,0.7371,0.73737,4.50,1.00
2016.02.29 04:15:17.692,0.73711,0.73737,1.75,1.12
2016.02.29 04:15:17.960,0.73709,0.73737,1.50,1.37
2016.02.29 04:15:18.554,0.73709,0.73734,1.50,1.12
2016.02.29 04:15:20.156,0.73709,0.73734,1.75,1.00
2016.02.29 04:15:21.377,0.73709,0.73735,1.75,1.00
2016.02.29 04:15:21.807,0.73712,0.73738,1.37,1.12
2016.02.29 04:15:21.960,0.73712,0.73738,1.75,1.00
2016.02.29 04:15:25.560,0.73712,0.73737,1.75,1.00
2016.02.29 04:15:25.766,0.73711,0.73736,1.37,1.12
2016.02.29 04:15:27.981,0.73708,0.73736,1.75,1.37
2016.02.29 04:15:36.987,0.73707,0.73736,1.75,1.37
2016.02.29 04:15:58.832,0.73706,0.73736,1.50,1.50
2016.02.29 04:16:11.159,0.73705,0.73734,4.50,1.37
2016.02.29 04:16:11.693,0.73709,0.73734,1.75,1.00
2016.02.29 04:16:25.298,0.73709,0.73734,1.75,1.00
2016.02.29 04:16:36.022,0.73711,0.73734,1.75,1.00
2016.02.29 04:17:00.978,0.73712,0.73743,1.50,1.75
2016.02.29 04:17:04.105,0.73712,0.73736,1.50,1.00
2016.02.29 04:17:04.909,0.73712,0.73736,1.75,1.00
2016.02.29 04:17:20.938,0.73711,0.73736,1.75,1.00
2016.02.29 04:17:38.602,0.73712,0.73736,1.75,1.00
2016.02.29 04:17:43.035,0.73712,0.73737,1.75,1.00
2016.02.29 04:17:43.301,0.73715,0.73745,1.75,1.37
2016.02.29 04:17:43.402,0.73718,0.73746,1.75,1.37
2016.02.29 04:17:43.716,0.73718,0.73746,4.50,1.00
2016.02.29 04:17:46.585,0.73718,0.73748,4.50,1.37
2016.02.29 04:17:58.534,0.73722,0.73748,1.37,1.37
2016.02.29 04:18:01.388,0.73719,0.7375,1.50,1.37
2016.02.29 04:18:01.489,0.73727,0.73752,1.00,1.37
2016.02.29 04:18:02.056,0.73723,0.7375,1.75,1.37
2016.02.29 04:18:02.390,0.7372,0.73746,1.75,1.00
2016.02.29 04:18:04.161,0.73723,0.73746,1.50,1.00
2016.02.29 04:18:04.912,0.73723,0.73747,1.50,1.00
2016.02.29 04:18:23.855,0.73723,0.73745,1.75,1.00
2016.02.29 04:18:24.641,0.73723,0.73745,1.37,1.00
2016.02.29 04:18:25.208,0.73723,0.73745,1.50,1.00
2016.02.29 04:18:25.836,0.73722,0.73745,1.75,1.00
2016.02.29 04:18:27.202,0.73723,0.73745,1.37,1.00
2016.02.29 04:18:30.722,0.7372,0.73745,1.37,1.12
2016.02.29 04:18:30.823,0.73716,0.73745,1.75,1.37
2016.02.29 04:18:34.514,0.73716,0.73745,3.75,1.37
2016.02.29 04:18:34.913,0.7372,0.73748,1.50,1.37
2016.02.29 04:18:35.215,0.7372,0.73747,1.37,1.37
2016.02.29 04:18:37.518,0.73717,0.73746,1.37,1.50
2016.02.29 04:18:57.447,0.73717,0.73747,1.75,1.37
2016.02.29 04:19:10.015,0.73717,0.73748,1.75,1.37
2016.02.29 04:19:10.777,0.73716,0.73747,1.75,1.50
2016.02.29 04:19:11.369,0.73716,0.73745,1.50,1.37
2016.02.29 04:19:15.977,0.73717,0.73745,1.75,1.00
2016.02.29 04:19:16.081,0.73721,0.73747,1.50,1.12
2016.02.29 04:19:23.094,0.73721,0.73747,1.75,1.00
2016.02.29 04:19:33.366,0.73722,0.73749,1.75,1.37
2016.02.29 04:19:33.701,0.73722,0.73748,1.75,1.00
2016.02.29 04:19:33.815,0.73722,0.73748,1.50,1.12
2016.02.29 04:19:34.532,0.73722,0.73747,1.50,1.00
2016.02.29 04:19:57.244,0.73721,0.73747,1.75,1.12
2016.02.29 04:20:00.943,0.73721,0.73747,1.75,1.00
2016.02.29 04:20:05.624,0.73721,0.73748,1.75,1.00
2016.02.29 04:20:07.575,0.73721,0.7375,1.75,1.37
2016.02.29 04:20:07.891,0.73726,0.7375,1.50,1.00
2016.02.29 04:20:12.086,0.73726,0.73752,1.50,1.00
2016.02.29 04:20:19.207,0.73726,0.7375,1.50,1.00
2016.02.29 04:20:19.389,0.73723,0.7375,1.50,1.37
2016.02.29 04:20:19.684,0.73723,0.73747,1.50,1.00
2016.02.29 04:20:21.381,0.73723,0.73747,1.37,1.00
2016.02.29 04:20:31.573,0.73723,0.73748,1.37,1.12
2016.02.29 04:20:31.699,0.73723,0.73748,1.50,1.00
2016.02.29 04:20:51.533,0.73723,0.73748,1.37,1.12
2016.02.29 04:21:02.753,0.73722,0.73748,1.37,1.37
2016.02.29 04:21:05.558,0.73722,0.73746,1.50,1.00
2016.02.29 04:21:07.231,0.73722,0.73749,1.50,1.37
2016.02.29 04:21:08.875,0.73722,0.7375,1.75,1.12
2016.02.29 04:21:08.976,0.73723,0.73752,3.75,1.12
2016.02.29 04:21:09.924,0.73723,0.73749,1.75,1.00
2016.02.29 04:21:11.405,0.73723,0.7375,1.75,1.12
2016.02.29 04:21:11.572,0.73726,0.73752,1.37,1.00
2016.02.29 04:21:11.672,0.73726,0.73752,4.50,1.00
2016.02.29 04:21:11.863,0.73726,0.73754,4.50,1.12
2016.02.29 04:21:16.280,0.73729,0.7376,1.75,2.25
2016.02.29 04:21:23.315,0.73729,0.7376,1.75,1.87
2016.02.29 04:21:27.334,0.73729,0.73759,1.75,1.37
2016.02.29 04:21:28.103,0.73729,0.73759,1.75,1.37
2016.02.29 04:21:28.604,0.73729,0.73759,1.75,1.37
2016.02.29 04:21:29.505,0.73729,0.73759,1.75,1.37
2016.02.29 04:21:30.033,0.73732,0.73759,1.75,1.37
2016.02.29 04:21:30.854,0.73732,0.73759,1.75,1.12
2016.02.29 04:21:31.725,0.73738,0.73759,1.50,1.00
2016.02.29 04:21:43.212,0.73738,0.7376,1.50,1.00
2016.02.29 04:21:48.947,0.73737,0.7376,1.75,1.00
2016.02.29 04:21:50.752,0.73737,0.7376,1.75,1.00
2016.02.29 04:21:56.465,0.73737,0.7376,1.50,1.00
2016.02.29 04:21:57.847,0.73737,0.7376,1.75,1.00
2016.02.29 04:21:59.379,0.73737,0.7376,1.37,1.00
2016.02.29 04:22:00.992,0.73735,0.73761,1.75,1.00
2016.02.29 04:22:02.285,0.73735,0.73761,4.50,1.00
2016.02.29 04:22:12.365,0.73738,0.73759,1.50,1.00
2016.02.29 04:22:20.918,0.73737,0.73759,1.75,1.00
2016.02.29 04:22:35.753,0.73736,0.7376,1.75,1.00
2016.02.29 04:22:56.066,0.73738,0.73762,1.37,1.00
2016.02.29 04:22:58.070,0.73737,0.73763,1.50,1.00
2016.02.29 04:22:58.120,0.73737,0.73763,4.50,1.00
2016.02.29 04:22:58.176,0.73737,0.73763,1.75,1.00
2016.02.29 04:22:58.904,0.73737,0.73762,1.75,1.00
2016.02.29 04:23:06.270,0.73737,0.73761,1.75,1.00
2016.02.29 04:23:15.720,0.73738,0.7376,1.50,1.00
2016.02.29 04:23:51.152,0.73737,0.7376,1.75,1.00
2016.02.29 04:24:05.430,0.73737,0.73761,1.75,1.00
2016.02.29 04:24:07.210,0.73737,0.73761,1.75,1.00
2016.02.29 04:24:17.191,0.73738,0.7376,1.75,1.00
2016.02.29 04:24:22.424,0.73738,0.73759,1.50,1.00
2016.02.29 04:24:42.638,0.73737,0.73759,1.75,1.00
2016.02.29 04:24:46.949,0.7374,0.73759,1.75,1.00
2016.02.29 04:24:57.980,0.73741,0.73759,1.75,1.00
2016.02.29 04:24:58.591,0.73741,0.7376,1.75,1.00
2016.02.29 04:25:01.004,0.73741,0.73765,1.75,1.00
2016.02.29 04:25:01.105,0.73745,0.73765,1.75,1.00
2016.02.29 04:25:01.740,0.73746,0.73765,1.75,1.00
2016.02.29 04:25:04.758,0.73746,0.73768,1.75,1.00
2016.02.29 04:25:04.890,0.7375,0.73768,1.75,1.00
2016.02.29 04:25:05.014,0.73747,0.73768,4.50,1.00
2016.02.29 04:25:10.032,0.73749,0.73768,1.75,1.00
2016.02.29 04:25:12.831,0.73749,0.73768,1.75,1.00
2016.02.29 04:25:13.232,0.73748,0.73767,1.37,1.00
2016.02.29 04:25:14.010,0.73748,0.73766,1.37,1.00
2016.02.29 04:25:14.621,0.73748,0.73765,1.37,1.00
2016.02.29 04:25:15.281,0.73748,0.73767,1.37,1.00
2016.02.29 04:25:15.332,0.73744,0.73767,1.75,1.00
2016.02.29 04:25:15.432,0.73744,0.73769,1.75,1.00
2016.02.29 04:25:16.741,0.73751,0.73768,1.37,1.00
2016.02.29 04:25:17.981,0.73751,0.73767,1.37,1.00
2016.02.29 04:25:25.483,0.73751,0.73766,1.37,1.00
2016.02.29 04:25:25.991,0.73747,0.73765,1.75,1.00
2016.02.29 04:25:26.531,0.73747,0.73764,1.50,1.00
2016.02.29 04:25:27.480,0.73745,0.73764,1.75,1.00
2016.02.29 04:25:30.551,0.73745,0.73765,1.75,1.00
2016.02.29 04:25:30.711,0.73745,0.73767,1.75,1.00
2016.02.29 04:25:30.862,0.73748,0.73768,1.75,1.00
2016.02.29 04:25:44.982,0.73748,0.73768,1.75,1.00
2016.02.29 04:25:57.413,0.73748,0.73768,1.75,1.00
2016.02.29 04:26:17.673,0.73747,0.73768,1.50,1.00
2016.02.29 04:26:18.676,0.73747,0.73768,1.37,1.00
2016.02.29 04:26:19.911,0.73747,0.73766,1.37,1.00
2016.02.29 04:26:43.271,0.73746,0.73766,1.37,1.00
2016.02.29 04:26:43.469,0.73744,0.73766,1.75,1.00
2016.02.29 04:26:43.822,0.73747,0.73766,1.75,1.00
2016.02.29 04:26:43.950,0.73747,0.73768,1.75,1.00
2016.02.29 04:26:49.171,0.73747,0.73768,1.37,1.00
2016.02.29 04:26:49.272,0.73743,0.73768,1.50,1.00
2016.02.29 04:26:49.857,0.73743,0.73768,1.50,1.12
2016.02.29 04:26:50.988,0.7374,0.73767,1.75,1.00
2016.02.29 04:26:51.748,0.7374,0.73767,1.75,1.12
2016.02.29 04:27:05.681,0.73741,0.73767,1.75,1.00
2016.02.29 04:27:06.283,0.73741,0.73767,1.50,1.12
2016.02.29 04:27:06.984,0.73741,0.73767,1.75,1.00
2016.02.29 04:27:07.869,0.73741,0.73767,4.50,1.00
2016.02.29 04:27:09.589,0.73741,0.73768,4.50,1.00
2016.02.29 04:27:28.159,0.73742,0.73768,1.37,1.12
2016.02.29 04:27:43.268,0.7374,0.73768,1.75,1.37
2016.02.29 04:27:44.262,0.73742,0.73768,1.75,1.12
2016.02.29 04:28:15.145,0.73742,0.73768,1.75,1.00
2016.02.29 04:28:16.397,0.73743,0.7377,1.75,1.12
2016.02.29 04:28:17.350,0.73743,0.73771,4.50,1.00
2016.02.29 04:28:18.729,0.73743,0.73773,4.50,1.37
2016.02.29 04:28:19.098,0.73751,0.73776,1.50,1.00
2016.02.29 04:28:28.987,0.73751,0.73776,1.37,1.00
2016.02.29 04:28:29.349,0.73746,0.7377,1.50,1.00
2016.02.29 04:28:29.465,0.73747,0.7377,1.37,1.12
2016.02.29 04:28:30.018,0.73744,0.73769,1.75,1.00
2016.02.29 04:28:37.440,0.73744,0.73768,1.75,1.00
2016.02.29 04:28:37.491,0.73743,0.73768,1.37,1.00
2016.02.29 04:28:38.066,0.73741,0.73768,1.50,1.37
2016.02.29 04:28:39.082,0.73741,0.73768,1.75,1.12
2016.02.29 04:28:45.236,0.73744,0.73768,1.50,1.00
2016.02.29 04:28:45.287,0.73744,0.7377,1.50,1.12
2016.02.29 04:28:59.038,0.73744,0.73769,1.50,1.00
2016.02.29 04:28:59.746,0.73744,0.73769,1.37,1.37
2016.02.29 04:29:09.378,0.73741,0.73769,1.75,1.00
2016.02.29 04:29:14.394,0.73742,0.7377,1.75,1.00
2016.02.29 04:29:14.945,0.73742,0.73769,1.75,1.00
2016.02.29 04:29:16.885,0.73744,0.7377,1.37,1.00
2016.02.29 04:29:19.303,0.73744,0.73769,1.37,1.00
2016.02.29 04:29:19.948,0.73744,0.73771,1.37,1.12
2016.02.29 04:29:20.308,0.73744,0.73769,1.37,1.00
2016.02.29 04:29:20.908,0.73744,0.7377,1.37,1.00
2016.02.29 04:29:22.048,0.73744,0.73769,1.37,1.00
2016.02.29 04:29:22.927,0.73744,0.7377,1.37,1.00
2016.02.29 04:29:23.465,0.73744,0.73769,1.37,1.00
2016.02.29 04:29:23.967,0.73744,0.7377,1.37,1.00
2016.02.29 04:29:24.745,0.73744,0.73771,1.50,1.37
2016.02.29 04:29:32.806,0.73744,0.7377,1.75,1.00
2016.02.29 04:29:33.585,0.73744,0.73771,1.75,1.12
2016.02.29 04:29:39.487,0.73744,0.7377,1.75,1.00
2016.02.29 04:29:42.301,0.73744,0.7377,1.37,1.37
2016.02.29 04:30:00.947,0.73743,0.73771,1.75,1.37
2016.02.29 04:30:09.163,0.73743,0.73771,1.75,1.12
2016.02.29 04:30:09.835,0.73745,0.73771,1.37,1.37
2016.02.29 04:30:15.232,0.73745,0.73767,1.37,1.00
2016.02.29 04:30:15.375,0.73741,0.73767,1.50,1.12
2016.02.29 04:30:15.489,0.73741,0.73765,1.50,1.00
2016.02.29 04:30:19.617,0.73741,0.73768,1.50,1.37
2016.02.29 04:30:19.783,0.73741,0.73769,1.75,1.12
2016.02.29 04:30:24.016,0.73741,0.73767,1.75,1.00
2016.02.29 04:30:24.677,0.73741,0.73767,1.37,1.00
2016.02.29 04:30:28.026,0.73741,0.73769,1.37,1.37
2016.02.29 04:30:32.934,0.73741,0.73769,1.75,1.37
2016.02.29 04:31:10.386,0.73742,0.73769,1.37,1.37
2016.02.29 04:31:40.565,0.73738,0.73768,1.75,1.37
2016.02.29 04:31:49.416,0.73739,0.73768,1.37,1.50
2016.02.29 04:31:49.582,0.73739,0.73768,1.12,1.75
2016.02.29 04:31:49.682,0.73736,0.73766,1.37,1.75
2016.02.29 04:32:20.951,0.73735,0.73766,1.37,2.25
2016.02.29 04:32:37.883,0.73734,0.73764,1.37,1.37
2016.02.29 04:33:00.954,0.73733,0.73764,1.75,1.50
2016.02.29 04:33:06.844,0.73736,0.73764,1.50,1.37
2016.02.29 04:33:22.284,0.73737,0.73767,1.50,1.50
2016.02.29 04:33:36.039,0.73737,0.73766,1.37,1.75
2016.02.29 04:33:36.423,0.73738,0.73769,2.25,1.50
2016.02.29 04:33:56.473,0.73739,0.7377,1.75,1.50
2016.02.29 04:33:56.713,0.73743,0.73773,1.37,1.37
2016.02.29 04:33:57.619,0.73743,0.73773,1.37,1.75
2016.02.29 04:33:58.181,0.73743,0.73773,1.50,1.50
2016.02.29 04:34:03.681,0.73743,0.73773,1.75,1.37
2016.02.29 04:34:20.430,0.73745,0.73776,1.50,1.87
2016.02.29 04:34:20.531,0.73748,0.73778,1.50,1.37
2016.02.29 04:34:20.902,0.73752,0.73778,1.50,1.12
2016.02.29 04:34:21.243,0.73748,0.73778,1.75,1.37
2016.02.29 04:34:21.571,0.73746,0.73775,1.75,1.37
2016.02.29 04:34:21.734,0.73746,0.73774,1.37,1.37
2016.02.29 04:34:27.733,0.73745,0.73775,1.75,1.37
2016.02.29 04:34:32.574,0.73748,0.73776,1.75,1.37
2016.02.29 04:34:35.560,0.73748,0.73776,1.50,1.37
2016.02.29 04:34:35.982,0.73748,0.73775,1.75,1.37
2016.02.29 04:34:49.911,0.73749,0.7378,1.37,2.25
2016.02.29 04:35:09.932,0.7375,0.7378,1.37,1.50
2016.02.29 04:35:10.356,0.73749,0.73781,2.25,2.25
2016.02.29 04:35:19.552,0.73749,0.73778,1.37,1.50
2016.02.29 04:35:20.935,0.73747,0.73776,1.37,1.50
2016.02.29 04:35:21.782,0.73744,0.73775,1.75,1.50
2016.02.29 04:35:26.645,0.73743,0.73772,1.37,1.37
2016.02.29 04:35:26.746,0.7374,0.73771,1.75,1.37
2016.02.29 04:35:26.846,0.7374,0.73771,1.37,1.50
2016.02.29 04:35:28.949,0.73739,0.7377,1.87,1.75
2016.02.29 04:35:29.498,0.73739,0.73767,1.37,1.75
2016.02.29 04:35:30.853,0.73739,0.73767,1.37,1.37
2016.02.29 04:35:30.954,0.73739,0.73768,1.37,1.37
2016.02.29 04:35:31.054,0.73739,0.7377,1.87,1.75
2016.02.29 04:35:40.286,0.73739,0.7377,1.50,2.25
2016.02.29 04:35:41.372,0.73739,0.7377,1.37,2.25
2016.02.29 04:35:45.203,0.73736,0.73762,1.75,1.00
2016.02.29 04:35:49.366,0.73736,0.73758,1.75,1.00
2016.02.29 04:35:50.016,0.73736,0.73758,4.50,1.00
2016.02.29 04:35:50.217,0.73742,0.73762,1.50,1.00
2016.02.29 04:35:50.316,0.73742,0.73762,1.75,1.00
2016.02.29 04:35:50.903,0.73742,0.73764,1.75,1.00
2016.02.29 04:35:55.256,0.73742,0.73766,1.75,1.00
2016.02.29 04:35:55.416,0.73746,0.73764,1.75,1.00
2016.02.29 04:35:55.662,0.73746,0.73769,1.75,1.00
2016.02.29 04:35:59.202,0.73748,0.73769,1.75,1.00
2016.02.29 04:35:59.718,0.73748,0.73767,1.75,1.00
2016.02.29 04:35:59.924,0.73745,0.73765,1.37,1.00
2016.02.29 04:36:00.441,0.73742,0.73765,1.75,1.00
2016.02.29 04:36:00.581,0.73742,0.73763,1.75,1.00
2016.02.29 04:36:01.811,0.73742,0.73763,1.50,1.00
2016.02.29 04:36:02.308,0.73742,0.73764,1.75,1.00
2016.02.29 04:36:03.021,0.73742,0.73764,1.75,1.00
2016.02.29 04:36:04.532,0.73742,0.73764,1.75,1.00
2016.02.29 04:36:07.465,0.73745,0.73766,1.50,1.00
2016.02.29 04:36:08.248,0.73745,0.73768,1.50,1.00
2016.02.29 04:36:08.466,0.73745,0.73769,1.75,1.00
2016.02.29 04:36:09.019,0.73748,0.73769,1.37,1.00
2016.02.29 04:36:09.331,0.73748,0.7377,1.75,1.00
2016.02.29 04:36:10.502,0.73748,0.73769,1.75,1.00
2016.02.29 04:36:10.955,0.73748,0.73767,1.37,1.00
2016.02.29 04:36:11.451,0.73748,0.73771,1.37,1.00
2016.02.29 04:36:11.641,0.73748,0.73771,1.75,1.00
2016.02.29 04:36:11.851,0.73748,0.73769,1.50,1.00
2016.02.29 04:36:12.437,0.73748,0.73768,1.37,1.00
2016.02.29 04:36:13.531,0.73748,0.73768,1.37,1.00
2016.02.29 04:36:17.855,0.73748,0.73769,1.37,1.00
2016.02.29 04:36:18.217,0.73748,0.73767,1.75,1.00
2016.02.29 04:36:18.267,0.73748,0.73767,1.37,1.00
2016.02.29 04:36:19.337,0.73748,0.73766,1.37,1.00
2016.02.29 04:36:21.285,0.73748,0.73769,1.37,1.00
2016.02.29 04:36:21.338,0.73748,0.73769,1.50,1.00
2016.02.29 04:36:22.240,0.73748,0.73769,1.75,1.00
2016.02.29 04:36:22.775,0.73748,0.73769,1.50,1.00
2016.02.29 04:36:23.141,0.73748,0.73767,1.37,1.00
2016.02.29 04:36:23.192,0.73748,0.7377,1.37,1.00
2016.02.29 04:36:23.626,0.73748,0.73768,1.37,1.00
2016.02.29 04:36:24.022,0.73748,0.7377,1.50,1.00
2016.02.29 04:36:24.384,0.73748,0.73768,1.75,1.00
2016.02.29 04:36:25.401,0.73748,0.7377,1.75,1.00
2016.02.29 04:36:26.685,0.73748,0.73773,1.75,1.00
2016.02.29 04:36:27.480,0.73747,0.73766,1.75,1.00
2016.02.29 04:36:27.581,0.73748,0.73766,1.37,1.00
2016.02.29 04:36:27.682,0.73744,0.73766,1.75,1.00
2016.02.29 04:36:27.797,0.73744,0.73772,1.37,1.37
2016.02.29 04:36:27.956,0.7374,0.73762,1.75,1.00
2016.02.29 04:36:30.854,0.73739,0.73762,1.37,1.00
2016.02.29 04:36:34.962,0.73737,0.73762,1.37,1.37
2016.02.29 04:36:35.530,0.73734,0.73762,1.50,1.37
2016.02.29 04:36:37.781,0.73734,0.7376,1.37,1.37
2016.02.29 04:36:38.103,0.7373,0.73754,1.37,1.00
2016.02.29 04:36:38.203,0.73728,0.73754,1.37,1.37
2016.02.29 04:36:41.035,0.73728,0.73752,1.37,1.00
2016.02.29 04:36:41.787,0.73728,0.73753,1.37,1.12
2016.02.29 04:36:56.040,0.73726,0.73753,1.50,1.37
2016.02.29 04:36:56.810,0.73726,0.73753,1.75,1.12
2016.02.29 04:36:57.444,0.7373,0.73755,1.50,1.00
2016.02.29 04:36:57.957,0.7373,0.73756,1.50,1.12
2016.02.29 04:36:58.345,0.73729,0.73757,4.50,1.00
2016.02.29 04:36:58.940,0.7373,0.73755,1.75,1.00
2016.02.29 04:36:59.050,0.7373,0.73755,1.37,1.00
2016.02.29 04:36:59.501,0.73727,0.73754,1.75,1.37
2016.02.29 04:37:15.277,0.73728,0.73754,1.75,1.12
2016.02.29 04:37:17.493,0.73728,0.73754,1.37,1.37
2016.02.29 04:37:17.908,0.73728,0.73751,1.37,1.00
2016.02.29 04:37:28.601,0.73725,0.73751,1.75,1.12
2016.02.29 04:37:28.701,0.73724,0.73751,1.75,1.37
2016.02.29 04:37:30.694,0.73722,0.73749,1.75,1.37
2016.02.29 04:37:33.664,0.73722,0.73747,1.75,1.00
2016.02.29 04:37:33.775,0.73719,0.73747,1.75,1.37
2016.02.29 04:37:37.277,0.73718,0.73747,4.50,1.12
2016.02.29 04:37:38.679,0.73718,0.73747,1.75,1.37
2016.02.29 04:37:39.404,0.73718,0.73747,1.75,1.37
2016.02.29 04:37:40.284,0.73718,0.73749,1.75,1.50
2016.02.29 04:37:57.139,0.73718,0.73745,1.50,1.37
2016.02.29 04:37:57.451,0.73713,0.73737,1.37,1.00
2016.02.29 04:37:58.052,0.73713,0.73738,1.37,1.00
2016.02.29 04:38:15.970,0.73713,0.73741,1.37,1.37
2016.02.29 04:38:16.134,0.73713,0.73739,1.50,1.37
2016.02.29 04:38:27.603,0.7371,0.73736,4.50,1.00
2016.02.29 04:38:27.708,0.73711,0.73738,1.75,1.12
2016.02.29 04:38:27.759,0.73711,0.73735,1.75,1.00
2016.02.29 04:38:27.960,0.73705,0.73735,1.75,1.37
2016.02.29 04:38:30.962,0.73705,0.73734,1.37,1.37
2016.02.29 04:38:39.798,0.73705,0.7373,1.50,1.00
2016.02.29 04:38:45.192,0.73702,0.7373,1.50,1.12
2016.02.29 04:38:52.008,0.73702,0.73732,4.50,1.37
2016.02.29 04:39:41.739,0.73703,0.73731,1.75,1.12
2016.02.29 04:39:45.525,0.73703,0.73732,1.75,1.37
2016.02.29 04:39:47.039,0.73701,0.73732,1.75,1.50
2016.02.29 04:39:47.148,0.737,0.7373,1.75,1.50
2016.02.29 04:39:47.257,0.737,0.7373,1.37,1.75
2016.02.29 04:39:47.833,0.73698,0.73727,1.75,1.37
2016.02.29 04:39:55.648,0.73697,0.73727,1.50,1.50
2016.02.29 04:39:55.749,0.73698,0.73727,1.50,1.37
2016.02.29 04:40:00.557,0.73697,0.73727,1.50,1.50
2016.02.29 04:40:04.866,0.73697,0.73727,1.75,1.37
2016.02.29 04:40:20.996,0.73698,0.73727,1.75,1.37
2016.02.29 04:40:22.908,0.73696,0.73727,2.25,1.50
2016.02.29 04:40:24.204,0.73696,0.73727,2.25,1.37
2016.02.29 04:40:30.619,0.737,0.73727,1.50,1.37
2016.02.29 04:40:38.683,0.737,0.73727,1.37,1.37
2016.02.29 04:40:39.267,0.73696,0.73727,2.25,1.50
2016.02.29 04:40:40.125,0.73701,0.73731,1.37,1.75
2016.02.29 04:40:40.176,0.73703,0.73733,1.50,1.37
2016.02.29 04:40:40.244,0.73703,0.73733,4.50,1.37
2016.02.29 04:40:43.618,0.73703,0.73734,1.75,1.87
2016.02.29 04:40:43.929,0.73705,0.73732,1.75,1.12
2016.02.29 04:40:44.429,0.73705,0.73732,1.50,1.37
2016.02.29 04:40:48.337,0.73702,0.73724,4.50,1.00
2016.02.29 04:40:48.563,0.73703,0.73724,1.37,1.00
2016.02.29 04:40:48.664,0.737,0.73722,1.75,1.00
2016.02.29 04:40:48.764,0.73695,0.73722,1.75,1.00
2016.02.29 04:40:49.064,0.73693,0.73722,1.37,1.00
2016.02.29 04:40:49.115,0.73693,0.7372,1.37,1.00
2016.02.29 04:40:49.453,0.73692,0.7372,1.75,1.00
2016.02.29 04:40:49.718,0.73692,0.73722,1.75,1.00
2016.02.29 04:40:50.487,0.73696,0.73722,1.75,1.00
2016.02.29 04:40:56.375,0.73696,0.7372,1.75,1.00
2016.02.29 04:40:56.483,0.73696,0.7372,1.37,1.00
2016.02.29 04:40:56.585,0.73692,0.7372,1.37,1.00
2016.02.29 04:40:56.686,0.7369,0.7372,1.37,1.00
2016.02.29 04:40:56.825,0.7369,0.73719,1.50,1.00
2016.02.29 04:41:01.499,0.73694,0.73719,1.75,1.00
2016.02.29 04:41:03.744,0.73694,0.73719,4.50,1.00
2016.02.29 04:41:03.901,0.73698,0.7373,2.25,1.00
2016.02.29 04:41:04.007,0.73708,0.73727,1.00,1.00
2016.02.29 04:41:04.174,0.73708,0.73748,1.75,1.50
2016.02.29 04:41:04.224,0.73707,0.73749,1.75,1.50
2016.02.29 04:41:04.998,0.73711,0.73751,1.75,1.50
2016.02.29 04:41:05.440,0.73711,0.73751,1.37,1.75
2016.02.29 04:41:05.548,0.73705,0.73745,1.75,1.50
2016.02.29 04:41:05.956,0.73702,0.73742,1.75,1.50
2016.02.29 04:41:06.386,0.73699,0.73739,2.25,1.50
2016.02.29 04:41:06.752,0.73699,0.73739,2.25,1.75
2016.02.29 04:41:07.751,0.73699,0.73734,1.50,3.75
2016.02.29 04:41:07.957,0.7369,0.73726,1.00,1.75
2016.02.29 04:41:08.018,0.73689,0.73726,1.75,1.50
2016.02.29 04:41:08.473,0.73689,0.73718,1.75,1.00
2016.02.29 04:41:08.793,0.73684,0.73712,1.75,1.00
2016.02.29 04:41:09.127,0.73685,0.7371,1.75,1.00
2016.02.29 04:41:13.248,0.73692,0.7371,1.50,1.00
2016.02.29 04:41:23.794,0.73689,0.7371,1.50,1.00
2016.02.29 04:41:25.356,0.73689,0.7371,1.37,1.00
2016.02.29 04:41:27.769,0.73686,0.7371,1.37,1.00
2016.02.29 04:41:27.879,0.73686,0.7371,1.50,1.00
2016.02.29 04:41:28.210,0.73683,0.73708,1.75,1.00
2016.02.29 04:41:28.408,0.73683,0.7371,1.75,1.12
2016.02.29 04:41:28.459,0.73683,0.73705,1.75,1.00
2016.02.29 04:41:28.588,0.73683,0.73707,1.75,1.00
2016.02.29 04:41:28.708,0.73679,0.73707,1.75,1.00
2016.02.29 04:41:28.809,0.73678,0.73704,1.75,1.00
2016.02.29 04:41:29.109,0.73679,0.73707,1.75,1.00
2016.02.29 04:41:29.410,0.73679,0.73707,1.50,1.00
2016.02.29 04:41:29.494,0.73679,0.73707,1.75,1.00
2016.02.29 04:41:29.711,0.73679,0.73707,1.50,1.00
2016.02.29 04:41:29.811,0.73679,0.73707,1.75,1.00
2016.02.29 04:41:30.012,0.73678,0.73707,1.50,1.00
2016.02.29 04:41:31.406,0.73682,0.73708,1.12,1.00
2016.02.29 04:41:31.515,0.73686,0.73718,1.12,1.12
2016.02.29 04:41:31.566,0.73684,0.73716,1.37,1.00
2016.02.29 04:41:32.007,0.73684,0.73716,1.37,1.00
2016.02.29 04:41:37.896,0.73684,0.73716,1.75,1.00
2016.02.29 04:41:38.202,0.73685,0.73717,2.25,1.00
2016.02.29 04:41:42.736,0.73686,0.73717,1.75,1.00
2016.02.29 04:41:57.469,0.73691,0.73722,1.37,1.00
2016.02.29 04:41:58.028,0.73689,0.73721,1.37,1.00
2016.02.29 04:41:58.706,0.73687,0.73719,1.75,1.00
2016.02.29 04:41:58.763,0.73689,0.73721,1.37,1.00
2016.02.29 04:42:00.976,0.73689,0.73721,1.37,1.00
2016.02.29 04:42:03.831,0.73693,0.73721,1.00,1.00
2016.02.29 04:42:03.881,0.73693,0.73721,1.50,1.37
2016.02.29 04:42:06.986,0.73693,0.7372,1.37,1.37
2016.02.29 04:42:17.987,0.73693,0.73716,1.37,1.00
2016.02.29 04:42:18.706,0.7369,0.7372,1.75,1.37
2016.02.29 04:42:22.170,0.7369,0.7372,1.75,1.37
2016.02.29 04:42:26.079,0.7369,0.7372,4.50,1.37
2016.02.29 04:42:40.812,0.7369,0.73718,1.75,1.37
2016.02.29 04:42:47.168,0.73691,0.73718,1.75,1.12
2016.02.29 04:42:52.034,0.73695,0.73722,1.50,1.37
2016.02.29 04:42:52.141,0.73698,0.7372,1.50,1.00
2016.02.29 04:42:52.191,0.73698,0.73722,1.50,1.00
2016.02.29 04:42:52.756,0.73698,0.73721,1.50,1.00
2016.02.29 04:43:03.354,0.73698,0.73721,1.75,1.00
2016.02.29 04:43:20.895,0.73698,0.73721,1.75,1.00
2016.02.29 04:43:42.466,0.73698,0.73721,1.37,1.00
2016.02.29 04:43:44.261,0.73698,0.7372,1.37,1.00
2016.02.29 04:44:00.894,0.73698,0.7372,1.37,1.00
2016.02.29 04:44:20.928,0.73695,0.7372,1.50,1.00
2016.02.29 04:44:40.159,0.73695,0.7372,1.75,1.00
2016.02.29 04:44:42.162,0.73696,0.7372,1.37,1.00
2016.02.29 04:44:44.509,0.73696,0.73727,1.37,1.75
2016.02.29 04:45:00.699,0.73696,0.7372,1.37,1.00
2016.02.29 04:45:07.764,0.73695,0.73721,1.75,1.12
2016.02.29 04:45:09.518,0.73695,0.73721,1.75,1.00
2016.02.29 04:45:13.051,0.73695,0.73723,1.75,1.12
2016.02.29 04:45:13.625,0.73695,0.73723,1.75,1.37
2016.02.29 04:45:15.583,0.73695,0.7372,1.75,1.00
2016.02.29 04:45:15.931,0.73691,0.73715,1.75,1.00
2016.02.29 04:45:16.030,0.73691,0.73715,1.50,1.00
2016.02.29 04:45:16.133,0.73691,0.73713,1.50,1.00
2016.02.29 04:45:16.240,0.73689,0.73716,1.75,1.12
2016.02.29 04:45:16.792,0.73689,0.73714,1.75,1.00
2016.02.29 04:45:17.735,0.73689,0.73714,4.50,1.00
2016.02.29 04:45:18.689,0.73692,0.73713,1.50,1.00
2016.02.29 04:45:21.041,0.73692,0.73713,1.37,1.00
2016.02.29 04:45:21.461,0.73692,0.73715,1.37,1.00
2016.02.29 04:45:22.001,0.73689,0.73714,1.75,1.00
2016.02.29 04:45:22.344,0.73689,0.73714,1.37,1.12
2016.02.29 04:45:27.171,0.73689,0.73712,1.37,1.00
2016.02.29 04:45:34.175,0.73686,0.73712,1.37,1.00
2016.02.29 04:45:40.477,0.73686,0.73712,1.37,1.37
2016.02.29 04:45:41.290,0.73682,0.73712,1.75,1.37
2016.02.29 04:45:51.899,0.73683,0.73712,1.75,1.37
2016.02.29 04:46:12.841,0.73684,0.73712,1.37,1.37
2016.02.29 04:46:18.251,0.73681,0.73712,5.25,1.37
2016.02.29 04:46:21.572,0.73685,0.73712,1.75,1.37
2016.02.29 04:46:36.278,0.73685,0.73712,1.37,1.37
2016.02.29 04:46:45.501,0.73682,0.73712,1.50,1.50
2016.02.29 04:46:46.052,0.73682,0.73712,1.75,1.37
2016.02.29 04:47:01.023,0.73684,0.73712,1.75,1.37
2016.02.29 04:47:01.825,0.73684,0.73712,1.37,1.37
2016.02.29 04:47:02.443,0.73684,0.73712,1.75,1.37
2016.02.29 04:47:02.928,0.73684,0.73712,1.37,1.37
2016.02.29 04:47:19.191,0.7368,0.7371,1.75,1.37
2016.02.29 04:47:21.600,0.73681,0.73705,1.75,1.00
2016.02.29 04:47:21.801,0.73676,0.73705,1.50,1.37
2016.02.29 04:47:21.902,0.73676,0.73704,1.37,1.50
2016.02.29 04:47:22.002,0.73674,0.73705,1.50,1.50
2016.02.29 04:47:22.103,0.73678,0.73711,1.75,2.25
2016.02.29 04:47:22.434,0.73678,0.7371,5.25,1.37
2016.02.29 04:47:37.208,0.73679,0.73708,1.75,1.37
2016.02.29 04:47:42.020,0.73679,0.73704,1.37,1.37
2016.02.29 04:47:42.537,0.73677,0.73706,1.50,1.37
2016.02.29 04:47:42.843,0.7368,0.73708,1.50,1.37
2016.02.29 04:47:43.950,0.7368,0.73708,1.75,1.12
2016.02.29 04:48:00.972,0.73682,0.73708,1.75,1.00
2016.02.29 04:48:19.260,0.73681,0.73708,1.75,1.12
2016.02.29 04:48:27.579,0.73681,0.73707,1.75,1.00
2016.02.29 04:48:29.078,0.73681,0.73707,1.50,1.37
2016.02.29 04:49:00.934,0.73681,0.73707,1.75,1.12
2016.02.29 04:49:09.855,0.7368,0.73707,1.50,1.37
2016.02.29 04:50:00.980,0.73678,0.73709,1.50,1.37
2016.02.29 04:50:08.621,0.73678,0.73704,1.50,1.00
2016.02.29 04:50:08.810,0.73673,0.73704,1.50,2.25
2016.02.29 04:50:10.571,0.73677,0.73708,1.87,1.50
2016.02.29 04:50:10.710,0.73677,0.73708,2.25,1.37
2016.02.29 04:50:11.269,0.73677,0.73708,2.25,1.75
2016.02.29 04:50:16.579,0.73677,0.73707,1.37,1.75
2016.02.29 04:50:16.729,0.73677,0.73707,1.50,1.50
2016.02.29 04:50:19.793,0.73676,0.73705,1.37,1.50
2016.02.29 04:50:20.162,0.73675,0.73702,1.37,1.50
2016.02.29 04:50:28.350,0.73671,0.73701,1.37,1.50
2016.02.29 04:50:31.013,0.7367,0.73701,1.75,1.50
2016.02.29 04:50:41.180,0.7367,0.73699,3.75,1.87
2016.02.29 04:50:41.281,0.73669,0.73699,1.37,1.37
2016.02.29 04:50:41.331,0.73669,0.73699,1.75,1.37
2016.02.29 04:50:50.547,0.73675,0.73701,1.00,1.37
2016.02.29 04:50:50.851,0.7368,0.7371,1.37,1.75
2016.02.29 04:51:11.089,0.7368,0.7371,1.37,1.37
2016.02.29 04:51:13.995,0.7368,0.73712,1.75,2.25
2016.02.29 04:51:18.552,0.7368,0.73711,1.50,1.75
2016.02.29 04:51:18.940,0.73676,0.73706,1.37,1.75
2016.02.29 04:51:19.092,0.73674,0.73705,1.37,1.50
2016.02.29 04:51:19.143,0.73674,0.73702,1.37,1.50
2016.02.29 04:51:19.206,0.73674,0.73702,1.37,1.37
2016.02.29 04:51:22.917,0.73674,0.73703,1.37,1.75
2016.02.29 04:51:30.031,0.73674,0.73703,1.37,1.50
2016.02.29 04:51:40.255,0.73676,0.73707,1.75,2.25
2016.02.29 04:51:40.601,0.73679,0.7371,1.37,2.25
2016.02.29 04:51:41.118,0.73679,0.7371,1.75,2.25
2016.02.29 04:51:41.269,0.73674,0.73705,4.50,1.37
2016.02.29 04:51:41.389,0.73674,0.73705,1.37,1.75
2016.02.29 04:51:45.388,0.73673,0.73702,1.37,1.75
2016.02.29 04:51:50.977,0.7367,0.73701,4.50,1.37
2016.02.29 04:51:57.288,0.73673,0.73702,1.50,1.37
2016.02.29 04:51:59.994,0.73673,0.73702,1.50,1.37
2016.02.29 04:52:00.094,0.73673,0.73702,1.75,1.37
2016.02.29 04:52:00.236,0.73672,0.73702,1.75,1.37
2016.02.29 04:52:00.296,0.73672,0.73702,1.50,1.50
2016.02.29 04:52:00.899,0.7367,0.73701,1.37,1.50
2016.02.29 04:52:02.618,0.7367,0.73701,1.75,1.37
2016.02.29 04:52:08.744,0.7367,0.73701,1.37,1.75
2016.02.29 04:52:15.324,0.7367,0.73701,1.50,1.37
2016.02.29 04:52:22.238,0.7367,0.73701,1.37,1.75
2016.02.29 04:52:24.382,0.7367,0.73701,1.75,1.50
2016.02.29 04:52:25.045,0.7367,0.73701,1.37,1.75
2016.02.29 04:52:40.967,0.73668,0.737,1.50,2.25
2016.02.29 04:52:56.088,0.73668,0.73699,2.25,1.50
2016.02.29 04:53:02.229,0.73668,0.73699,2.25,1.37
2016.02.29 04:53:08.755,0.73672,0.73702,1.75,1.37
2016.02.29 04:53:09.809,0.73671,0.73702,1.75,1.50
2016.02.29 04:53:25.643,0.73671,0.73702,1.50,1.87
2016.02.29 04:53:27.687,0.73676,0.73706,1.37,3.75
2016.02.29 04:53:28.036,0.73678,0.73708,1.50,1.50
2016.02.29 04:53:28.367,0.73678,0.73708,1.75,1.37
2016.02.29 04:53:35.166,0.73678,0.73708,1.75,1.37
2016.02.29 04:53:35.667,0.73678,0.73703,1.37,1.37
2016.02.29 04:53:36.163,0.73676,0.73703,1.37,1.37
2016.02.29 04:53:36.263,0.73676,0.73703,1.50,1.37
2016.02.29 04:53:37.267,0.73676,0.73703,1.37,1.37
2016.02.29 04:53:37.368,0.73673,0.73703,1.75,1.37
2016.02.29 04:53:43.176,0.73673,0.73703,1.75,1.37
2016.02.29 04:53:44.664,0.73673,0.73703,1.75,1.37
2016.02.29 04:53:49.688,0.73677,0.73704,1.12,1.37
2016.02.29 04:53:49.788,0.73676,0.73705,3.75,1.00
2016.02.29 04:53:50.237,0.73679,0.73707,1.37,1.50
2016.02.29 04:53:50.586,0.73679,0.7371,1.75,2.25
2016.02.29 04:53:54.002,0.73679,0.73706,1.37,1.37
2016.02.29 04:53:54.693,0.73676,0.73706,1.37,1.75
2016.02.29 04:53:55.036,0.73674,0.73698,1.00,1.75
2016.02.29 04:53:55.086,0.73669,0.73698,1.37,1.75
2016.02.29 04:53:55.137,0.7367,0.73701,1.75,2.25
2016.02.29 04:53:55.329,0.73669,0.73696,1.12,1.37
2016.02.29 04:53:55.429,0.73662,0.73691,1.75,1.37
2016.02.29 04:53:55.749,0.73662,0.73687,1.75,1.00
2016.02.29 04:53:55.874,0.73653,0.73681,1.75,1.37
2016.02.29 04:53:56.106,0.73654,0.73683,1.00,3.75
2016.02.29 04:53:56.157,0.73649,0.73679,1.75,1.37
2016.02.29 04:53:56.522,0.73648,0.73679,1.75,1.37
2016.02.29 04:53:56.706,0.73648,0.73675,1.37,1.37
2016.02.29 04:53:57.342,0.73648,0.73676,1.37,1.37
2016.02.29 04:53:57.643,0.7365,0.73677,1.75,1.12
2016.02.29 04:53:58.448,0.7365,0.73676,1.75,1.00
2016.02.29 04:53:58.607,0.73648,0.73675,1.75,1.37
2016.02.29 04:53:59.208,0.73648,0.73675,1.37,1.37
2016.02.29 04:53:59.838,0.73649,0.73679,3.75,1.37
2016.02.29 04:54:00.039,0.73651,0.73677,1.37,1.12
2016.02.29 04:54:00.417,0.73652,0.73681,1.75,1.37
2016.02.29 04:54:00.618,0.73655,0.73684,1.75,1.12
2016.02.29 04:54:00.719,0.73658,0.73684,1.75,1.00
2016.02.29 04:54:00.819,0.73659,0.73684,1.37,1.00
2016.02.29 04:54:01.016,0.73659,0.73684,1.75,1.00
2016.02.29 04:54:01.586,0.73659,0.73686,1.37,1.37
2016.02.29 04:54:11.847,0.73658,0.73688,1.75,1.37
2016.02.29 04:54:32.111,0.73658,0.73687,1.75,1.37
2016.02.29 04:54:32.212,0.73658,0.73688,1.50,1.37
2016.02.29 04:54:36.113,0.73663,0.7369,1.00,1.50
2016.02.29 04:54:36.163,0.73663,0.73693,1.37,1.75
2016.02.29 04:54:36.223,0.73663,0.73693,1.75,1.37
2016.02.29 04:54:36.724,0.73663,0.73695,5.25,1.37
2016.02.29 04:54:39.910,0.73664,0.73694,1.75,1.37
2016.02.29 04:54:43.157,0.73664,0.73693,1.75,1.37
2016.02.29 04:54:43.780,0.73669,0.73696,1.75,1.37
2016.02.29 04:54:44.286,0.73669,0.73698,1.75,1.37
2016.02.29 04:54:52.157,0.73668,0.73696,4.50,1.00
2016.02.29 04:54:52.211,0.73668,0.73696,1.75,1.37
2016.02.29 04:54:57.418,0.73669,0.73698,1.75,1.37
2016.02.29 04:55:02.240,0.73671,0.73698,1.37,1.37
2016.02.29 04:55:03.076,0.73671,0.73698,1.75,1.12
2016.02.29 04:55:03.177,0.73671,0.73697,1.37,1.37
2016.02.29 04:55:05.266,0.73668,0.73698,1.50,1.50
2016.02.29 04:55:13.476,0.73668,0.73698,1.75,1.37
2016.02.29 04:55:20.948,0.73669,0.737,4.50,1.37
2016.02.29 04:55:21.804,0.73669,0.737,1.75,1.50
2016.02.29 04:55:23.409,0.73669,0.737,4.50,1.37
2016.02.29 04:55:32.634,0.73671,0.737,1.37,1.50
2016.02.29 04:55:40.687,0.73669,0.73698,1.37,1.50
2016.02.29 04:55:40.928,0.73661,0.73692,1.50,1.75
2016.02.29 04:55:41.183,0.7366,0.73687,1.37,1.37
2016.02.29 04:55:41.500,0.73657,0.73688,1.75,1.50
2016.02.29 04:55:42.033,0.73657,0.73688,1.37,1.75
2016.02.29 04:55:45.087,0.73657,0.73688,1.75,1.50
2016.02.29 04:55:45.535,0.7365,0.73681,1.75,1.50
2016.02.29 04:55:45.884,0.73654,0.73687,1.75,1.75
2016.02.29 04:55:50.294,0.73655,0.73684,1.00,3.75
2016.02.29 04:55:50.344,0.73649,0.7368,1.37,1.50
2016.02.29 04:55:53.078,0.73649,0.7368,1.37,4.50
2016.02.29 04:55:57.923,0.73646,0.73678,3.75,1.37
2016.02.29 04:56:00.693,0.73647,0.73677,3.75,1.37
2016.02.29 04:56:01.916,0.7365,0.73681,1.37,1.50
2016.02.29 04:56:02.017,0.7365,0.73681,1.75,1.37
2016.02.29 04:56:02.727,0.7365,0.73682,3.75,1.37
2016.02.29 04:56:03.257,0.73653,0.73684,1.37,1.75
2016.02.29 04:56:03.584,0.7365,0.73681,1.50,1.75
2016.02.29 04:56:03.886,0.73652,0.73684,1.75,1.50
2016.02.29 04:56:04.925,0.73652,0.73684,1.75,1.75
2016.02.29 04:56:08.114,0.73652,0.73684,1.50,1.75
2016.02.29 04:56:09.016,0.73652,0.73684,1.50,1.50
2016.02.29 04:56:17.098,0.73652,0.73684,4.50,1.37
2016.02.29 04:56:17.148,0.73656,0.73684,3.75,1.00
2016.02.29 04:56:17.290,0.73659,0.7369,1.50,1.37
2016.02.29 04:56:24.213,0.73659,0.73685,1.50,1.00
2016.02.29 04:56:24.263,0.73659,0.73685,1.37,1.37
2016.02.29 04:56:25.652,0.73656,0.73686,1.75,1.37
2016.02.29 04:56:27.455,0.73659,0.73686,1.50,1.37
2016.02.29 04:56:42.283,0.73659,0.73688,1.37,1.50
2016.02.29 04:56:43.084,0.73658,0.73688,1.75,1.37
2016.02.29 04:57:01.027,0.73657,0.73688,1.50,1.87
2016.02.29 04:57:05.362,0.73659,0.73688,1.50,1.37
2016.02.29 04:57:05.841,0.73664,0.73691,1.50,1.37
2016.02.29 04:57:06.162,0.73664,0.73691,1.37,1.37
2016.02.29 04:57:09.149,0.73661,0.73691,1.37,1.37
2016.02.29 04:57:09.250,0.73661,0.73689,1.37,1.37
2016.02.29 04:57:11.755,0.73658,0.73688,1.75,1.37
2016.02.29 04:57:12.056,0.73658,0.73688,1.75,1.37
2016.02.29 04:57:13.803,0.73661,0.73689,1.50,1.37
2016.02.29 04:57:14.964,0.73661,0.73688,1.37,1.37
2016.02.29 04:57:19.904,0.73657,0.73687,1.75,1.37
2016.02.29 04:57:21.693,0.73657,0.73687,4.50,1.37
2016.02.29 04:57:24.388,0.7366,0.7369,1.50,1.37
2016.02.29 04:57:24.738,0.73662,0.73692,1.75,1.37
2016.02.29 04:57:27.642,0.73661,0.73694,1.50,1.37
2016.02.29 04:57:27.695,0.73661,0.73694,1.37,1.12
2016.02.29 04:57:27.942,0.7366,0.73694,1.37,1.37
2016.02.29 04:57:28.308,0.7366,0.73692,1.12,1.37
2016.02.29 04:57:30.522,0.73659,0.73691,1.37,1.12
2016.02.29 04:57:31.074,0.73658,0.7369,1.50,1.00
2016.02.29 04:57:31.705,0.73658,0.7369,1.37,1.12
2016.02.29 04:57:32.206,0.73659,0.7369,1.37,1.12
2016.02.29 04:57:32.989,0.73658,0.73689,1.37,1.00
2016.02.29 04:57:34.255,0.73658,0.73689,1.37,1.37
2016.02.29 04:57:38.025,0.73657,0.73688,1.12,1.37
2016.02.29 04:57:38.467,0.73656,0.7369,1.37,1.37
2016.02.29 04:57:38.790,0.73657,0.73689,1.37,1.00
2016.02.29 04:57:39.492,0.73655,0.73687,1.37,1.00
2016.02.29 04:57:42.605,0.73657,0.73689,1.37,1.37
2016.02.29 04:57:42.655,0.73658,0.7369,1.37,1.00
2016.02.29 04:57:43.691,0.73658,0.7369,1.37,1.00
2016.02.29 04:57:46.945,0.7366,0.73691,1.37,1.00
2016.02.29 04:57:47.051,0.7366,0.73691,1.12,1.37
2016.02.29 04:57:49.143,0.73658,0.7369,1.37,1.12
2016.02.29 04:57:51.672,0.73657,0.73689,2.25,1.00
2016.02.29 04:58:01.859,0.73657,0.73689,2.25,1.37
2016.02.29 04:58:02.991,0.73657,0.73689,2.25,1.37
2016.02.29 04:58:10.302,0.7366,0.73691,2.25,1.37
2016.02.29 04:58:10.692,0.7366,0.73691,1.50,1.75
2016.02.29 04:58:15.311,0.73659,0.7369,1.75,1.87
2016.02.29 04:58:23.204,0.73662,0.73693,1.75,1.50
2016.02.29 04:58:23.512,0.73665,0.73695,1.75,1.37
2016.02.29 04:58:24.104,0.73665,0.73694,1.37,1.37
2016.02.29 04:58:26.096,0.73665,0.73693,1.37,1.50
2016.02.29 04:58:27.499,0.73662,0.73693,2.25,1.37
2016.02.29 04:58:28.149,0.73664,0.73695,1.75,1.50
2016.02.29 04:58:28.513,0.73666,0.73696,1.75,1.50
2016.02.29 04:58:30.717,0.73664,0.73695,1.50,2.25
2016.02.29 04:58:49.631,0.73663,0.73695,2.25,1.75
2016.02.29 04:58:53.048,0.73659,0.7369,2.25,2.25
2016.02.29 04:58:57.648,0.7366,0.7369,1.75,1.37
2016.02.29 04:59:01.555,0.73661,0.73692,1.37,1.75
2016.02.29 04:59:17.379,0.73659,0.7369,1.75,1.50
2016.02.29 04:59:32.709,0.73658,0.73689,1.75,2.25
2016.02.29 04:59:42.212,0.73659,0.73689,1.75,1.37
2016.02.29 04:59:44.149,0.73658,0.73689,2.25,2.25
2016.02.29 04:59:44.454,0.73659,0.73689,1.75,1.37
2016.02.29 04:59:46.219,0.73661,0.7369,1.37,1.75
2016.02.29 04:59:51.463,0.73658,0.73687,1.37,1.37
