2010.08.20 02:00:01.198,0.99305,0.9936,1.70,1.00
2010.08.20 02:00:01.698,0.99305,0.99355,1.60,1.00
2010.08.20 02:00:05.325,0.99305,0.99355,1.60,1.70
2010.08.20 02:00:07.116,0.99305,0.99355,1.60,1.00
2010.08.20 02:00:07.626,0.99305,0.9936,1.60,1.00
2010.08.20 02:00:09.426,0.9931,0.9936,1.00,1.00
2010.08.20 02:00:10.785,0.99305,0.9936,1.60,1.00
2010.08.20 02:00:11.266,0.9931,0.9936,1.00,1.00
2010.08.20 02:00:11.475,0.9931,0.9936,1.00,1.00
2010.08.20 02:00:11.895,0.99305,0.9936,1.70,1.00
2010.08.20 02:00:13.516,0.9931,0.9936,1.00,1.00
2010.08.20 02:00:14.298,0.99305,0.9936,1.70,1.00
2010.08.20 02:00:15.315,0.99305,0.9936,1.60,1.00
2010.08.20 02:00:23.645,0.99305,0.9936,2.00,1.00
2010.08.20 02:00:24.826,0.99305,0.9936,2.10,1.00
2010.08.20 02:00:28.358,0.99305,0.99355,2.00,1.00
2010.08.20 02:00:28.656,0.99305,0.99355,1.60,1.00
2010.08.20 02:00:29.877,0.99305,0.9935,1.60,1.00
2010.08.20 02:00:30.056,0.99305,0.9935,1.60,1.00
2010.08.20 02:00:30.396,0.99305,0.9935,1.60,1.00
2010.08.20 02:00:32.109,0.99295,0.9935,1.00,1.00
2010.08.20 02:00:33.368,0.993,0.99355,1.00,3.50
2010.08.20 02:00:34.068,0.99295,0.9935,1.00,1.00
2010.08.20 02:00:34.486,0.99295,0.9935,1.00,1.00
2010.08.20 02:00:34.826,0.993,0.99355,1.00,3.30
2010.08.20 02:00:35.166,0.993,0.99355,1.00,3.30
2010.08.20 02:00:43.107,0.99295,0.99355,1.00,3.50
2010.08.20 02:00:43.445,0.993,0.99355,1.00,3.30
2010.08.20 02:00:43.781,0.99295,0.99355,1.00,3.50
2010.08.20 02:00:43.890,0.993,0.99355,1.00,3.30
2010.08.20 02:00:44.225,0.993,0.99355,1.00,2.50
2010.08.20 02:00:44.565,0.99305,0.99355,1.00,2.50
2010.08.20 02:00:45.217,0.99305,0.99355,1.00,2.50
2010.08.20 02:00:46.369,0.99305,0.99355,1.00,2.50
2010.08.20 02:00:49.617,0.99305,0.99355,1.00,1.60
2010.08.20 02:00:49.799,0.99305,0.99355,1.60,1.60
2010.08.20 02:00:50.967,0.99305,0.99355,1.70,1.60
2010.08.20 02:00:52.034,0.9931,0.99355,1.00,1.60
2010.08.20 02:00:52.896,0.9931,0.99355,1.00,1.00
2010.08.20 02:00:55.277,0.99315,0.99355,1.00,1.00
2010.08.20 02:00:59.145,0.99315,0.99355,1.70,1.00
2010.08.20 02:00:59.325,0.99315,0.99365,1.70,1.60
2010.08.20 02:01:02.485,0.99315,0.99365,2.50,1.60
2010.08.20 02:01:03.526,0.99315,0.99365,1.00,1.60
2010.08.20 02:01:06.257,0.99315,0.99365,2.50,1.60
2010.08.20 02:01:07.116,0.9932,0.99375,1.00,3.10
2010.08.20 02:01:10.066,0.9932,0.99375,1.00,2.90
2010.08.20 02:01:10.925,0.9932,0.99375,1.00,2.50
2010.08.20 02:01:11.046,0.9932,0.99375,1.00,2.50
2010.08.20 02:01:12.338,0.9932,0.99375,1.00,2.70
2010.08.20 02:01:12.435,0.9932,0.99375,1.00,5.20
2010.08.20 02:01:12.526,0.9932,0.99365,1.00,1.60
2010.08.20 02:01:14.136,0.99315,0.99365,1.70,1.60
2010.08.20 02:01:14.175,0.99315,0.99365,1.70,2.50
2010.08.20 02:01:14.240,0.99315,0.99365,1.00,2.50
2010.08.20 02:01:14.596,0.99315,0.99365,1.00,2.00
2010.08.20 02:01:19.136,0.99315,0.99365,1.00,2.00
2010.08.20 02:01:19.235,0.99315,0.99365,2.50,2.00
2010.08.20 02:01:19.696,0.99315,0.99365,2.50,1.60
2010.08.20 02:01:19.985,0.99315,0.99365,1.00,2.00
2010.08.20 02:01:21.906,0.9932,0.99365,1.00,1.00
2010.08.20 02:01:22.328,0.9933,0.99365,1.00,1.00
2010.08.20 02:01:22.396,0.9933,0.99375,1.00,2.00
2010.08.20 02:01:22.718,0.9932,0.99375,1.00,2.00
2010.08.20 02:01:25.333,0.99325,0.99375,1.00,2.00
2010.08.20 02:01:25.595,0.9932,0.99375,1.00,2.00
2010.08.20 02:01:25.855,0.9932,0.99375,1.00,1.00
2010.08.20 02:01:29.209,0.99325,0.99375,1.00,1.00
2010.08.20 02:01:34.699,0.99325,0.9938,1.00,1.00
2010.08.20 02:01:39.524,0.99325,0.9938,1.00,1.00
2010.08.20 02:01:44.697,0.9932,0.9938,1.00,1.00
2010.08.20 02:01:44.866,0.99325,0.9938,1.00,1.00
2010.08.20 02:01:45.427,0.99325,0.99385,1.00,1.60
2010.08.20 02:01:45.606,0.9932,0.9938,1.00,1.00
2010.08.20 02:01:52.868,0.9932,0.9938,1.00,1.10
2010.08.20 02:01:52.907,0.9932,0.9938,1.00,1.00
2010.08.20 02:01:53.922,0.9932,0.9938,1.00,1.10
2010.08.20 02:01:54.445,0.9932,0.9938,1.00,1.00
2010.08.20 02:01:57.625,0.99325,0.99385,1.00,2.70
2010.08.20 02:02:04.042,0.99325,0.99385,1.00,2.70
2010.08.20 02:02:04.197,0.99345,0.99385,1.00,1.60
2010.08.20 02:02:04.356,0.99345,0.9939,1.00,1.10
2010.08.20 02:02:04.748,0.99345,0.9939,1.00,1.00
2010.08.20 02:02:05.206,0.99345,0.9939,1.00,1.10
2010.08.20 02:02:05.545,0.99335,0.9939,1.00,1.10
2010.08.20 02:02:07.516,0.99335,0.9939,4.00,1.00
2010.08.20 02:02:07.656,0.9935,0.9939,1.60,1.00
2010.08.20 02:02:07.991,0.99345,0.9939,1.00,1.00
2010.08.20 02:02:08.127,0.9934,0.9939,1.00,1.10
2010.08.20 02:02:10.866,0.9934,0.99385,1.00,1.00
2010.08.20 02:02:11.287,0.99335,0.99385,1.00,1.00
2010.08.20 02:02:15.586,0.99335,0.99385,1.00,1.00
2010.08.20 02:02:27.886,0.9934,0.99385,1.00,1.00
2010.08.20 02:02:27.942,0.9934,0.99385,2.40,1.00
2010.08.20 02:02:28.096,0.9934,0.99385,1.60,1.00
2010.08.20 02:02:28.462,0.9933,0.99385,1.00,1.00
2010.08.20 02:02:28.821,0.9933,0.99385,2.40,1.00
2010.08.20 02:02:29.080,0.9933,0.99385,2.80,1.00
2010.08.20 02:02:30.692,0.9933,0.99385,2.90,1.60
2010.08.20 02:02:30.827,0.99335,0.99385,1.00,1.60
2010.08.20 02:02:30.899,0.99335,0.99385,1.00,1.60
2010.08.20 02:02:31.505,0.9935,0.9939,1.60,2.40
2010.08.20 02:02:31.851,0.99345,0.994,1.00,1.00
2010.08.20 02:02:32.826,0.99345,0.99405,1.00,4.60
2010.08.20 02:02:33.167,0.99355,0.99405,1.00,2.00
2010.08.20 02:02:33.507,0.9936,0.99405,1.60,1.60
2010.08.20 02:02:33.847,0.99365,0.9941,1.00,1.00
2010.08.20 02:02:35.258,0.99365,0.99405,1.00,1.00
2010.08.20 02:02:35.346,0.99365,0.99405,1.00,1.00
2010.08.20 02:02:37.400,0.99355,0.9941,1.00,2.60
2010.08.20 02:02:37.529,0.99355,0.9941,1.00,2.40
2010.08.20 02:02:37.658,0.99355,0.99405,1.00,4.00
2010.08.20 02:02:37.789,0.99355,0.99405,1.00,1.60
2010.08.20 02:02:38.179,0.99355,0.99405,1.00,4.00
2010.08.20 02:02:38.520,0.9934,0.99395,1.00,1.00
2010.08.20 02:02:41.287,0.9934,0.99395,1.00,1.00
2010.08.20 02:02:43.787,0.9934,0.99405,1.00,5.40
2010.08.20 02:02:43.965,0.9934,0.994,1.00,2.40
2010.08.20 02:02:46.525,0.9934,0.994,1.00,2.40
2010.08.20 02:02:48.015,0.9934,0.994,1.00,2.40
2010.08.20 02:02:48.457,0.9934,0.994,1.00,2.60
2010.08.20 02:02:49.259,0.9934,0.99395,1.00,1.00
2010.08.20 02:02:53.067,0.9934,0.994,1.00,2.60
2010.08.20 02:03:14.461,0.9934,0.99395,1.00,1.00
2010.08.20 02:03:15.701,0.9934,0.994,1.00,2.60
2010.08.20 02:03:17.185,0.9934,0.994,1.00,3.00
2010.08.20 02:03:22.423,0.9934,0.99395,1.00,1.00
2010.08.20 02:03:22.736,0.9934,0.994,1.00,3.00
2010.08.20 02:03:24.183,0.9934,0.99395,1.00,1.00
2010.08.20 02:03:24.733,0.9934,0.994,1.00,2.90
2010.08.20 02:03:27.044,0.9934,0.994,1.00,2.50
2010.08.20 02:03:27.338,0.9934,0.99395,1.00,1.00
2010.08.20 02:03:38.494,0.99335,0.99395,1.00,1.00
2010.08.20 02:03:38.597,0.9933,0.99395,3.20,1.00
2010.08.20 02:03:39.147,0.99335,0.994,1.00,3.00
2010.08.20 02:03:42.328,0.9933,0.994,3.20,2.90
2010.08.20 02:03:42.746,0.99335,0.994,1.00,2.80
2010.08.20 02:03:42.956,0.99335,0.994,1.00,2.40
2010.08.20 02:03:44.808,0.9933,0.994,2.90,2.60
2010.08.20 02:03:46.910,0.9933,0.99395,2.90,2.40
2010.08.20 02:03:47.176,0.9933,0.9939,2.10,1.00
2010.08.20 02:03:47.573,0.99335,0.9939,1.00,1.00
2010.08.20 02:03:47.848,0.99335,0.9939,1.00,1.00
2010.08.20 02:03:48.935,0.9933,0.9939,1.70,1.00
2010.08.20 02:03:49.455,0.99335,0.9939,1.00,1.00
2010.08.20 02:03:49.986,0.9933,0.9939,2.50,1.00
2010.08.20 02:03:50.075,0.9933,0.9939,2.40,1.00
2010.08.20 02:03:50.276,0.99335,0.99395,1.00,1.00
2010.08.20 02:03:50.476,0.99335,0.994,1.00,2.80
2010.08.20 02:03:50.973,0.99335,0.99395,1.00,1.00
2010.08.20 02:03:51.177,0.9933,0.99395,3.10,1.00
2010.08.20 02:03:51.517,0.99335,0.9939,1.00,1.00
2010.08.20 02:03:52.846,0.9933,0.99395,3.20,1.00
2010.08.20 02:03:53.137,0.99335,0.99395,1.00,1.00
2010.08.20 02:03:55.525,0.99335,0.99395,1.00,2.10
2010.08.20 02:03:55.665,0.99335,0.99395,1.00,4.60
2010.08.20 02:03:55.925,0.99335,0.9939,1.00,1.00
2010.08.20 02:03:58.201,0.99335,0.9939,1.00,1.00
2010.08.20 02:04:08.905,0.99335,0.9939,1.00,1.00
2010.08.20 02:04:09.846,0.9933,0.99395,2.80,1.00
2010.08.20 02:04:10.085,0.9933,0.9939,2.00,1.00
2010.08.20 02:04:10.327,0.99345,0.9939,1.00,1.00
2010.08.20 02:04:12.697,0.99335,0.99385,1.00,1.60
2010.08.20 02:04:13.357,0.99335,0.9939,1.00,1.00
2010.08.20 02:04:13.587,0.99335,0.9939,1.00,1.00
2010.08.20 02:04:17.946,0.99335,0.9939,1.00,3.00
2010.08.20 02:04:18.216,0.99335,0.99385,1.00,2.10
2010.08.20 02:04:20.306,0.99335,0.99385,1.00,2.30
2010.08.20 02:04:24.407,0.99335,0.99385,1.00,2.10
2010.08.20 02:04:24.941,0.99335,0.99385,1.00,2.20
2010.08.20 02:04:25.176,0.99335,0.99385,1.00,2.30
2010.08.20 02:04:28.503,0.99335,0.99385,1.00,2.10
2010.08.20 02:04:45.245,0.99335,0.99385,1.00,2.10
2010.08.20 02:05:00.926,0.9934,0.99385,1.00,2.10
2010.08.20 02:05:02.546,0.99335,0.99385,1.00,2.10
2010.08.20 02:05:03.249,0.99335,0.99385,1.00,2.10
2010.08.20 02:05:04.278,0.99335,0.99385,1.00,2.10
2010.08.20 02:05:04.626,0.99335,0.99385,1.00,2.10
2010.08.20 02:05:04.800,0.99335,0.99385,1.00,1.60
2010.08.20 02:05:04.969,0.99345,0.99385,1.00,1.60
2010.08.20 02:05:05.177,0.99345,0.99395,1.00,4.20
2010.08.20 02:05:05.377,0.99345,0.99395,1.00,4.00
2010.08.20 02:05:05.930,0.9935,0.99395,1.00,4.40
2010.08.20 02:05:06.267,0.9935,0.99395,1.00,1.00
2010.08.20 02:05:06.698,0.99355,0.99395,1.00,1.00
2010.08.20 02:05:07.390,0.99355,0.99395,1.00,2.50
2010.08.20 02:05:07.730,0.99355,0.99395,1.00,1.60
2010.08.20 02:05:08.412,0.9936,0.994,1.00,1.00
2010.08.20 02:05:08.752,0.9936,0.99405,1.00,2.50
2010.08.20 02:05:09.101,0.99365,0.99405,1.00,1.60
2010.08.20 02:05:09.407,0.99365,0.9941,1.00,1.30
2010.08.20 02:05:10.056,0.99365,0.9941,1.00,3.80
2010.08.20 02:05:10.373,0.99355,0.99405,1.00,2.50
2010.08.20 02:05:12.776,0.99355,0.994,1.00,1.00
2010.08.20 02:05:13.729,0.99365,0.9941,1.00,2.40
2010.08.20 02:05:14.180,0.99365,0.99415,1.00,2.00
2010.08.20 02:05:14.518,0.99365,0.99415,1.00,4.00
2010.08.20 02:05:16.785,0.99365,0.99415,1.00,4.80
2010.08.20 02:05:17.007,0.9936,0.99405,1.00,2.50
2010.08.20 02:05:17.226,0.9936,0.99415,1.00,4.60
2010.08.20 02:05:18.558,0.9936,0.9941,1.00,2.40
2010.08.20 02:05:18.796,0.9936,0.99415,1.00,4.00
2010.08.20 02:05:19.767,0.9936,0.99415,1.00,4.80
2010.08.20 02:05:19.987,0.9936,0.99405,1.00,2.50
2010.08.20 02:05:24.766,0.99365,0.99415,1.00,4.00
2010.08.20 02:05:26.492,0.99365,0.99415,1.00,4.80
2010.08.20 02:05:26.827,0.9936,0.99405,1.00,2.50
2010.08.20 02:05:29.706,0.9936,0.99405,1.00,1.00
2010.08.20 02:05:29.845,0.9936,0.99415,1.00,4.00
2010.08.20 02:05:30.039,0.9936,0.99415,1.00,4.00
2010.08.20 02:05:35.108,0.9936,0.99415,1.00,4.40
2010.08.20 02:05:35.120,0.9937,0.99415,1.00,2.00
2010.08.20 02:05:35.447,0.9937,0.9941,1.00,1.00
2010.08.20 02:05:35.777,0.9937,0.99415,1.00,2.10
2010.08.20 02:05:38.686,0.99375,0.99415,1.00,2.10
2010.08.20 02:05:38.788,0.99375,0.99415,1.00,2.00
2010.08.20 02:05:38.826,0.99375,0.99415,1.00,1.00
2010.08.20 02:05:38.901,0.99375,0.9942,1.00,2.60
2010.08.20 02:05:38.948,0.99375,0.9942,1.00,1.00
2010.08.20 02:05:44.181,0.9937,0.9942,1.00,1.00
2010.08.20 02:05:44.229,0.9937,0.9942,1.00,2.60
2010.08.20 02:05:44.401,0.9937,0.99415,1.00,1.00
2010.08.20 02:05:44.480,0.9937,0.99415,1.00,2.50
2010.08.20 02:05:44.505,0.9937,0.99415,1.00,2.70
2010.08.20 02:05:50.965,0.9937,0.99415,1.00,2.50
2010.08.20 02:05:51.308,0.99375,0.9942,1.00,1.00
2010.08.20 02:05:52.505,0.99375,0.99415,1.00,1.60
2010.08.20 02:05:52.769,0.9937,0.99415,1.00,2.00
2010.08.20 02:05:54.278,0.9937,0.99415,1.00,2.10
2010.08.20 02:06:02.773,0.9937,0.99415,1.00,2.70
2010.08.20 02:06:03.348,0.9937,0.99415,1.00,2.50
2010.08.20 02:06:07.997,0.9938,0.99415,1.00,1.60
2010.08.20 02:06:08.357,0.9938,0.99415,1.00,2.50
2010.08.20 02:06:10.750,0.99365,0.99415,1.00,2.50
2010.08.20 02:06:13.229,0.99365,0.99415,1.00,2.70
2010.08.20 02:06:23.394,0.99365,0.99415,1.00,2.60
2010.08.20 02:06:23.981,0.99365,0.99415,1.00,2.70
2010.08.20 02:06:39.934,0.9936,0.99415,1.70,3.50
2010.08.20 02:06:42.916,0.9936,0.99415,1.70,3.30
2010.08.20 02:06:43.402,0.9936,0.99415,1.70,3.50
2010.08.20 02:06:44.228,0.9936,0.99415,1.70,3.30
2010.08.20 02:06:45.250,0.9936,0.99415,1.60,3.50
2010.08.20 02:06:47.359,0.9936,0.99415,1.70,3.50
2010.08.20 02:06:56.956,0.9936,0.9942,2.50,2.60
2010.08.20 02:06:57.187,0.9936,0.99425,2.40,5.40
2010.08.20 02:06:57.416,0.9936,0.9942,2.40,1.00
2010.08.20 02:06:58.899,0.9936,0.9942,2.40,1.00
2010.08.20 02:06:58.936,0.9936,0.99415,2.40,1.00
2010.08.20 02:06:58.966,0.9936,0.99415,1.60,1.00
2010.08.20 02:06:59.056,0.9936,0.99415,1.60,2.50
2010.08.20 02:06:59.396,0.9936,0.99415,1.60,2.00
2010.08.20 02:07:01.448,0.9936,0.99415,2.40,2.00
2010.08.20 02:07:01.589,0.9936,0.99415,2.40,1.00
2010.08.20 02:07:01.726,0.9936,0.9942,2.40,2.60
2010.08.20 02:07:02.501,0.9936,0.9942,2.40,2.40
2010.08.20 02:07:03.537,0.9936,0.99415,1.60,1.60
2010.08.20 02:07:03.872,0.9936,0.99415,1.60,2.00
2010.08.20 02:07:05.243,0.9936,0.99415,1.60,2.10
2010.08.20 02:07:11.276,0.99365,0.99415,1.00,2.10
2010.08.20 02:07:11.447,0.99365,0.99415,1.00,2.00
2010.08.20 02:07:11.617,0.99365,0.9942,1.00,3.20
2010.08.20 02:07:11.991,0.99365,0.9942,1.00,3.60
2010.08.20 02:07:13.544,0.99365,0.99415,1.00,1.60
2010.08.20 02:07:13.677,0.99365,0.9942,1.00,3.20
2010.08.20 02:07:15.526,0.9936,0.9942,1.60,3.40
2010.08.20 02:07:15.706,0.9936,0.99415,1.60,2.00
2010.08.20 02:07:16.596,0.9936,0.99415,2.40,2.00
2010.08.20 02:07:16.906,0.9936,0.9942,2.40,2.80
2010.08.20 02:07:18.686,0.9936,0.99415,2.40,1.60
2010.08.20 02:07:18.846,0.9936,0.99415,2.50,2.00
2010.08.20 02:07:19.265,0.9936,0.99415,2.50,1.60
2010.08.20 02:07:19.328,0.9936,0.9942,2.40,2.40
2010.08.20 02:07:19.396,0.9936,0.9942,2.40,2.80
2010.08.20 02:07:20.689,0.9936,0.9942,2.40,2.90
2010.08.20 02:07:21.016,0.9936,0.99415,2.40,1.60
2010.08.20 02:07:21.107,0.9936,0.99415,1.60,1.60
2010.08.20 02:07:21.557,0.9936,0.9942,1.60,3.60
2010.08.20 02:07:23.232,0.9936,0.99415,1.60,1.60
2010.08.20 02:07:23.438,0.9936,0.9942,1.60,2.40
2010.08.20 02:07:25.187,0.9936,0.99415,1.60,1.60
2010.08.20 02:07:25.405,0.9936,0.9942,1.60,2.60
2010.08.20 02:07:25.485,0.9936,0.9942,1.70,2.40
2010.08.20 02:07:25.649,0.9936,0.9942,1.60,2.40
2010.08.20 02:07:26.013,0.9936,0.9942,1.60,2.80
2010.08.20 02:07:26.340,0.99365,0.9942,1.00,2.80
2010.08.20 02:07:27.438,0.99365,0.9942,1.00,3.00
2010.08.20 02:07:27.778,0.99365,0.9942,1.00,2.80
2010.08.20 02:07:28.748,0.99365,0.9942,1.00,2.90
2010.08.20 02:07:29.088,0.99365,0.9942,1.00,2.80
2010.08.20 02:07:30.540,0.99365,0.99415,1.00,1.60
2010.08.20 02:07:31.165,0.99365,0.99415,1.00,1.70
2010.08.20 02:07:32.989,0.99365,0.99415,1.00,1.00
2010.08.20 02:07:33.269,0.99365,0.9942,1.00,1.00
2010.08.20 02:07:33.783,0.99365,0.99415,1.00,2.50
2010.08.20 02:07:36.248,0.99365,0.99415,1.00,2.60
2010.08.20 02:07:36.486,0.99365,0.99415,1.00,2.70
2010.08.20 02:07:41.307,0.99365,0.99415,1.00,2.50
2010.08.20 02:07:44.597,0.99365,0.9942,1.00,1.10
2010.08.20 02:07:47.429,0.99365,0.99415,1.00,1.00
2010.08.20 02:07:47.847,0.99365,0.9942,1.00,1.10
2010.08.20 02:07:48.102,0.99365,0.9942,1.00,1.00
2010.08.20 02:07:50.909,0.99365,0.9942,1.00,1.00
2010.08.20 02:07:52.606,0.99365,0.9942,1.00,1.00
2010.08.20 02:07:52.757,0.99365,0.9942,1.00,1.10
2010.08.20 02:07:58.161,0.99365,0.9942,1.00,1.00
2010.08.20 02:07:58.847,0.99365,0.9942,1.00,1.00
2010.08.20 02:07:59.977,0.99365,0.9942,1.00,1.00
2010.08.20 02:08:00.296,0.99365,0.99425,1.00,4.20
2010.08.20 02:08:00.615,0.99365,0.9942,1.00,1.00
2010.08.20 02:08:00.936,0.99365,0.9942,1.00,1.10
2010.08.20 02:08:01.646,0.99365,0.9942,1.00,1.00
2010.08.20 02:08:03.318,0.99365,0.9942,1.00,1.10
2010.08.20 02:08:07.006,0.9937,0.9942,1.00,1.10
2010.08.20 02:08:08.592,0.9937,0.99415,1.00,1.00
2010.08.20 02:08:08.839,0.9937,0.9942,1.00,1.10
2010.08.20 02:08:09.257,0.99365,0.9942,1.00,1.10
2010.08.20 02:08:11.016,0.9936,0.9942,2.10,1.10
2010.08.20 02:08:11.380,0.99365,0.9942,1.00,1.10
2010.08.20 02:08:12.217,0.99365,0.9942,1.00,1.00
2010.08.20 02:08:20.116,0.9936,0.9942,2.10,1.10
2010.08.20 02:08:20.197,0.9936,0.9942,1.70,1.00
2010.08.20 02:08:20.569,0.9936,0.99415,1.60,2.00
2010.08.20 02:08:21.267,0.9936,0.99415,1.60,2.10
2010.08.20 02:08:25.956,0.9936,0.9941,1.60,1.00
2010.08.20 02:08:26.194,0.9936,0.99415,1.70,2.40
2010.08.20 02:08:26.418,0.9936,0.99415,1.60,2.90
2010.08.20 02:08:29.549,0.9936,0.9941,1.60,1.00
2010.08.20 02:08:29.698,0.9936,0.99415,1.70,2.90
2010.08.20 02:08:30.628,0.9936,0.99415,1.60,2.80
2010.08.20 02:08:30.887,0.9936,0.99415,1.60,2.10
2010.08.20 02:08:31.006,0.9936,0.99415,1.60,1.00
2010.08.20 02:08:31.777,0.9936,0.99415,1.70,1.00
2010.08.20 02:08:33.446,0.9936,0.99415,1.70,1.00
2010.08.20 02:08:33.546,0.9936,0.99415,1.60,1.00
2010.08.20 02:08:33.916,0.9936,0.99415,1.60,1.00
2010.08.20 02:08:34.338,0.9936,0.9942,1.70,1.10
2010.08.20 02:08:35.477,0.9936,0.99415,1.60,2.50
2010.08.20 02:08:37.431,0.9936,0.99415,1.70,2.50
2010.08.20 02:08:43.628,0.99365,0.99415,1.00,2.50
2010.08.20 02:08:44.478,0.9936,0.99415,1.70,2.50
2010.08.20 02:08:46.431,0.9936,0.99415,1.60,2.50
2010.08.20 02:08:47.271,0.9936,0.99415,1.70,2.50
2010.08.20 02:08:58.802,0.9936,0.99415,1.60,2.60
2010.08.20 02:08:59.176,0.9936,0.99415,1.60,2.70
2010.08.20 02:08:59.190,0.9936,0.99415,1.70,2.50
2010.08.20 02:09:00.568,0.9936,0.99415,1.70,2.70
2010.08.20 02:09:11.387,0.9936,0.99415,1.70,2.50
2010.08.20 02:09:27.778,0.9936,0.99415,1.60,2.70
2010.08.20 02:09:27.997,0.9936,0.99415,1.60,1.70
2010.08.20 02:09:28.539,0.9936,0.99415,1.60,2.10
2010.08.20 02:09:50.209,0.9936,0.9941,1.60,1.00
2010.08.20 02:09:50.276,0.9936,0.9941,1.60,1.00
2010.08.20 02:09:50.513,0.9936,0.99415,1.60,2.10
2010.08.20 02:10:24.355,0.9936,0.99415,1.60,1.70
2010.08.20 02:10:24.815,0.9936,0.99415,1.60,1.60
2010.08.20 02:10:25.027,0.9936,0.99405,1.60,1.60
2010.08.20 02:10:25.237,0.9936,0.9941,1.70,1.00
2010.08.20 02:10:25.446,0.9936,0.99415,1.70,2.40
2010.08.20 02:10:26.103,0.9936,0.99415,1.70,3.30
2010.08.20 02:10:27.515,0.9936,0.99415,1.70,2.50
2010.08.20 02:10:28.091,0.9937,0.99415,1.00,1.60
2010.08.20 02:10:28.418,0.9938,0.99415,1.60,1.60
2010.08.20 02:10:43.438,0.99355,0.9941,1.00,1.00
2010.08.20 02:10:47.662,0.99355,0.9941,1.00,1.10
2010.08.20 02:10:47.869,0.9935,0.99405,1.00,1.70
2010.08.20 02:10:48.078,0.9934,0.99405,3.60,2.50
2010.08.20 02:10:48.418,0.9934,0.994,1.00,1.00
2010.08.20 02:10:52.266,0.99335,0.994,1.00,1.00
2010.08.20 02:10:59.887,0.99335,0.994,1.00,1.00
2010.08.20 02:11:00.026,0.99335,0.994,1.00,1.00
2010.08.20 02:11:00.260,0.99335,0.994,1.00,1.00
2010.08.20 02:11:02.846,0.9933,0.994,4.00,1.00
2010.08.20 02:11:09.979,0.9933,0.99395,3.60,1.00
2010.08.20 02:11:10.167,0.9933,0.994,3.70,3.00
2010.08.20 02:11:10.357,0.9933,0.99395,4.40,1.00
2010.08.20 02:11:10.546,0.9933,0.994,4.00,1.00
2010.08.20 02:11:11.564,0.9933,0.994,4.00,1.00
2010.08.20 02:11:11.769,0.99345,0.99405,1.20,2.50
2010.08.20 02:11:11.968,0.99355,0.9941,1.00,1.10
2010.08.20 02:11:12.356,0.99355,0.9941,1.00,1.00
2010.08.20 02:11:12.558,0.99355,0.9941,1.00,1.10
2010.08.20 02:11:12.899,0.99355,0.9941,1.00,1.00
2010.08.20 02:11:13.237,0.9935,0.9941,1.60,1.00
2010.08.20 02:11:15.279,0.9935,0.9941,1.70,1.00
2010.08.20 02:11:17.722,0.9935,0.99415,1.70,5.00
2010.08.20 02:11:18.036,0.9935,0.9941,1.70,1.00
2010.08.20 02:11:24.784,0.99355,0.99415,1.00,5.00
2010.08.20 02:11:24.895,0.99355,0.9941,1.00,1.00
2010.08.20 02:11:25.136,0.99355,0.9941,1.00,1.00
2010.08.20 02:11:35.360,0.99355,0.9941,1.00,1.00
2010.08.20 02:11:52.169,0.9935,0.9941,2.10,1.00
2010.08.20 02:11:52.716,0.99355,0.99415,1.00,5.00
2010.08.20 02:11:54.872,0.99355,0.99415,1.00,5.40
2010.08.20 02:11:58.720,0.99355,0.9941,1.00,1.00
2010.08.20 02:11:58.999,0.99355,0.99415,1.00,5.40
2010.08.20 02:11:59.146,0.99355,0.99415,1.00,5.00
2010.08.20 02:12:02.246,0.99355,0.9941,1.00,1.00
2010.08.20 02:12:06.751,0.9935,0.9941,2.10,1.00
2010.08.20 02:12:08.956,0.9935,0.9941,1.70,1.00
2010.08.20 02:12:11.198,0.9935,0.99405,1.70,1.00
2010.08.20 02:12:14.098,0.99355,0.9941,1.00,1.00
2010.08.20 02:12:15.781,0.99355,0.99415,1.00,4.10
2010.08.20 02:12:15.877,0.99355,0.99415,1.00,4.20
2010.08.20 02:12:16.657,0.99355,0.9941,1.00,1.00
2010.08.20 02:12:20.105,0.9936,0.99415,1.00,4.20
2010.08.20 02:12:20.362,0.99355,0.9941,1.00,1.00
2010.08.20 02:12:28.081,0.9936,0.99415,1.00,4.20
2010.08.20 02:12:29.739,0.99355,0.9941,1.00,1.00
2010.08.20 02:12:35.440,0.9935,0.9941,2.10,1.00
2010.08.20 02:12:35.666,0.99355,0.99415,1.00,4.20
2010.08.20 02:12:35.920,0.99355,0.99415,1.00,4.00
2010.08.20 02:12:38.279,0.9936,0.99415,1.00,4.00
2010.08.20 02:12:39.430,0.99355,0.99415,1.00,4.00
2010.08.20 02:12:39.850,0.9936,0.99415,1.00,4.00
2010.08.20 02:12:39.996,0.99365,0.99415,1.00,4.00
2010.08.20 02:12:41.908,0.9936,0.99415,1.00,4.00
2010.08.20 02:12:49.858,0.99355,0.99415,1.00,4.00
2010.08.20 02:12:49.980,0.9936,0.99415,1.00,4.00
2010.08.20 02:12:54.660,0.9936,0.9941,1.00,2.40
2010.08.20 02:12:55.193,0.99355,0.9941,1.00,2.40
2010.08.20 02:12:55.457,0.9936,0.9941,1.00,2.40
2010.08.20 02:12:55.798,0.9936,0.99415,1.00,4.00
2010.08.20 02:12:56.069,0.99355,0.99415,1.00,4.00
2010.08.20 02:12:56.617,0.9936,0.99415,1.00,4.00
2010.08.20 02:12:58.488,0.9936,0.99415,1.00,4.00
2010.08.20 02:12:58.981,0.9936,0.99415,1.00,4.00
2010.08.20 02:12:59.575,0.99355,0.99415,1.00,4.00
2010.08.20 02:13:00.326,0.99355,0.99415,1.00,4.20
2010.08.20 02:13:09.036,0.99355,0.99415,1.00,4.20
2010.08.20 02:13:10.460,0.9936,0.99415,1.00,4.00
2010.08.20 02:13:10.580,0.9936,0.99415,1.00,4.00
2010.08.20 02:13:14.042,0.99355,0.99415,1.00,4.20
2010.08.20 02:13:17.399,0.9935,0.99415,1.70,4.20
2010.08.20 02:13:18.032,0.99355,0.99415,1.00,4.20
2010.08.20 02:13:18.326,0.9935,0.99415,1.70,4.20
2010.08.20 02:13:18.922,0.99355,0.99415,1.00,4.20
2010.08.20 02:13:19.117,0.99355,0.99415,1.00,4.00
2010.08.20 02:13:20.018,0.9936,0.99415,1.00,4.00
2010.08.20 02:13:20.158,0.99355,0.99415,1.00,4.00
2010.08.20 02:13:20.296,0.99355,0.99415,1.00,4.00
2010.08.20 02:13:20.827,0.99355,0.99415,1.00,4.00
2010.08.20 02:13:20.967,0.99355,0.99415,1.00,4.00
2010.08.20 02:13:21.106,0.99355,0.99415,1.00,4.20
2010.08.20 02:13:22.270,0.99355,0.9941,1.00,1.00
2010.08.20 02:13:22.819,0.9936,0.99415,1.00,4.00
2010.08.20 02:13:23.054,0.99355,0.99415,1.00,4.10
2010.08.20 02:13:23.338,0.99355,0.99415,1.00,4.00
2010.08.20 02:13:23.617,0.9936,0.99415,1.00,4.00
2010.08.20 02:13:25.484,0.99355,0.99415,1.00,4.00
2010.08.20 02:13:27.188,0.99355,0.99415,1.00,4.20
2010.08.20 02:13:40.599,0.99355,0.9941,1.00,2.40
2010.08.20 02:13:40.759,0.9935,0.9941,2.10,2.40
2010.08.20 02:13:41.077,0.9936,0.9941,1.00,2.40
2010.08.20 02:13:41.239,0.99355,0.99415,1.00,4.40
2010.08.20 02:13:42.087,0.9936,0.99415,1.00,4.40
2010.08.20 02:13:43.706,0.9936,0.99415,1.00,4.00
2010.08.20 02:13:44.047,0.99355,0.99415,1.00,4.00
2010.08.20 02:13:44.166,0.9936,0.99415,1.60,1.60
2010.08.20 02:13:47.278,0.9936,0.99415,1.70,1.60
2010.08.20 02:13:51.467,0.9936,0.99425,1.70,5.40
2010.08.20 02:13:51.717,0.9936,0.99425,1.70,5.20
2010.08.20 02:13:51.807,0.9936,0.9942,1.70,2.40
2010.08.20 02:13:51.896,0.9936,0.9942,1.00,2.40
2010.08.20 02:14:00.480,0.99355,0.9942,1.00,2.40
2010.08.20 02:14:03.608,0.9936,0.99415,1.00,2.40
2010.08.20 02:14:07.289,0.99355,0.9941,1.00,2.40
2010.08.20 02:14:07.549,0.9936,0.99415,1.70,2.40
2010.08.20 02:14:07.937,0.9936,0.9942,1.70,2.40
2010.08.20 02:14:08.280,0.9936,0.9942,1.60,2.40
2010.08.20 02:14:09.254,0.9936,0.9942,1.70,2.60
2010.08.20 02:14:11.293,0.9936,0.99415,1.70,1.00
2010.08.20 02:14:12.467,0.99365,0.9942,1.00,2.40
2010.08.20 02:14:14.198,0.9937,0.9942,1.00,2.40
2010.08.20 02:14:16.147,0.9936,0.9942,1.70,2.40
2010.08.20 02:14:16.277,0.9936,0.99415,1.00,2.40
2010.08.20 02:14:28.880,0.99355,0.99415,1.00,2.40
2010.08.20 02:14:29.377,0.9935,0.99415,3.70,2.40
2010.08.20 02:14:31.207,0.9935,0.99415,3.70,2.60
2010.08.20 02:14:33.599,0.99355,0.99415,1.00,2.40
2010.08.20 02:14:40.888,0.9935,0.99415,3.30,2.40
2010.08.20 02:14:41.010,0.99355,0.99415,1.00,2.40
2010.08.20 02:14:42.207,0.9935,0.99415,3.30,2.40
2010.08.20 02:14:43.196,0.9935,0.99415,3.30,2.60
2010.08.20 02:14:45.175,0.9935,0.9941,3.20,1.00
2010.08.20 02:14:45.326,0.9935,0.9941,3.30,1.00
2010.08.20 02:14:45.763,0.9935,0.99415,3.30,2.60
2010.08.20 02:14:46.007,0.9935,0.99415,3.30,2.40
2010.08.20 02:14:46.374,0.9935,0.9942,3.30,3.00
2010.08.20 02:14:46.437,0.99355,0.99415,1.00,4.00
2010.08.20 02:14:46.638,0.99355,0.99415,1.00,4.00
2010.08.20 02:14:46.837,0.99355,0.9942,1.00,2.40
2010.08.20 02:14:47.605,0.99355,0.9942,1.00,2.60
2010.08.20 02:14:50.626,0.9935,0.99415,3.70,1.00
2010.08.20 02:14:52.607,0.9935,0.99415,3.70,1.70
2010.08.20 02:14:52.827,0.9935,0.99415,3.70,2.60
2010.08.20 02:14:53.168,0.9935,0.99415,2.90,4.00
2010.08.20 02:14:54.148,0.9935,0.99415,2.10,4.00
2010.08.20 02:14:54.417,0.9935,0.99415,2.80,1.00
2010.08.20 02:14:54.687,0.9935,0.99415,3.60,4.20
2010.08.20 02:14:54.957,0.9935,0.99415,2.90,1.70
2010.08.20 02:14:55.218,0.9935,0.9941,3.60,1.00
2010.08.20 02:14:55.813,0.9935,0.99415,2.10,1.00
2010.08.20 02:14:56.078,0.9935,0.99415,2.10,5.00
2010.08.20 02:14:56.238,0.9935,0.9941,2.80,1.00
2010.08.20 02:14:56.397,0.9935,0.9941,2.00,1.00
2010.08.20 02:14:56.557,0.9935,0.99415,2.10,1.00
2010.08.20 02:14:56.717,0.9935,0.9941,2.80,1.00
2010.08.20 02:14:57.037,0.9935,0.99415,2.10,3.40
2010.08.20 02:14:57.531,0.9935,0.9941,2.00,1.00
2010.08.20 02:14:57.871,0.99375,0.99415,1.00,1.70
2010.08.20 02:14:58.211,0.9936,0.9942,2.30,1.00
2010.08.20 02:14:58.438,0.99355,0.9942,1.50,1.00
2010.08.20 02:14:58.666,0.99355,0.9942,1.00,2.60
2010.08.20 02:14:58.898,0.99355,0.99415,1.00,1.00
2010.08.20 02:14:59.260,0.9935,0.99415,2.80,1.00
2010.08.20 02:14:59.747,0.9935,0.99415,3.60,5.00
2010.08.20 02:15:00.006,0.9935,0.99415,2.80,2.50
2010.08.20 02:15:00.267,0.9935,0.99415,3.60,3.40
2010.08.20 02:15:00.527,0.9935,0.9941,2.80,1.00
2010.08.20 02:15:01.045,0.9935,0.9941,3.60,1.00
2010.08.20 02:15:02.558,0.99365,0.99415,1.60,1.00
2010.08.20 02:15:02.707,0.9938,0.9942,1.60,1.00
2010.08.20 02:15:02.857,0.99375,0.9942,1.00,1.00
2010.08.20 02:15:03.008,0.9936,0.9942,1.60,1.00
2010.08.20 02:15:03.498,0.99355,0.99415,1.00,1.00
2010.08.20 02:15:05.831,0.9935,0.99415,4.30,1.00
2010.08.20 02:15:08.747,0.9935,0.9941,4.30,1.00
2010.08.20 02:15:13.269,0.9935,0.9942,4.40,3.00
2010.08.20 02:15:13.447,0.9935,0.99415,4.30,1.00
2010.08.20 02:15:16.289,0.9935,0.9941,4.30,1.00
2010.08.20 02:15:35.166,0.9935,0.9942,4.40,3.00
2010.08.20 02:15:35.447,0.9935,0.99415,4.30,1.00
2010.08.20 02:15:35.750,0.9935,0.9942,4.30,3.00
2010.08.20 02:15:35.977,0.9935,0.99415,4.00,1.00
2010.08.20 02:15:36.699,0.9935,0.99415,3.90,1.10
2010.08.20 02:15:36.928,0.9935,0.99415,4.30,1.00
2010.08.20 02:15:37.196,0.9935,0.99415,4.40,1.00
2010.08.20 02:15:50.426,0.9935,0.9942,3.70,1.00
2010.08.20 02:15:50.497,0.9935,0.99415,3.60,1.00
2010.08.20 02:15:52.867,0.9935,0.9941,3.60,1.00
2010.08.20 02:15:58.460,0.9935,0.9941,3.90,1.00
2010.08.20 02:16:00.448,0.9935,0.99415,3.20,1.00
2010.08.20 02:16:00.496,0.9935,0.99415,2.90,1.00
2010.08.20 02:16:00.864,0.9935,0.99415,2.90,2.10
2010.08.20 02:16:00.918,0.9935,0.99415,2.80,1.00
2010.08.20 02:16:01.068,0.9935,0.99415,2.80,3.00
2010.08.20 02:16:01.117,0.9935,0.99415,2.10,4.60
2010.08.20 02:16:02.104,0.9935,0.99415,2.10,2.10
2010.08.20 02:16:02.450,0.9935,0.99415,3.60,1.00
2010.08.20 02:16:03.138,0.9935,0.99415,4.40,1.00
2010.08.20 02:16:03.369,0.9935,0.99415,3.60,2.60
2010.08.20 02:16:03.807,0.9935,0.99415,3.70,2.40
2010.08.20 02:16:04.157,0.9935,0.9942,4.40,2.60
2010.08.20 02:16:05.214,0.9935,0.99415,4.00,1.00
2010.08.20 02:16:05.899,0.9935,0.99415,4.00,1.00
2010.08.20 02:16:06.007,0.99355,0.99415,1.00,1.00
2010.08.20 02:16:06.106,0.9935,0.99415,4.00,1.00
2010.08.20 02:16:06.261,0.9935,0.9942,4.00,2.60
2010.08.20 02:16:06.710,0.99355,0.9942,1.00,2.40
2010.08.20 02:16:06.866,0.9935,0.9942,4.00,2.60
2010.08.20 02:16:09.326,0.9935,0.99415,4.00,1.00
2010.08.20 02:16:10.321,0.9935,0.99415,4.00,1.10
2010.08.20 02:16:10.383,0.9935,0.99415,4.00,1.00
2010.08.20 02:16:10.957,0.9935,0.9942,4.00,3.00
2010.08.20 02:16:13.526,0.9935,0.99415,4.00,1.00
2010.08.20 02:16:13.758,0.9935,0.9942,4.00,3.00
2010.08.20 02:16:14.010,0.99355,0.9942,1.00,2.80
2010.08.20 02:16:19.935,0.9935,0.9942,4.00,3.00
2010.08.20 02:16:21.480,0.99355,0.9942,1.00,2.80
2010.08.20 02:16:21.799,0.9935,0.99415,4.00,1.00
2010.08.20 02:16:34.147,0.9935,0.99415,3.90,1.00
2010.08.20 02:16:34.976,0.9935,0.99415,4.00,1.00
2010.08.20 02:16:35.248,0.9935,0.99415,4.00,1.00
2010.08.20 02:16:35.993,0.9935,0.99415,4.00,1.10
2010.08.20 02:16:36.415,0.9935,0.99415,4.00,1.00
2010.08.20 02:16:38.579,0.9935,0.99415,4.00,1.10
2010.08.20 02:16:54.300,0.9935,0.99415,4.00,1.00
2010.08.20 02:16:54.419,0.9935,0.99415,3.90,1.00
2010.08.20 02:16:54.538,0.9935,0.9942,3.90,2.90
2010.08.20 02:16:54.657,0.9935,0.99415,3.90,1.00
2010.08.20 02:16:56.568,0.9935,0.99415,3.20,1.00
2010.08.20 02:16:56.866,0.9935,0.99415,3.20,2.60
2010.08.20 02:16:57.016,0.9935,0.99415,3.90,1.00
2010.08.20 02:16:57.448,0.9935,0.99415,4.00,1.00
2010.08.20 02:16:57.789,0.9935,0.9942,4.00,3.00
2010.08.20 02:16:58.340,0.9935,0.99415,4.00,1.00
2010.08.20 02:17:01.850,0.9935,0.9941,3.90,1.00
2010.08.20 02:17:02.465,0.9935,0.9941,3.90,1.00
2010.08.20 02:17:03.044,0.9935,0.99415,3.20,1.00
2010.08.20 02:17:03.257,0.9935,0.9941,3.10,1.00
2010.08.20 02:17:03.507,0.99355,0.9942,1.00,2.40
2010.08.20 02:17:03.757,0.9935,0.9942,3.20,2.60
2010.08.20 02:17:04.009,0.99355,0.9942,1.00,2.40
2010.08.20 02:17:04.667,0.99355,0.9942,1.00,2.80
2010.08.20 02:17:05.046,0.99355,0.9942,1.00,2.40
2010.08.20 02:17:06.479,0.99355,0.9942,1.00,3.20
2010.08.20 02:17:06.539,0.99355,0.99415,1.00,2.40
2010.08.20 02:17:06.884,0.99355,0.99415,1.00,4.00
2010.08.20 02:17:06.912,0.9935,0.99415,2.90,4.00
2010.08.20 02:17:06.998,0.9935,0.99415,2.90,1.60
2010.08.20 02:17:07.166,0.9935,0.9942,2.90,2.40
2010.08.20 02:17:07.187,0.99355,0.9942,1.00,2.40
2010.08.20 02:17:07.621,0.99355,0.9942,1.60,2.40
2010.08.20 02:17:07.651,0.9936,0.99425,1.60,4.60
2010.08.20 02:17:10.098,0.9936,0.99425,2.40,4.60
2010.08.20 02:17:10.267,0.9936,0.99425,3.20,3.00
2010.08.20 02:17:10.447,0.9936,0.9942,2.40,1.00
2010.08.20 02:17:10.879,0.9936,0.99425,1.00,2.80
2010.08.20 02:17:11.058,0.99355,0.99415,1.00,2.40
2010.08.20 02:17:11.237,0.9935,0.99415,3.70,2.40
2010.08.20 02:17:11.406,0.9935,0.9942,3.70,2.40
2010.08.20 02:17:11.577,0.9935,0.99415,3.70,2.40
2010.08.20 02:17:11.748,0.99355,0.99415,1.00,2.40
2010.08.20 02:17:11.917,0.9935,0.9942,3.70,2.40
2010.08.20 02:17:12.087,0.9935,0.99415,3.70,2.40
2010.08.20 02:17:12.257,0.99355,0.99415,1.00,2.40
2010.08.20 02:17:12.577,0.9935,0.9942,3.70,2.40
2010.08.20 02:17:13.009,0.99355,0.99415,1.00,2.40
2010.08.20 02:17:13.328,0.99355,0.9942,1.00,2.60
2010.08.20 02:17:13.537,0.9935,0.9942,3.60,2.60
2010.08.20 02:17:13.748,0.99355,0.99415,1.00,2.40
2010.08.20 02:17:13.957,0.99355,0.9942,1.00,2.40
2010.08.20 02:17:14.167,0.99355,0.99415,1.00,2.40
2010.08.20 02:17:14.382,0.99355,0.9942,1.00,2.40
2010.08.20 02:17:14.527,0.99355,0.9942,1.00,2.40
2010.08.20 02:17:14.871,0.99355,0.9942,1.00,2.40
2010.08.20 02:17:15.157,0.9935,0.99415,2.80,2.40
2010.08.20 02:17:15.437,0.9935,0.9942,2.80,2.80
2010.08.20 02:17:15.707,0.9935,0.99415,2.80,2.40
2010.08.20 02:17:15.977,0.9935,0.9942,2.80,3.00
2010.08.20 02:17:16.247,0.99355,0.99415,1.00,2.40
2010.08.20 02:17:16.517,0.9935,0.9942,2.80,3.00
2010.08.20 02:17:16.797,0.99355,0.9942,1.00,3.00
2010.08.20 02:17:17.322,0.9935,0.9942,2.80,3.00
2010.08.20 02:17:17.597,0.9935,0.99415,2.80,2.60
2010.08.20 02:17:19.779,0.9935,0.99415,2.00,2.60
2010.08.20 02:17:20.200,0.9935,0.99415,2.00,4.00
2010.08.20 02:17:20.416,0.9935,0.99415,2.80,4.00
2010.08.20 02:17:20.450,0.9935,0.99415,2.90,4.00
2010.08.20 02:17:20.547,0.9935,0.99415,2.90,2.40
2010.08.20 02:17:20.924,0.9935,0.99415,2.80,2.40
2010.08.20 02:17:23.330,0.9935,0.99415,2.90,2.60
2010.08.20 02:17:23.751,0.9935,0.99415,2.50,2.60
2010.08.20 02:17:25.541,0.9935,0.9941,2.40,1.00
2010.08.20 02:17:26.079,0.9935,0.99405,2.40,1.00
2010.08.20 02:17:26.301,0.9935,0.9941,2.40,1.00
2010.08.20 02:17:26.439,0.9935,0.9941,1.60,1.00
2010.08.20 02:17:26.579,0.9935,0.9941,1.60,2.60
2010.08.20 02:17:26.951,0.9935,0.9941,1.60,1.00
2010.08.20 02:17:30.258,0.9935,0.99405,3.20,1.00
2010.08.20 02:17:37.037,0.9935,0.9941,3.20,1.00
2010.08.20 02:17:37.187,0.9935,0.9941,2.40,1.00
2010.08.20 02:17:37.336,0.9935,0.9941,2.40,2.60
2010.08.20 02:17:37.487,0.9935,0.9941,2.90,2.40
2010.08.20 02:17:38.678,0.9935,0.99415,2.90,4.60
2010.08.20 02:17:39.017,0.9935,0.9941,2.50,1.00
2010.08.20 02:17:40.767,0.9935,0.99415,3.20,5.20
2010.08.20 02:17:40.787,0.9935,0.99415,4.00,1.10
2010.08.20 02:17:40.869,0.99355,0.99415,1.00,1.00
2010.08.20 02:17:50.780,0.99355,0.99415,1.00,3.40
2010.08.20 02:17:50.950,0.99355,0.9941,1.00,1.00
2010.08.20 02:17:52.597,0.9935,0.9941,2.10,1.00
2010.08.20 02:17:52.913,0.9935,0.99415,2.10,5.40
2010.08.20 02:17:58.644,0.9935,0.99415,2.00,5.40
2010.08.20 02:17:58.917,0.9935,0.99405,2.00,1.60
2010.08.20 02:17:59.187,0.9935,0.99405,1.70,2.50
2010.08.20 02:18:10.831,0.9935,0.99405,1.60,2.50
2010.08.20 02:18:11.125,0.9935,0.99405,2.00,2.50
2010.08.20 02:18:11.505,0.9935,0.99405,1.60,2.50
2010.08.20 02:18:13.067,0.9935,0.99405,1.70,2.50
2010.08.20 02:18:16.171,0.9935,0.99405,1.60,2.70
2010.08.20 02:18:18.151,0.9935,0.99405,1.70,2.50
2010.08.20 02:18:19.911,0.9935,0.99405,1.60,2.70
2010.08.20 02:18:22.378,0.9935,0.99405,1.60,1.60
2010.08.20 02:18:22.480,0.9935,0.9941,1.60,1.00
2010.08.20 02:18:23.083,0.9935,0.9941,1.60,1.30
2010.08.20 02:18:28.567,0.9935,0.99405,1.60,2.50
2010.08.20 02:18:28.867,0.9935,0.99405,1.60,2.00
2010.08.20 02:18:31.067,0.9935,0.99405,1.60,1.00
2010.08.20 02:18:31.317,0.9935,0.9941,1.60,1.30
2010.08.20 02:18:32.437,0.9935,0.9941,1.60,3.80
2010.08.20 02:18:32.667,0.9935,0.99405,2.00,1.60
2010.08.20 02:18:33.187,0.99355,0.9941,1.00,1.30
2010.08.20 02:18:33.417,0.99355,0.99405,1.00,1.60
2010.08.20 02:18:34.529,0.9935,0.99405,2.00,1.60
2010.08.20 02:18:35.162,0.9935,0.9941,2.00,3.80
2010.08.20 02:18:35.257,0.9935,0.9941,2.00,1.30
2010.08.20 02:18:35.374,0.9935,0.99405,2.00,1.60
2010.08.20 02:18:35.717,0.9935,0.9941,2.00,1.30
2010.08.20 02:18:36.307,0.9935,0.9941,2.00,3.80
2010.08.20 02:18:36.448,0.9935,0.99405,2.00,1.60
2010.08.20 02:18:36.587,0.9935,0.9941,2.00,1.30
2010.08.20 02:18:36.926,0.9935,0.9941,2.00,3.80
2010.08.20 02:18:37.127,0.99355,0.99405,1.00,1.60
2010.08.20 02:18:37.327,0.99355,0.9941,1.00,3.80
2010.08.20 02:18:37.527,0.99355,0.99405,1.00,1.60
2010.08.20 02:18:37.727,0.99355,0.99405,1.00,1.00
2010.08.20 02:18:38.068,0.99355,0.99405,1.00,1.60
2010.08.20 02:18:38.650,0.99355,0.99405,1.00,1.00
2010.08.20 02:18:38.988,0.99355,0.99405,1.00,1.60
2010.08.20 02:18:39.238,0.99355,0.9941,1.00,1.70
2010.08.20 02:18:39.489,0.99355,0.99405,1.00,1.00
2010.08.20 02:18:39.883,0.99355,0.99405,1.00,2.50
2010.08.20 02:18:40.137,0.99355,0.99405,1.00,1.00
2010.08.20 02:18:40.437,0.9935,0.99405,1.60,2.50
2010.08.20 02:18:40.738,0.9935,0.99405,1.60,1.00
2010.08.20 02:18:41.037,0.9935,0.99405,1.60,2.50
2010.08.20 02:18:41.227,0.9935,0.9941,1.60,1.90
2010.08.20 02:18:41.417,0.9935,0.99405,1.60,1.60
2010.08.20 02:18:41.607,0.9935,0.99405,1.60,1.00
2010.08.20 02:18:42.118,0.9935,0.99405,1.60,1.60
2010.08.20 02:18:42.297,0.9935,0.9941,1.60,1.90
2010.08.20 02:18:42.518,0.9935,0.99405,1.60,2.50
2010.08.20 02:18:42.699,0.9935,0.9941,1.60,1.90
2010.08.20 02:18:43.118,0.9935,0.99405,1.60,1.60
2010.08.20 02:18:43.458,0.9935,0.99405,1.60,1.00
2010.08.20 02:18:43.798,0.9935,0.9941,1.60,4.40
2010.08.20 02:18:44.139,0.99355,0.99405,1.00,1.60
2010.08.20 02:18:44.718,0.99355,0.99405,1.00,2.50
2010.08.20 02:18:45.058,0.99355,0.99405,1.00,2.00
2010.08.20 02:18:46.319,0.99355,0.99405,1.00,2.10
2010.08.20 02:18:46.938,0.9935,0.99405,2.40,2.90
2010.08.20 02:18:47.837,0.99355,0.99405,1.00,1.00
2010.08.20 02:18:48.027,0.99355,0.99405,1.00,1.00
2010.08.20 02:18:48.217,0.99355,0.9941,1.00,1.00
2010.08.20 02:18:48.407,0.99355,0.9941,1.00,1.30
2010.08.20 02:18:50.488,0.99355,0.9941,1.00,1.20
2010.08.20 02:18:50.637,0.99355,0.99405,1.00,1.60
2010.08.20 02:18:54.437,0.9935,0.99405,1.70,2.40
2010.08.20 02:18:54.517,0.9935,0.99395,1.70,1.60
2010.08.20 02:18:54.574,0.9935,0.99395,1.60,1.60
2010.08.20 02:18:55.027,0.9935,0.99395,1.70,1.60
2010.08.20 02:18:56.688,0.9935,0.99395,1.60,1.60
2010.08.20 02:19:00.310,0.9935,0.99395,1.70,1.60
2010.08.20 02:19:00.555,0.9935,0.99395,1.60,1.60
2010.08.20 02:19:01.458,0.9935,0.99395,1.70,1.60
2010.08.20 02:19:06.659,0.9935,0.99395,1.60,1.60
2010.08.20 02:19:23.459,0.9935,0.99395,1.70,1.60
2010.08.20 02:19:24.552,0.99355,0.99395,1.00,1.60
2010.08.20 02:19:25.035,0.9935,0.99395,1.70,1.60
2010.08.20 02:19:25.957,0.9935,0.99395,1.60,1.60
2010.08.20 02:19:27.286,0.9935,0.99395,1.70,1.60
2010.08.20 02:19:29.752,0.9935,0.99395,2.50,1.60
2010.08.20 02:19:43.138,0.9935,0.99395,2.40,1.60
2010.08.20 02:19:43.838,0.9934,0.99395,2.50,1.60
2010.08.20 02:19:44.178,0.9935,0.99395,1.60,1.60
2010.08.20 02:19:45.281,0.9935,0.99395,1.60,1.60
2010.08.20 02:19:46.270,0.9935,0.99395,1.60,1.70
2010.08.20 02:19:46.918,0.9935,0.99395,2.40,1.70
2010.08.20 02:19:48.246,0.9935,0.99395,1.60,1.60
2010.08.20 02:19:48.517,0.99345,0.99395,1.00,1.60
2010.08.20 02:19:52.214,0.9935,0.99395,1.60,1.60
2010.08.20 02:19:57.299,0.9935,0.99395,1.70,1.60
2010.08.20 02:19:57.467,0.9935,0.99405,1.70,5.60
2010.08.20 02:19:57.627,0.9935,0.99405,1.70,3.10
2010.08.20 02:19:58.062,0.9935,0.99405,1.70,2.70
2010.08.20 02:19:59.018,0.99355,0.99405,1.00,2.70
2010.08.20 02:20:17.584,0.99355,0.99405,1.00,2.50
2010.08.20 02:20:20.260,0.99355,0.99405,1.00,2.70
2010.08.20 02:20:20.420,0.99355,0.99405,1.00,2.50
2010.08.20 02:20:25.117,0.99355,0.99405,1.00,2.90
2010.08.20 02:20:25.348,0.99355,0.99405,1.00,3.10
2010.08.20 02:20:25.579,0.99355,0.99405,1.00,2.90
2010.08.20 02:20:28.450,0.99355,0.99405,1.00,3.10
2010.08.20 02:20:28.787,0.99355,0.99405,1.00,2.70
2010.08.20 02:20:36.198,0.99355,0.994,1.00,1.00
2010.08.20 02:20:37.192,0.99355,0.99405,1.00,2.60
2010.08.20 02:20:37.411,0.99355,0.994,1.00,1.00
2010.08.20 02:20:45.377,0.9935,0.994,1.60,1.00
2010.08.20 02:20:45.518,0.99345,0.994,1.00,1.10
2010.08.20 02:20:46.488,0.99345,0.994,1.00,3.60
2010.08.20 02:20:46.617,0.9934,0.994,2.00,4.40
2010.08.20 02:20:46.747,0.9934,0.99395,2.00,1.00
2010.08.20 02:20:46.878,0.9934,0.99395,2.00,2.10
2010.08.20 02:20:47.007,0.99335,0.99395,1.00,4.60
2010.08.20 02:20:47.137,0.99335,0.9939,1.00,1.00
2010.08.20 02:20:55.312,0.99335,0.9939,1.30,1.00
2010.08.20 02:21:10.778,0.99335,0.9939,1.00,1.00
2010.08.20 02:21:20.651,0.99335,0.9939,1.00,1.00
2010.08.20 02:21:20.729,0.99335,0.994,1.00,1.70
2010.08.20 02:21:20.748,0.99335,0.9939,1.00,1.00
2010.08.20 02:21:21.258,0.99335,0.99395,1.00,1.60
2010.08.20 02:21:21.344,0.9933,0.99395,2.10,1.60
2010.08.20 02:21:21.389,0.9933,0.994,1.70,1.70
2010.08.20 02:21:21.408,0.99335,0.994,1.00,1.70
2010.08.20 02:21:21.879,0.99335,0.9939,1.00,1.00
2010.08.20 02:21:23.278,0.99335,0.9939,1.00,1.00
2010.08.20 02:21:23.632,0.99335,0.9939,1.00,1.00
2010.08.20 02:21:23.968,0.99335,0.994,1.00,1.00
2010.08.20 02:21:24.368,0.99335,0.994,1.00,1.00
2010.08.20 02:21:24.709,0.99335,0.9939,1.00,1.00
2010.08.20 02:21:25.789,0.99335,0.9939,1.00,1.00
2010.08.20 02:21:26.128,0.99335,0.9939,1.00,1.00
2010.08.20 02:21:26.808,0.99335,0.99395,1.00,4.00
2010.08.20 02:21:26.977,0.99335,0.9939,1.00,1.00
2010.08.20 02:21:27.778,0.99335,0.9939,1.00,1.00
2010.08.20 02:21:29.971,0.99335,0.9939,1.00,1.00
2010.08.20 02:21:35.137,0.99335,0.9939,1.00,1.00
2010.08.20 02:21:35.337,0.99335,0.9939,1.00,1.10
2010.08.20 02:21:37.229,0.99335,0.9939,1.00,1.00
2010.08.20 02:21:38.327,0.99335,0.9939,1.00,1.10
2010.08.20 02:21:38.845,0.99335,0.9939,1.00,1.00
2010.08.20 02:21:41.251,0.99335,0.9939,1.00,1.00
2010.08.20 02:21:42.350,0.99335,0.9939,1.00,1.10
2010.08.20 02:21:49.938,0.99335,0.9939,1.00,1.00
2010.08.20 02:21:51.068,0.99335,0.9939,1.00,1.00
2010.08.20 02:21:51.630,0.99335,0.9939,1.00,1.00
2010.08.20 02:21:52.028,0.99335,0.994,1.00,1.00
2010.08.20 02:21:52.368,0.99335,0.9939,1.00,1.00
2010.08.20 02:21:53.043,0.9933,0.9939,1.60,1.00
2010.08.20 02:21:53.348,0.99335,0.9939,1.00,1.00
2010.08.20 02:21:54.357,0.99335,0.99395,1.00,4.00
2010.08.20 02:21:54.559,0.9933,0.9939,1.70,1.00
2010.08.20 02:22:04.157,0.9933,0.9939,2.10,1.00
2010.08.20 02:22:05.929,0.99335,0.9939,1.00,1.00
2010.08.20 02:22:06.068,0.9933,0.9939,2.10,1.00
2010.08.20 02:22:06.348,0.9933,0.9939,2.00,1.00
2010.08.20 02:22:06.487,0.9933,0.9939,2.10,1.00
2010.08.20 02:22:06.916,0.9933,0.9939,2.00,1.00
2010.08.20 02:22:08.619,0.9933,0.9939,2.10,1.00
2010.08.20 02:22:08.895,0.9933,0.9939,2.00,1.00
2010.08.20 02:22:10.218,0.9933,0.9939,2.10,1.00
2010.08.20 02:22:26.412,0.99335,0.9939,1.00,1.00
2010.08.20 02:22:28.508,0.9933,0.9939,2.10,1.00
2010.08.20 02:22:33.168,0.99335,0.9939,1.00,1.00
2010.08.20 02:22:33.518,0.99335,0.9939,1.00,1.00
2010.08.20 02:22:33.858,0.99335,0.994,1.00,4.40
2010.08.20 02:22:34.234,0.99335,0.99395,1.00,4.00
2010.08.20 02:22:34.569,0.9933,0.994,2.90,4.20
2010.08.20 02:22:34.818,0.9933,0.99395,2.10,4.00
2010.08.20 02:22:35.067,0.9933,0.9939,2.10,1.00
2010.08.20 02:22:36.088,0.99335,0.9939,1.00,1.00
2010.08.20 02:22:36.278,0.99335,0.994,1.00,5.20
2010.08.20 02:22:36.468,0.99335,0.9939,1.00,1.00
2010.08.20 02:22:36.992,0.99335,0.99395,1.00,2.40
2010.08.20 02:22:37.048,0.99335,0.9939,1.00,1.00
2010.08.20 02:22:37.908,0.99335,0.99395,1.00,1.60
2010.08.20 02:22:38.027,0.99335,0.994,1.00,5.20
2010.08.20 02:22:38.148,0.99335,0.9939,1.00,1.00
2010.08.20 02:22:38.268,0.99335,0.99395,1.00,4.00
2010.08.20 02:22:38.387,0.99335,0.994,1.00,5.20
2010.08.20 02:22:38.509,0.99335,0.9939,1.00,1.00
2010.08.20 02:22:40.808,0.99335,0.99395,1.00,1.00
2010.08.20 02:22:40.907,0.99335,0.99395,1.00,4.20
2010.08.20 02:22:41.332,0.99335,0.9939,1.00,1.00
2010.08.20 02:22:43.169,0.9934,0.9939,1.60,1.00
2010.08.20 02:22:43.498,0.99335,0.9939,1.00,1.00
2010.08.20 02:23:07.271,0.99335,0.9939,1.00,1.10
2010.08.20 02:23:13.369,0.99335,0.9939,1.00,1.00
2010.08.20 02:23:15.142,0.99335,0.9939,1.00,1.00
2010.08.20 02:23:27.199,0.99335,0.9939,1.00,1.00
2010.08.20 02:23:35.667,0.99335,0.9939,1.00,1.00
2010.08.20 02:23:37.912,0.99335,0.9939,1.00,1.00
2010.08.20 02:23:57.178,0.99335,0.9939,1.00,1.00
2010.08.20 02:23:59.641,0.99335,0.9939,1.00,1.00
2010.08.20 02:24:00.442,0.9933,0.9939,2.00,1.00
2010.08.20 02:24:16.115,0.9933,0.9939,2.10,1.00
2010.08.20 02:24:17.371,0.99335,0.9939,1.00,1.00
2010.08.20 02:24:20.216,0.9934,0.9939,1.00,1.00
2010.08.20 02:24:21.269,0.9933,0.9939,2.10,1.00
2010.08.20 02:24:22.870,0.9933,0.9939,1.70,1.00
2010.08.20 02:24:24.359,0.99335,0.9939,1.00,1.00
2010.08.20 02:24:26.230,0.9934,0.9939,1.00,1.00
2010.08.20 02:24:26.488,0.9934,0.9939,1.00,1.00
2010.08.20 02:24:28.949,0.9934,0.9939,1.00,1.00
2010.08.20 02:24:29.068,0.9934,0.99395,1.00,1.60
2010.08.20 02:24:29.368,0.9934,0.9939,1.00,1.00
2010.08.20 02:24:29.668,0.9934,0.994,1.00,1.20
2010.08.20 02:24:29.968,0.9934,0.9939,1.00,1.00
2010.08.20 02:24:30.270,0.9935,0.9939,1.00,1.00
2010.08.20 02:24:30.655,0.9935,0.9939,2.40,1.00
2010.08.20 02:24:30.749,0.9935,0.994,2.40,1.00
2010.08.20 02:24:32.926,0.9935,0.994,2.40,1.00
2010.08.20 02:24:35.892,0.99355,0.994,1.00,1.00
2010.08.20 02:24:37.111,0.99355,0.994,1.00,1.00
2010.08.20 02:24:37.556,0.99355,0.994,1.00,1.00
2010.08.20 02:24:42.523,0.99355,0.99405,1.00,2.70
2010.08.20 02:24:45.903,0.99355,0.994,1.00,1.00
2010.08.20 02:24:46.448,0.99355,0.99405,1.00,2.70
2010.08.20 02:24:47.810,0.99355,0.994,1.00,1.00
2010.08.20 02:24:51.468,0.99355,0.99405,1.00,2.70
2010.08.20 02:24:56.033,0.99355,0.99405,1.00,2.60
2010.08.20 02:24:56.154,0.99355,0.99405,1.00,2.70
2010.08.20 02:24:57.927,0.99355,0.99405,1.00,2.10
2010.08.20 02:24:58.098,0.99355,0.99405,1.00,2.70
2010.08.20 02:25:06.349,0.99355,0.994,1.00,1.00
2010.08.20 02:25:24.869,0.99355,0.99405,1.00,2.70
2010.08.20 02:25:38.101,0.9935,0.99405,1.70,2.70
2010.08.20 02:25:45.316,0.9935,0.99405,1.60,2.70
2010.08.20 02:25:47.363,0.9935,0.994,1.60,1.00
2010.08.20 02:25:49.938,0.9935,0.99405,1.70,2.70
2010.08.20 02:25:50.560,0.9935,0.99405,1.60,2.50
2010.08.20 02:25:50.689,0.9935,0.99405,1.70,2.50
2010.08.20 02:25:52.258,0.9935,0.99405,1.70,2.70
2010.08.20 02:25:57.480,0.9935,0.994,1.60,1.00
2010.08.20 02:25:58.529,0.9935,0.99405,1.70,2.70
2010.08.20 02:26:09.145,0.9935,0.99405,1.70,2.10
2010.08.20 02:26:09.318,0.9935,0.99405,1.60,2.10
2010.08.20 02:26:14.459,0.9935,0.99405,1.70,2.10
2010.08.20 02:26:16.490,0.9935,0.99405,1.60,2.10
2010.08.20 02:26:19.957,0.9935,0.99405,1.60,2.70
2010.08.20 02:26:20.266,0.9935,0.99405,2.00,2.70
2010.08.20 02:26:20.727,0.9935,0.994,2.00,1.00
2010.08.20 02:26:26.905,0.9935,0.994,1.60,1.00
2010.08.20 02:26:27.378,0.9935,0.994,2.00,1.00
2010.08.20 02:26:30.300,0.9935,0.99405,2.00,2.70
2010.08.20 02:26:30.617,0.9935,0.99405,1.60,2.70
2010.08.20 02:26:31.108,0.9935,0.994,2.00,1.00
2010.08.20 02:26:35.872,0.9935,0.994,1.60,1.00
2010.08.20 02:26:36.343,0.9935,0.994,2.00,1.00
2010.08.20 02:26:37.414,0.9935,0.99405,2.00,2.70
2010.08.20 02:26:37.558,0.9935,0.99405,1.60,2.70
2010.08.20 02:26:38.025,0.9935,0.994,1.60,1.00
2010.08.20 02:27:11.202,0.9935,0.99395,1.60,1.00
2010.08.20 02:27:11.744,0.9935,0.994,1.60,1.00
2010.08.20 02:27:16.588,0.9935,0.994,2.00,1.00
2010.08.20 02:27:17.838,0.9935,0.994,1.60,1.00
2010.08.20 02:27:18.564,0.9935,0.994,2.00,1.00
2010.08.20 02:27:19.934,0.9935,0.994,1.60,1.00
2010.08.20 02:27:34.564,0.9935,0.994,2.00,1.00
2010.08.20 02:27:34.844,0.9935,0.99395,1.60,1.00
2010.08.20 02:27:35.119,0.9935,0.994,1.60,1.00
2010.08.20 02:27:36.330,0.9935,0.994,1.60,1.00
2010.08.20 02:27:36.473,0.9934,0.994,2.80,2.50
2010.08.20 02:27:36.619,0.9934,0.9939,1.20,1.00
2010.08.20 02:27:36.758,0.9934,0.994,1.20,1.70
2010.08.20 02:27:36.898,0.9934,0.994,1.20,2.50
2010.08.20 02:27:37.038,0.9934,0.99395,1.20,4.00
2010.08.20 02:27:37.179,0.99345,0.99395,1.00,2.40
2010.08.20 02:27:37.339,0.99345,0.994,1.00,1.70
2010.08.20 02:27:37.500,0.99345,0.9939,1.00,1.00
2010.08.20 02:27:38.799,0.99345,0.99395,1.00,4.00
2010.08.20 02:27:39.140,0.99345,0.9939,1.00,1.00
2010.08.20 02:27:39.410,0.99345,0.994,1.00,1.70
2010.08.20 02:27:39.740,0.99345,0.9939,1.00,1.00
2010.08.20 02:27:40.280,0.99345,0.99395,1.00,1.60
2010.08.20 02:27:40.529,0.99345,0.9939,1.00,1.00
2010.08.20 02:27:41.489,0.99345,0.99395,1.00,2.40
2010.08.20 02:27:41.809,0.99345,0.9939,1.00,1.00
2010.08.20 02:27:42.069,0.9934,0.99395,1.00,4.00
2010.08.20 02:27:42.385,0.9934,0.99395,1.00,1.60
2010.08.20 02:27:42.648,0.99335,0.9939,1.00,1.00
2010.08.20 02:27:42.808,0.99335,0.994,1.00,1.00
2010.08.20 02:27:42.878,0.99335,0.994,1.00,1.70
2010.08.20 02:27:42.961,0.99335,0.99395,1.00,2.40
2010.08.20 02:27:43.028,0.99335,0.9939,1.00,1.00
2010.08.20 02:27:43.248,0.99335,0.994,1.00,1.00
2010.08.20 02:27:43.589,0.99335,0.9939,1.00,1.00
2010.08.20 02:27:43.849,0.99335,0.994,1.00,1.70
2010.08.20 02:27:44.108,0.99335,0.9939,1.00,1.00
2010.08.20 02:27:44.368,0.99335,0.994,1.00,1.00
2010.08.20 02:27:44.628,0.99335,0.9939,1.00,1.00
2010.08.20 02:27:45.390,0.99335,0.9939,1.00,1.00
2010.08.20 02:27:45.729,0.9934,0.9939,1.00,1.00
2010.08.20 02:27:47.588,0.9934,0.994,1.00,1.90
2010.08.20 02:27:47.710,0.9934,0.9939,1.00,1.00
2010.08.20 02:27:48.450,0.9934,0.9939,1.00,1.00
2010.08.20 02:27:48.720,0.9933,0.99385,2.90,1.00
2010.08.20 02:27:48.978,0.99335,0.99385,1.00,2.10
2010.08.20 02:27:49.386,0.9933,0.99385,2.50,1.60
2010.08.20 02:27:49.728,0.9933,0.9939,2.50,1.00
2010.08.20 02:27:50.990,0.9933,0.99385,2.40,2.10
2010.08.20 02:27:51.290,0.9933,0.99385,2.50,1.00
2010.08.20 02:27:51.560,0.9933,0.99375,1.70,1.60
2010.08.20 02:27:52.150,0.99325,0.99375,1.00,1.60
2010.08.20 02:27:52.430,0.9932,0.99375,1.70,1.60
2010.08.20 02:27:53.270,0.9932,0.99375,2.50,1.60
2010.08.20 02:27:55.617,0.99325,0.99375,1.00,1.60
2010.08.20 02:27:58.290,0.9933,0.99375,1.00,1.60
2010.08.20 02:27:59.433,0.99325,0.99375,1.00,1.60
2010.08.20 02:28:00.248,0.9933,0.99375,1.00,1.60
2010.08.20 02:28:01.038,0.99325,0.99375,1.00,1.60
2010.08.20 02:28:04.554,0.9933,0.99375,1.00,1.60
2010.08.20 02:28:04.889,0.9933,0.99375,1.00,1.60
2010.08.20 02:28:15.159,0.99325,0.99375,1.00,1.60
2010.08.20 02:28:17.099,0.99325,0.99375,1.00,4.80
2010.08.20 02:28:17.188,0.99325,0.99365,1.00,1.60
2010.08.20 02:28:18.069,0.9932,0.99365,2.10,1.60
2010.08.20 02:28:18.399,0.9932,0.99365,2.00,1.60
2010.08.20 02:28:19.511,0.99325,0.99365,1.00,1.60
2010.08.20 02:28:21.138,0.9932,0.99365,1.70,1.60
2010.08.20 02:28:22.281,0.99325,0.99365,1.00,1.60
2010.08.20 02:28:23.193,0.99325,0.99365,1.00,1.60
2010.08.20 02:28:23.459,0.9932,0.99365,1.70,1.60
2010.08.20 02:28:25.280,0.99325,0.99365,1.00,1.60
2010.08.20 02:28:25.807,0.9932,0.99365,1.70,1.60
2010.08.20 02:28:26.539,0.99325,0.99365,1.00,1.60
2010.08.20 02:28:31.574,0.9932,0.99365,1.70,1.60
2010.08.20 02:28:31.764,0.9932,0.99375,1.70,2.40
2010.08.20 02:28:31.788,0.99325,0.99375,1.00,2.40
2010.08.20 02:28:35.241,0.9933,0.99375,1.00,2.40
2010.08.20 02:28:47.491,0.99325,0.99375,1.00,2.40
2010.08.20 02:28:47.783,0.9933,0.99375,1.00,2.40
2010.08.20 02:28:55.299,0.99325,0.99375,1.00,2.40
2010.08.20 02:29:17.533,0.99325,0.99375,1.00,1.60
2010.08.20 02:29:31.208,0.9932,0.99375,2.00,1.60
2010.08.20 02:29:31.587,0.9932,0.99375,1.60,1.60
2010.08.20 02:29:31.899,0.9932,0.99375,1.70,1.60
2010.08.20 02:29:32.520,0.99325,0.99375,1.00,1.60
2010.08.20 02:29:43.229,0.9932,0.99375,1.70,1.60
2010.08.20 02:29:45.200,0.99325,0.99375,1.00,1.60
2010.08.20 02:29:51.446,0.9932,0.99375,1.70,1.70
2010.08.20 02:29:51.628,0.9932,0.99375,1.60,1.70
2010.08.20 02:30:01.669,0.9932,0.99375,1.70,1.60
2010.08.20 02:30:01.903,0.9932,0.99375,2.10,1.60
2010.08.20 02:30:02.008,0.9932,0.99375,2.10,1.70
2010.08.20 02:30:02.512,0.9932,0.99375,2.00,1.60
2010.08.20 02:30:02.852,0.99315,0.99365,2.10,1.60
2010.08.20 02:30:05.474,0.99315,0.99365,1.70,1.60
2010.08.20 02:30:05.648,0.99315,0.99365,1.60,1.60
2010.08.20 02:30:06.943,0.99315,0.99365,1.70,1.60
2010.08.20 02:30:13.002,0.99315,0.99365,1.60,1.60
2010.08.20 02:30:13.382,0.99315,0.99365,1.70,1.60
2010.08.20 02:30:14.022,0.99315,0.99355,1.60,1.60
2010.08.20 02:30:26.338,0.99315,0.99355,1.60,1.60
2010.08.20 02:30:26.549,0.99315,0.99355,1.60,1.60
2010.08.20 02:30:28.321,0.99315,0.99355,1.70,1.60
2010.08.20 02:30:32.818,0.99315,0.99355,1.60,1.60
2010.08.20 02:30:33.008,0.99315,0.99365,1.60,2.40
2010.08.20 02:30:33.198,0.99315,0.99365,1.70,2.40
2010.08.20 02:30:33.789,0.99315,0.99365,1.60,2.40
2010.08.20 02:30:38.311,0.9933,0.99365,1.60,1.60
2010.08.20 02:30:38.519,0.9933,0.99375,1.60,2.00
2010.08.20 02:30:38.729,0.9933,0.99375,2.00,1.60
2010.08.20 02:30:38.939,0.9933,0.99375,1.60,1.60
2010.08.20 02:30:53.231,0.9933,0.99375,1.70,1.60
2010.08.20 02:30:54.450,0.9933,0.99375,1.60,1.60
2010.08.20 02:30:56.374,0.9933,0.99375,1.70,1.60
2010.08.20 02:31:07.382,0.9933,0.99375,1.60,1.60
2010.08.20 02:31:08.471,0.9933,0.99375,1.60,1.60
2010.08.20 02:31:08.568,0.9933,0.99375,1.70,1.60
2010.08.20 02:31:15.153,0.99335,0.99375,1.00,1.60
2010.08.20 02:31:22.011,0.9933,0.99375,1.60,1.60
2010.08.20 02:31:29.930,0.9933,0.99375,1.70,1.60
2010.08.20 02:31:30.537,0.99335,0.99375,1.00,1.60
2010.08.20 02:31:31.012,0.9933,0.99375,1.60,1.60
2010.08.20 02:31:36.731,0.9933,0.99375,1.70,1.60
2010.08.20 02:31:45.373,0.9933,0.99375,1.60,1.60
2010.08.20 02:31:45.812,0.9933,0.99375,1.70,1.60
2010.08.20 02:31:46.121,0.9933,0.99375,1.60,1.60
2010.08.20 02:31:46.283,0.9933,0.99385,1.60,1.60
2010.08.20 02:31:46.621,0.9933,0.9939,3.20,1.00
2010.08.20 02:31:50.490,0.9933,0.99395,3.20,2.40
2010.08.20 02:31:51.200,0.9933,0.99395,3.20,2.60
2010.08.20 02:32:00.281,0.9933,0.99395,3.40,2.40
2010.08.20 02:32:00.508,0.9933,0.99395,3.20,2.60
2010.08.20 02:32:00.738,0.9933,0.99395,3.40,2.40
2010.08.20 02:32:01.809,0.9933,0.99395,3.20,2.60
2010.08.20 02:32:02.142,0.9933,0.99385,2.40,1.60
2010.08.20 02:32:02.229,0.9933,0.99385,2.40,2.00
2010.08.20 02:32:02.309,0.9933,0.99375,2.40,1.60
2010.08.20 02:32:02.836,0.9933,0.99375,1.60,1.60
2010.08.20 02:32:03.485,0.9933,0.99375,1.70,1.60
2010.08.20 02:32:03.951,0.99335,0.99375,1.00,1.60
2010.08.20 02:32:05.608,0.99335,0.99375,1.00,1.60
2010.08.20 02:32:05.949,0.99335,0.99385,1.00,1.60
2010.08.20 02:32:06.429,0.99335,0.99395,1.00,2.40
2010.08.20 02:32:06.650,0.99335,0.99395,1.00,2.60
2010.08.20 02:32:11.582,0.99335,0.99395,1.00,2.40
2010.08.20 02:32:18.709,0.9934,0.99395,1.60,1.70
2010.08.20 02:32:19.169,0.99335,0.99395,1.00,2.40
2010.08.20 02:32:19.634,0.9934,0.99395,1.60,2.40
2010.08.20 02:32:19.920,0.9934,0.99395,2.40,1.70
2010.08.20 02:32:23.123,0.9934,0.99395,2.50,1.60
2010.08.20 02:32:23.392,0.9934,0.99395,2.40,1.60
2010.08.20 02:32:23.690,0.9934,0.994,2.80,1.00
2010.08.20 02:32:23.981,0.9934,0.99395,1.60,1.60
2010.08.20 02:32:24.568,0.99335,0.99395,1.00,2.40
2010.08.20 02:32:24.915,0.9933,0.99375,1.70,1.60
2010.08.20 02:32:28.726,0.99335,0.99375,1.00,1.60
2010.08.20 02:32:29.190,0.9933,0.99375,1.60,1.60
2010.08.20 02:32:29.319,0.9933,0.99375,1.70,1.60
2010.08.20 02:32:30.795,0.9933,0.99375,1.60,1.60
2010.08.20 02:32:31.493,0.9933,0.99375,1.60,1.60
2010.08.20 02:32:31.779,0.9933,0.99375,1.70,1.60
2010.08.20 02:32:33.459,0.9933,0.99375,1.60,1.60
2010.08.20 02:32:34.441,0.9933,0.99375,1.70,1.60
2010.08.20 02:32:35.041,0.9933,0.99375,1.60,1.60
2010.08.20 02:32:35.434,0.9933,0.99375,1.70,1.60
2010.08.20 02:32:36.277,0.99335,0.99375,1.00,1.60
2010.08.20 02:32:38.481,0.9933,0.99375,1.70,1.60
2010.08.20 02:32:40.458,0.9933,0.99375,1.60,1.60
2010.08.20 02:32:41.202,0.9933,0.99375,1.70,1.60
2010.08.20 02:32:42.263,0.99335,0.99375,1.00,1.60
2010.08.20 02:32:58.944,0.9933,0.99375,1.70,1.60
2010.08.20 02:33:02.362,0.99335,0.99375,1.00,1.60
2010.08.20 02:33:02.489,0.9933,0.99375,1.70,1.60
2010.08.20 02:33:04.890,0.99335,0.99375,1.00,1.60
2010.08.20 02:33:10.300,0.9933,0.99375,1.60,1.60
2010.08.20 02:33:18.200,0.9933,0.99385,1.70,1.60
2010.08.20 02:33:18.957,0.9933,0.99385,2.50,1.60
2010.08.20 02:33:20.375,0.99335,0.99385,1.00,1.60
2010.08.20 02:33:44.290,0.9933,0.99385,2.90,1.60
2010.08.20 02:33:49.226,0.9933,0.99385,2.80,1.60
2010.08.20 02:33:49.514,0.99335,0.99385,1.00,1.60
2010.08.20 02:33:50.910,0.99335,0.99385,1.00,1.60
2010.08.20 02:33:51.233,0.99335,0.994,1.60,1.00
2010.08.20 02:33:52.222,0.99335,0.994,1.60,1.00
2010.08.20 02:33:54.222,0.99335,0.994,1.60,1.00
2010.08.20 02:33:54.862,0.9934,0.99395,1.60,1.60
2010.08.20 02:33:55.109,0.9934,0.99395,1.70,1.60
2010.08.20 02:33:56.650,0.99335,0.99395,1.00,2.00
2010.08.20 02:34:01.930,0.9933,0.99395,2.10,2.00
2010.08.20 02:34:11.101,0.9933,0.99395,2.00,2.10
2010.08.20 02:34:17.516,0.9933,0.99395,2.00,2.00
2010.08.20 02:34:18.051,0.9933,0.99395,2.40,2.00
2010.08.20 02:34:18.730,0.9933,0.99395,2.40,2.00
2010.08.20 02:34:20.219,0.9933,0.99395,2.40,2.10
2010.08.20 02:34:23.013,0.9933,0.99395,2.60,2.10
2010.08.20 02:34:23.299,0.9934,0.99395,1.60,1.70
2010.08.20 02:34:23.479,0.9934,0.99395,1.60,2.10
2010.08.20 02:34:23.664,0.9933,0.99395,2.40,2.10
2010.08.20 02:34:26.284,0.99335,0.99395,1.00,2.10
2010.08.20 02:34:36.701,0.9934,0.99395,1.60,1.70
2010.08.20 02:34:37.100,0.99335,0.99395,1.00,2.10
2010.08.20 02:34:37.179,0.99335,0.99395,1.00,2.00
2010.08.20 02:34:49.917,0.99335,0.99395,1.00,2.40
2010.08.20 02:35:01.557,0.99335,0.99395,1.00,2.40
2010.08.20 02:35:01.758,0.99335,0.99395,1.00,1.00
2010.08.20 02:35:01.952,0.99335,0.994,1.60,1.00
2010.08.20 02:35:02.172,0.9934,0.99405,1.00,1.20
2010.08.20 02:35:07.129,0.99335,0.994,1.80,1.00
2010.08.20 02:35:08.909,0.9934,0.99405,1.00,1.20
2010.08.20 02:35:12.199,0.99335,0.994,1.60,1.00
2010.08.20 02:35:12.664,0.9934,0.99405,1.00,1.20
2010.08.20 02:35:21.630,0.9934,0.99405,4.90,1.20
2010.08.20 02:35:21.739,0.9934,0.99405,2.40,1.20
2010.08.20 02:35:21.849,0.9934,0.99405,1.00,1.20
2010.08.20 02:35:21.959,0.9934,0.99405,1.00,1.00
2010.08.20 02:35:35.397,0.99335,0.994,1.80,1.00
2010.08.20 02:35:35.591,0.99335,0.994,1.80,1.20
2010.08.20 02:35:35.932,0.99335,0.994,1.60,1.20
2010.08.20 02:35:36.560,0.9934,0.994,2.00,1.00
2010.08.20 02:35:38.368,0.99345,0.994,1.00,1.00
2010.08.20 02:35:41.479,0.9934,0.99395,2.10,1.00
2010.08.20 02:35:41.610,0.9934,0.99385,1.00,1.60
2010.08.20 02:35:41.739,0.9933,0.99385,2.90,1.60
2010.08.20 02:35:46.455,0.99335,0.99385,1.00,1.60
2010.08.20 02:35:47.089,0.9933,0.99385,2.90,1.60
2010.08.20 02:35:48.562,0.99335,0.99385,1.00,1.60
2010.08.20 02:35:59.205,0.9933,0.99385,2.90,1.60
2010.08.20 02:36:24.083,0.9933,0.99385,2.80,1.70
2010.08.20 02:36:28.409,0.9933,0.99385,2.80,4.20
2010.08.20 02:36:28.472,0.9933,0.9937,2.00,1.60
2010.08.20 02:36:28.560,0.9933,0.9937,2.80,1.60
2010.08.20 02:36:28.592,0.99335,0.9937,1.00,1.60
2010.08.20 02:36:28.651,0.9934,0.99385,1.60,1.60
2010.08.20 02:36:28.993,0.9934,0.9939,1.60,3.00
2010.08.20 02:36:29.021,0.9934,0.9939,1.60,1.00
2010.08.20 02:36:29.290,0.99335,0.99385,1.00,1.60
2010.08.20 02:36:29.561,0.99335,0.99385,1.00,1.70
2010.08.20 02:36:29.829,0.9933,0.99385,2.80,1.70
2010.08.20 02:36:54.943,0.9933,0.9938,2.80,1.00
2010.08.20 02:36:55.560,0.9933,0.9938,2.80,1.00
2010.08.20 02:36:57.150,0.9933,0.9938,2.80,1.00
2010.08.20 02:37:02.799,0.9933,0.9938,2.00,1.00
2010.08.20 02:37:02.934,0.9933,0.9938,1.60,1.00
2010.08.20 02:37:03.049,0.9932,0.9938,2.00,1.00
2010.08.20 02:37:03.442,0.9932,0.99375,1.00,1.60
2010.08.20 02:37:03.556,0.99315,0.99375,2.90,1.60
2010.08.20 02:37:06.442,0.99315,0.99375,2.90,1.70
2010.08.20 02:37:09.180,0.9932,0.99375,1.00,1.60
2010.08.20 02:37:09.275,0.99315,0.99375,2.90,1.70
2010.08.20 02:37:09.409,0.9932,0.99375,1.60,1.70
2010.08.20 02:37:09.500,0.9932,0.99375,1.60,1.60
2010.08.20 02:37:10.411,0.99315,0.99375,2.80,1.60
2010.08.20 02:37:11.265,0.99315,0.99375,2.80,1.70
2010.08.20 02:37:11.599,0.99315,0.99375,2.90,1.70
2010.08.20 02:37:12.077,0.99315,0.99375,2.80,1.70
2010.08.20 02:37:12.194,0.99315,0.99375,2.90,1.70
2010.08.20 02:37:12.364,0.99315,0.99375,2.90,1.60
2010.08.20 02:37:12.475,0.99315,0.99375,2.80,1.70
2010.08.20 02:37:12.884,0.99325,0.99375,1.00,1.70
2010.08.20 02:37:13.480,0.99325,0.99375,1.00,1.60
2010.08.20 02:37:15.379,0.99325,0.99375,1.00,1.70
2010.08.20 02:37:20.381,0.99325,0.99375,1.00,1.60
2010.08.20 02:37:20.669,0.99325,0.99375,1.00,1.70
2010.08.20 02:37:22.317,0.99325,0.99375,1.00,1.60
2010.08.20 02:37:28.820,0.99325,0.99375,1.00,1.70
2010.08.20 02:37:30.051,0.99325,0.99375,1.00,1.60
2010.08.20 02:37:32.680,0.9933,0.99375,1.00,1.60
2010.08.20 02:37:33.268,0.9933,0.99385,1.00,2.10
2010.08.20 02:37:33.464,0.9933,0.9938,1.00,1.00
2010.08.20 02:37:37.144,0.9933,0.9938,1.00,1.00
2010.08.20 02:37:37.322,0.9933,0.9938,1.00,1.00
2010.08.20 02:38:05.248,0.9933,0.99375,1.00,1.00
2010.08.20 02:38:14.051,0.9933,0.9938,1.00,1.00
2010.08.20 02:38:16.281,0.9933,0.99375,1.00,1.00
2010.08.20 02:38:17.332,0.9933,0.9938,1.00,1.00
2010.08.20 02:38:25.154,0.9933,0.99375,1.00,1.00
2010.08.20 02:38:25.272,0.9933,0.99375,1.00,1.00
2010.08.20 02:38:33.856,0.9932,0.99375,2.40,1.00
2010.08.20 02:38:43.302,0.9932,0.9938,2.40,1.00
2010.08.20 02:38:43.421,0.9932,0.9938,2.40,1.00
2010.08.20 02:38:51.172,0.9932,0.99385,2.60,2.10
2010.08.20 02:38:54.457,0.9932,0.9938,2.40,1.00
2010.08.20 02:38:54.940,0.9932,0.9938,2.40,1.00
2010.08.20 02:38:59.627,0.9932,0.99385,2.60,2.10
2010.08.20 02:39:05.995,0.9932,0.9938,2.40,1.00
2010.08.20 02:39:06.310,0.9932,0.99385,2.60,2.10
2010.08.20 02:39:09.685,0.9932,0.9938,2.40,1.00
2010.08.20 02:39:15.811,0.9932,0.9938,2.40,1.00
2010.08.20 02:39:20.308,0.9932,0.9938,2.60,1.00
2010.08.20 02:39:21.310,0.9932,0.9938,2.40,1.00
2010.08.20 02:39:47.685,0.9932,0.9938,2.60,1.00
2010.08.20 02:39:48.942,0.99325,0.9938,1.00,1.00
2010.08.20 02:39:50.455,0.9933,0.9938,1.00,1.00
2010.08.20 02:39:50.789,0.9933,0.99385,1.00,2.00
2010.08.20 02:39:53.516,0.9933,0.99385,1.00,2.00
2010.08.20 02:39:53.611,0.9933,0.99385,1.00,2.00
2010.08.20 02:40:01.931,0.99325,0.99385,1.00,2.00
2010.08.20 02:40:02.240,0.9932,0.99385,2.60,2.10
2010.08.20 02:40:02.892,0.99315,0.9938,2.60,1.00
2010.08.20 02:40:03.041,0.9934,0.9938,1.00,1.00
2010.08.20 02:40:03.191,0.9934,0.99385,1.00,2.00
2010.08.20 02:40:03.671,0.9934,0.99385,1.00,1.00
2010.08.20 02:40:04.011,0.99335,0.99385,1.00,1.00
2010.08.20 02:40:07.139,0.99335,0.9937,1.00,1.00
2010.08.20 02:40:28.113,0.99335,0.99365,1.00,1.00
2010.08.20 02:40:28.451,0.99335,0.9937,1.00,1.00
2010.08.20 02:40:28.807,0.99335,0.99365,1.00,1.00
2010.08.20 02:40:29.153,0.99335,0.9937,1.00,1.00
2010.08.20 02:40:29.601,0.99335,0.99365,1.00,1.00
2010.08.20 02:40:30.701,0.99335,0.9937,1.00,1.00
2010.08.20 02:40:31.620,0.9934,0.9937,1.00,1.00
2010.08.20 02:40:45.791,0.99335,0.99365,1.00,1.00
2010.08.20 02:40:58.920,0.99335,0.9937,1.00,1.00
2010.08.20 02:41:05.844,0.9934,0.9937,1.00,1.00
2010.08.20 02:41:06.243,0.9934,0.9937,2.40,1.00
2010.08.20 02:41:06.582,0.9935,0.9938,1.60,1.00
2010.08.20 02:41:07.990,0.9935,0.9938,2.40,1.00
2010.08.20 02:41:08.474,0.9935,0.99375,2.40,1.00
2010.08.20 02:41:23.857,0.9935,0.9938,2.40,1.00
2010.08.20 02:41:26.532,0.9935,0.99385,2.40,2.00
2010.08.20 02:41:26.844,0.9935,0.99385,1.60,1.60
2010.08.20 02:41:27.509,0.9935,0.99385,1.60,2.00
2010.08.20 02:41:30.011,0.99355,0.99385,1.00,2.00
2010.08.20 02:41:30.536,0.99355,0.99385,1.00,1.00
2010.08.20 02:41:35.295,0.99355,0.99395,1.00,1.60
2010.08.20 02:41:35.970,0.99365,0.994,1.00,1.00
2010.08.20 02:41:36.599,0.99365,0.99405,1.00,1.00
2010.08.20 02:41:47.794,0.99365,0.99405,1.00,1.00
2010.08.20 02:41:48.103,0.99355,0.99405,1.00,1.00
2010.08.20 02:41:48.732,0.99355,0.99405,1.00,2.00
2010.08.20 02:41:49.503,0.99365,0.99405,1.00,2.00
2010.08.20 02:41:49.661,0.99365,0.99405,1.00,1.00
2010.08.20 02:41:49.980,0.99365,0.99405,1.00,2.00
2010.08.20 02:41:50.140,0.99365,0.99405,1.00,1.00
2010.08.20 02:41:54.575,0.99365,0.994,1.00,1.00
2010.08.20 02:41:56.031,0.99355,0.994,1.00,1.00
2010.08.20 02:41:56.270,0.99355,0.99395,1.00,1.60
2010.08.20 02:41:56.510,0.99355,0.994,1.00,1.00
2010.08.20 02:41:57.352,0.99365,0.99395,1.00,1.00
2010.08.20 02:41:58.031,0.99365,0.99405,1.00,1.00
2010.08.20 02:41:58.647,0.99365,0.99405,1.00,2.00
2010.08.20 02:41:58.841,0.99355,0.99405,1.00,2.00
2010.08.20 02:41:59.611,0.99365,0.99405,1.00,1.00
2010.08.20 02:42:02.835,0.99365,0.994,1.00,1.00
2010.08.20 02:42:09.801,0.99365,0.99395,1.00,1.00
2010.08.20 02:42:18.107,0.99365,0.99405,1.00,2.00
2010.08.20 02:42:19.082,0.99365,0.99405,1.00,1.60
2010.08.20 02:42:20.236,0.99365,0.994,1.00,1.00
2010.08.20 02:42:30.322,0.99365,0.99395,1.00,1.00
2010.08.20 02:42:34.918,0.99365,0.994,1.00,1.00
2010.08.20 02:42:47.462,0.99365,0.994,1.00,1.00
2010.08.20 02:42:51.715,0.99365,0.994,1.00,1.00
2010.08.20 02:42:52.816,0.99365,0.994,1.00,1.00
2010.08.20 02:42:54.685,0.99365,0.994,1.00,1.00
2010.08.20 02:43:03.500,0.99365,0.99405,1.00,2.00
2010.08.20 02:43:06.033,0.99365,0.994,1.00,1.00
2010.08.20 02:43:06.925,0.99365,0.99395,1.00,1.00
2010.08.20 02:43:10.326,0.9935,0.99395,1.70,1.00
2010.08.20 02:43:15.046,0.9935,0.994,1.70,1.00
2010.08.20 02:43:23.753,0.99355,0.994,1.00,1.00
2010.08.20 02:43:28.350,0.9935,0.99405,1.70,2.00
2010.08.20 02:43:28.669,0.9936,0.994,1.60,1.00
2010.08.20 02:43:30.312,0.9936,0.99405,1.60,2.00
2010.08.20 02:43:30.485,0.9936,0.994,1.60,1.00
2010.08.20 02:43:30.652,0.9935,0.994,1.70,1.00
2010.08.20 02:43:31.891,0.9935,0.994,1.60,1.00
2010.08.20 02:43:32.231,0.9935,0.994,1.70,1.00
2010.08.20 02:43:32.593,0.9935,0.994,1.60,1.00
2010.08.20 02:43:33.271,0.9935,0.994,1.70,1.00
2010.08.20 02:43:34.490,0.9935,0.994,1.60,1.00
2010.08.20 02:43:34.679,0.9935,0.994,1.70,1.00
2010.08.20 02:43:34.870,0.9935,0.994,1.60,1.00
2010.08.20 02:43:35.135,0.9935,0.994,1.70,1.00
2010.08.20 02:43:35.460,0.9935,0.994,1.60,1.00
2010.08.20 02:43:35.799,0.9935,0.994,1.70,1.00
2010.08.20 02:43:36.377,0.9935,0.99405,1.70,2.50
2010.08.20 02:43:38.232,0.9935,0.99405,1.70,2.70
2010.08.20 02:43:38.450,0.9935,0.99405,1.60,2.70
2010.08.20 02:43:38.660,0.9935,0.99405,1.70,2.70
2010.08.20 02:43:44.011,0.9935,0.99405,1.60,2.70
2010.08.20 02:43:48.411,0.9935,0.99405,1.70,2.70
2010.08.20 02:43:48.881,0.9936,0.99405,1.60,2.50
2010.08.20 02:43:49.090,0.9936,0.99405,1.60,1.60
2010.08.20 02:43:49.561,0.9937,0.99405,1.00,1.60
2010.08.20 02:43:49.902,0.9937,0.9941,1.00,1.00
2010.08.20 02:43:50.140,0.9937,0.9941,1.00,1.00
2010.08.20 02:43:52.427,0.9937,0.99415,1.00,2.70
2010.08.20 02:43:59.176,0.9937,0.99415,1.00,3.10
2010.08.20 02:44:00.471,0.9937,0.99415,1.00,2.70
2010.08.20 02:44:14.931,0.9937,0.99415,1.00,2.60
2010.08.20 02:44:15.409,0.9937,0.99415,1.00,2.70
2010.08.20 02:44:20.280,0.99365,0.99415,1.00,2.70
2010.08.20 02:44:20.833,0.99365,0.99415,1.00,1.00
2010.08.20 02:44:21.352,0.99365,0.99415,1.00,1.10
2010.08.20 02:44:21.695,0.99355,0.9941,1.00,1.00
2010.08.20 02:44:21.973,0.99355,0.99415,1.00,1.00
2010.08.20 02:44:22.252,0.9936,0.99415,1.00,1.00
2010.08.20 02:44:23.002,0.99365,0.9941,1.00,1.00
2010.08.20 02:44:23.291,0.99365,0.99415,1.00,2.50
2010.08.20 02:44:23.944,0.99365,0.9941,1.00,1.00
2010.08.20 02:44:24.555,0.9936,0.9941,1.00,1.00
2010.08.20 02:44:27.897,0.9936,0.9941,1.00,1.00
2010.08.20 02:44:28.212,0.9936,0.9941,1.00,1.00
2010.08.20 02:44:28.844,0.9936,0.9941,1.00,1.00
2010.08.20 02:44:29.283,0.9936,0.9941,2.50,1.00
2010.08.20 02:44:29.344,0.9936,0.99415,2.40,2.50
2010.08.20 02:44:29.681,0.9936,0.9941,1.00,1.00
2010.08.20 02:44:30.022,0.9936,0.9941,1.00,1.00
2010.08.20 02:44:30.846,0.99365,0.9941,1.00,1.00
2010.08.20 02:44:32.941,0.9936,0.99415,2.50,2.50
2010.08.20 02:44:34.113,0.99365,0.99415,1.00,2.50
2010.08.20 02:44:35.306,0.99365,0.99415,1.00,2.50
2010.08.20 02:44:35.642,0.9937,0.9942,1.00,1.00
2010.08.20 02:44:36.261,0.9937,0.9942,1.00,1.00
2010.08.20 02:44:38.513,0.9937,0.9942,1.00,1.00
2010.08.20 02:44:38.780,0.9937,0.9942,1.00,1.00
2010.08.20 02:44:39.041,0.9936,0.9941,2.50,1.00
2010.08.20 02:44:39.220,0.9936,0.9941,1.00,1.00
2010.08.20 02:44:39.695,0.9936,0.9941,2.50,1.00
2010.08.20 02:44:39.874,0.9936,0.9941,1.00,1.00
2010.08.20 02:44:41.579,0.99365,0.9941,1.00,1.00
2010.08.20 02:44:41.923,0.9936,0.9941,1.00,1.00
2010.08.20 02:44:42.262,0.9937,0.9942,1.00,1.00
2010.08.20 02:44:43.073,0.99365,0.9942,1.00,1.00
2010.08.20 02:44:48.868,0.9937,0.9942,1.00,1.00
2010.08.20 02:44:49.333,0.99365,0.9942,1.00,1.00
2010.08.20 02:44:49.386,0.9937,0.9942,1.00,1.00
2010.08.20 02:44:49.436,0.99365,0.9942,1.00,1.00
2010.08.20 02:44:50.023,0.99365,0.9941,1.00,1.00
2010.08.20 02:44:51.412,0.99365,0.99415,1.00,2.50
2010.08.20 02:44:52.541,0.99365,0.99415,1.00,2.50
2010.08.20 02:44:52.781,0.99365,0.99415,1.00,1.60
2010.08.20 02:44:53.021,0.9937,0.9942,1.00,1.00
2010.08.20 02:44:53.627,0.9937,0.9942,1.00,1.00
2010.08.20 02:44:56.651,0.9937,0.9942,1.00,1.00
2010.08.20 02:44:57.598,0.99365,0.9942,1.00,1.00
2010.08.20 02:44:58.398,0.9937,0.9942,1.00,1.00
2010.08.20 02:45:09.031,0.9937,0.9942,1.00,1.00
2010.08.20 02:45:09.372,0.99375,0.9943,1.00,1.00
2010.08.20 02:45:10.489,0.99375,0.9943,1.00,1.00
2010.08.20 02:45:10.793,0.99365,0.9943,1.00,2.40
2010.08.20 02:45:10.951,0.99365,0.99435,1.00,4.40
2010.08.20 02:45:11.103,0.9937,0.99435,1.60,4.00
2010.08.20 02:45:11.741,0.99375,0.99435,1.00,4.00
2010.08.20 02:45:12.080,0.99375,0.99435,1.00,4.20
2010.08.20 02:45:14.040,0.99375,0.99435,1.00,4.00
2010.08.20 02:45:14.200,0.99375,0.9943,1.00,2.40
2010.08.20 02:45:14.712,0.9937,0.9943,1.00,3.20
2010.08.20 02:45:14.871,0.99375,0.9943,1.00,2.40
2010.08.20 02:45:15.944,0.9938,0.9943,1.00,1.00
2010.08.20 02:45:16.284,0.99375,0.99425,1.00,1.00
2010.08.20 02:45:16.621,0.99375,0.9943,1.00,1.00
2010.08.20 02:45:16.997,0.99375,0.99425,1.00,1.00
2010.08.20 02:45:22.965,0.99385,0.99425,1.00,1.00
2010.08.20 02:45:23.701,0.99385,0.9943,1.00,1.00
2010.08.20 02:45:24.327,0.9937,0.99425,1.00,1.00
2010.08.20 02:45:25.802,0.99375,0.99425,1.00,1.00
2010.08.20 02:45:26.143,0.9937,0.99425,1.00,1.00
2010.08.20 02:45:26.829,0.9937,0.9942,1.00,1.00
2010.08.20 02:45:30.764,0.9937,0.9942,1.00,1.00
2010.08.20 02:45:30.921,0.9937,0.9942,1.00,1.00
2010.08.20 02:45:31.082,0.9937,0.9942,1.00,1.00
2010.08.20 02:45:32.401,0.9937,0.9942,1.00,1.00
2010.08.20 02:45:34.317,0.9937,0.9942,1.00,1.00
2010.08.20 02:45:35.842,0.9937,0.9942,1.00,1.10
2010.08.20 02:45:36.765,0.9937,0.9942,1.00,1.00
2010.08.20 02:45:43.823,0.99375,0.99425,1.00,1.00
2010.08.20 02:45:44.162,0.99375,0.9942,1.00,1.00
2010.08.20 02:45:44.515,0.99375,0.99425,1.00,1.00
2010.08.20 02:45:45.101,0.9937,0.99425,1.00,1.00
2010.08.20 02:45:45.440,0.9936,0.99425,3.20,1.00
2010.08.20 02:45:46.329,0.9936,0.99425,3.20,2.00
2010.08.20 02:45:46.671,0.9936,0.9942,2.50,1.00
2010.08.20 02:45:47.644,0.9936,0.9942,1.70,1.00
2010.08.20 02:45:48.104,0.99365,0.9942,1.00,1.00
2010.08.20 02:45:48.440,0.99365,0.9942,1.00,1.00
2010.08.20 02:45:50.620,0.99365,0.9942,1.00,1.00
2010.08.20 02:45:51.002,0.99365,0.9942,1.00,1.00
2010.08.20 02:45:51.160,0.9936,0.9942,2.50,1.00
2010.08.20 02:45:51.732,0.9936,0.9942,2.40,1.00
2010.08.20 02:45:52.075,0.9936,0.9942,3.20,1.00
2010.08.20 02:45:52.657,0.99365,0.9942,1.00,1.00
2010.08.20 02:45:52.930,0.99365,0.9942,1.00,1.00
2010.08.20 02:45:58.693,0.99365,0.99425,1.00,1.00
2010.08.20 02:45:59.559,0.99365,0.99425,1.00,1.00
2010.08.20 02:46:00.198,0.99365,0.99425,1.00,1.00
2010.08.20 02:46:04.160,0.9936,0.99425,3.20,1.00
2010.08.20 02:46:04.637,0.99365,0.99425,1.00,1.00
2010.08.20 02:46:04.804,0.9936,0.99425,3.20,1.00
2010.08.20 02:46:06.489,0.9936,0.99425,3.10,1.00
2010.08.20 02:46:06.790,0.9936,0.99425,3.10,1.00
2010.08.20 02:46:10.080,0.9936,0.99425,3.10,1.00
2010.08.20 02:46:10.545,0.9936,0.99425,3.20,1.00
2010.08.20 02:46:10.950,0.9936,0.99425,3.20,1.00
2010.08.20 02:46:12.521,0.9936,0.9942,2.40,1.00
2010.08.20 02:46:12.940,0.9936,0.99425,3.10,1.00
2010.08.20 02:46:23.507,0.9936,0.99425,3.10,1.10
2010.08.20 02:46:32.921,0.9936,0.99425,3.10,1.00
2010.08.20 02:46:36.401,0.9936,0.99425,3.20,1.00
2010.08.20 02:46:37.191,0.9936,0.99425,3.10,2.50
2010.08.20 02:46:37.718,0.99355,0.99415,1.50,1.60
2010.08.20 02:46:37.975,0.99355,0.9941,1.00,1.00
2010.08.20 02:46:38.574,0.99355,0.9941,1.00,1.00
2010.08.20 02:46:40.182,0.99355,0.9941,1.00,1.00
2010.08.20 02:46:41.253,0.99355,0.9941,1.00,1.00
2010.08.20 02:46:46.183,0.9935,0.99405,1.70,1.00
2010.08.20 02:46:46.522,0.99355,0.9941,1.00,1.00
2010.08.20 02:46:47.912,0.9935,0.9941,1.60,1.00
2010.08.20 02:46:48.250,0.9935,0.9941,1.60,1.00
2010.08.20 02:46:48.859,0.99345,0.9941,1.60,1.00
2010.08.20 02:46:49.090,0.9935,0.9941,2.40,1.00
2010.08.20 02:46:49.653,0.9935,0.99415,1.00,1.70
2010.08.20 02:46:49.996,0.9935,0.99415,2.40,1.90
2010.08.20 02:46:50.333,0.9935,0.99415,3.20,1.20
2010.08.20 02:46:50.661,0.9935,0.99415,3.20,1.00
2010.08.20 02:46:50.991,0.9935,0.99415,3.20,1.00
2010.08.20 02:46:51.612,0.9935,0.99415,1.00,1.10
2010.08.20 02:46:51.894,0.99345,0.99415,1.00,1.10
2010.08.20 02:46:52.172,0.9935,0.99415,1.00,1.00
2010.08.20 02:46:52.451,0.9935,0.9941,1.60,1.00
2010.08.20 02:46:52.731,0.9935,0.9941,1.70,1.00
2010.08.20 02:46:57.533,0.99355,0.9941,1.00,1.00
2010.08.20 02:46:59.245,0.9935,0.9941,2.40,1.00
2010.08.20 02:46:59.413,0.9935,0.99405,1.00,1.00
2010.08.20 02:47:00.203,0.99345,0.99405,1.00,1.00
2010.08.20 02:47:01.105,0.99345,0.99395,1.00,1.00
2010.08.20 02:47:01.443,0.99345,0.9939,1.00,1.00
2010.08.20 02:47:04.982,0.9935,0.9939,1.60,1.00
2010.08.20 02:47:05.321,0.9935,0.99385,1.60,1.00
2010.08.20 02:47:11.991,0.9935,0.9939,1.60,1.00
2010.08.20 02:47:12.348,0.9935,0.99385,1.60,1.00
2010.08.20 02:47:13.283,0.9935,0.99385,1.70,1.00
2010.08.20 02:47:15.343,0.9935,0.99385,1.60,1.00
2010.08.20 02:47:15.990,0.9935,0.99385,1.60,1.00
2010.08.20 02:47:16.192,0.9935,0.99385,1.60,1.00
2010.08.20 02:47:16.870,0.9935,0.99385,1.60,1.00
2010.08.20 02:47:17.448,0.9935,0.99385,1.70,1.00
2010.08.20 02:47:19.201,0.9935,0.9939,1.60,1.00
2010.08.20 02:47:20.331,0.9935,0.99395,1.60,2.00
2010.08.20 02:47:22.852,0.9935,0.99395,1.70,2.00
2010.08.20 02:47:22.973,0.9935,0.99395,1.60,2.00
2010.08.20 02:47:23.162,0.9935,0.99395,1.70,2.00
2010.08.20 02:47:23.557,0.9935,0.99395,1.60,2.00
2010.08.20 02:47:23.886,0.9935,0.99395,1.70,2.00
2010.08.20 02:47:24.151,0.99355,0.99395,1.00,2.00
2010.08.20 02:47:24.411,0.9935,0.99395,1.70,2.00
2010.08.20 02:47:25.423,0.9935,0.99395,1.60,2.00
2010.08.20 02:47:25.762,0.9935,0.994,2.50,1.00
2010.08.20 02:47:26.964,0.9935,0.9941,2.50,1.20
2010.08.20 02:47:27.101,0.99355,0.9941,1.00,1.00
2010.08.20 02:47:27.440,0.99355,0.994,1.00,1.00
2010.08.20 02:47:28.120,0.9936,0.994,2.40,1.00
2010.08.20 02:47:34.235,0.9936,0.99395,2.40,1.00
2010.08.20 02:47:35.565,0.9936,0.99395,2.50,1.00
2010.08.20 02:47:35.661,0.9936,0.994,2.50,1.00
2010.08.20 02:47:36.134,0.9936,0.994,2.40,1.00
2010.08.20 02:47:37.720,0.9936,0.99405,2.40,1.00
2010.08.20 02:47:39.011,0.9936,0.99405,1.00,1.00
2010.08.20 02:47:39.201,0.99355,0.99395,1.00,1.00
2010.08.20 02:47:39.665,0.9935,0.99395,2.50,1.00
2010.08.20 02:47:42.172,0.9935,0.99395,1.60,2.00
2010.08.20 02:47:43.221,0.9935,0.9939,1.60,1.00
2010.08.20 02:47:46.889,0.9934,0.9939,2.50,1.00
2010.08.20 02:47:47.215,0.9934,0.9938,1.00,1.00
2010.08.20 02:47:48.442,0.99345,0.9938,1.00,1.00
2010.08.20 02:47:53.052,0.9934,0.9938,1.00,1.00
2010.08.20 02:48:01.532,0.99345,0.9938,1.00,1.00
2010.08.20 02:48:11.946,0.9934,0.9938,1.00,1.00
2010.08.20 02:48:12.436,0.9934,0.99375,1.00,1.00
2010.08.20 02:48:12.692,0.9934,0.9938,1.00,1.00
2010.08.20 02:48:13.031,0.99335,0.9938,1.00,1.00
2010.08.20 02:48:13.373,0.99335,0.9937,1.00,1.00
2010.08.20 02:48:14.512,0.99335,0.99375,1.00,1.00
2010.08.20 02:48:15.678,0.99335,0.99365,1.00,1.00
2010.08.20 02:48:25.228,0.9933,0.99365,1.00,1.00
2010.08.20 02:48:29.318,0.9933,0.9937,1.00,1.00
2010.08.20 02:48:31.893,0.99325,0.9936,1.70,1.00
2010.08.20 02:48:35.274,0.9933,0.9936,1.00,1.00
2010.08.20 02:48:36.102,0.99325,0.9936,1.70,1.00
2010.08.20 02:48:46.793,0.99325,0.9936,1.60,1.00
2010.08.20 02:48:47.271,0.99325,0.9936,1.70,1.00
2010.08.20 02:48:55.868,0.99325,0.9936,1.60,1.00
2010.08.20 02:48:58.273,0.99325,0.9936,1.70,1.00
2010.08.20 02:48:59.868,0.9933,0.9936,1.00,1.00
2010.08.20 02:49:00.232,0.99325,0.9936,1.70,1.00
2010.08.20 02:49:00.411,0.9933,0.9936,1.00,1.00
2010.08.20 02:49:01.341,0.99325,0.9936,2.50,1.00
2010.08.20 02:49:01.680,0.9933,0.99365,1.60,1.00
2010.08.20 02:49:07.292,0.9933,0.99365,1.70,1.00
2010.08.20 02:49:08.545,0.9933,0.99365,1.60,1.00
2010.08.20 02:49:09.262,0.9933,0.99365,1.70,1.00
2010.08.20 02:49:16.283,0.9933,0.9936,1.70,1.00
2010.08.20 02:49:16.542,0.9933,0.9936,1.00,1.00
2010.08.20 02:49:17.222,0.99325,0.9936,1.60,1.00
2010.08.20 02:49:17.561,0.99325,0.9936,1.70,1.00
2010.08.20 02:49:19.080,0.99325,0.99365,1.70,1.00
2010.08.20 02:49:19.270,0.9933,0.99365,1.60,1.00
2010.08.20 02:49:20.342,0.9933,0.99365,1.70,1.00
2010.08.20 02:49:20.992,0.9933,0.99365,1.00,1.00
2010.08.20 02:49:21.302,0.9933,0.99365,2.40,1.00
2010.08.20 02:49:23.293,0.9933,0.99365,2.50,1.00
2010.08.20 02:49:25.601,0.99335,0.99365,1.00,1.00
2010.08.20 02:49:25.680,0.99335,0.99375,1.00,1.00
2010.08.20 02:49:30.142,0.99335,0.99375,1.00,1.00
2010.08.20 02:49:30.694,0.99335,0.99375,1.00,1.00
2010.08.20 02:49:33.741,0.9934,0.99375,1.60,1.00
2010.08.20 02:49:35.637,0.9934,0.99375,2.50,1.00
2010.08.20 02:49:35.781,0.9934,0.9938,2.50,1.00
2010.08.20 02:49:43.204,0.9934,0.9938,2.40,1.00
2010.08.20 02:49:43.804,0.9934,0.99375,2.40,1.00
2010.08.20 02:50:14.840,0.9934,0.99375,2.50,1.00
2010.08.20 02:50:16.706,0.9934,0.99375,2.40,1.00
2010.08.20 02:50:21.454,0.9934,0.99375,2.50,1.00
2010.08.20 02:50:22.123,0.9934,0.99375,2.40,1.00
2010.08.20 02:50:22.332,0.9934,0.99385,2.40,2.00
2010.08.20 02:50:22.541,0.9934,0.99385,2.40,1.00
2010.08.20 02:50:24.408,0.9934,0.99395,2.40,2.90
2010.08.20 02:50:30.140,0.9934,0.99395,2.50,2.90
2010.08.20 02:50:34.637,0.9934,0.99395,2.40,2.90
2010.08.20 02:50:34.817,0.9934,0.9939,2.40,1.00
2010.08.20 02:50:35.502,0.9934,0.9939,1.60,1.00
2010.08.20 02:50:38.212,0.9934,0.9939,1.60,1.00
2010.08.20 02:50:46.722,0.9934,0.99395,1.60,2.30
2010.08.20 02:51:01.691,0.9934,0.9939,1.60,1.00
2010.08.20 02:51:02.023,0.9934,0.99395,1.60,2.30
2010.08.20 02:51:09.414,0.9934,0.9939,1.60,1.00
2010.08.20 02:51:09.533,0.9934,0.9939,1.60,1.00
2010.08.20 02:51:10.132,0.9934,0.99395,1.60,2.20
2010.08.20 02:51:10.221,0.9934,0.99395,1.60,2.30
2010.08.20 02:51:10.401,0.9934,0.9939,1.60,1.00
2010.08.20 02:51:10.514,0.9934,0.99395,1.60,2.30
2010.08.20 02:51:14.458,0.9934,0.99395,1.60,2.10
2010.08.20 02:51:14.778,0.9934,0.99395,1.60,2.30
2010.08.20 02:51:14.921,0.9934,0.99395,1.60,2.10
2010.08.20 02:51:15.883,0.9935,0.99395,1.60,1.60
2010.08.20 02:51:29.094,0.9935,0.99395,1.60,1.70
2010.08.20 02:51:30.902,0.9935,0.99395,1.60,1.60
2010.08.20 02:51:34.541,0.99345,0.99395,1.00,1.60
2010.08.20 02:51:35.580,0.99345,0.99395,1.00,1.70
2010.08.20 02:51:40.213,0.99345,0.9939,1.00,1.00
2010.08.20 02:51:40.551,0.99345,0.99395,1.00,2.70
2010.08.20 02:51:42.223,0.99345,0.99395,1.00,2.60
2010.08.20 02:51:42.541,0.99345,0.99395,1.00,2.70
2010.08.20 02:51:45.926,0.99345,0.9939,1.00,1.00
2010.08.20 02:51:46.293,0.99345,0.9939,1.00,1.00
2010.08.20 02:51:53.133,0.9934,0.9939,1.60,1.00
2010.08.20 02:51:53.472,0.99335,0.9939,1.00,1.00
2010.08.20 02:51:56.478,0.9933,0.9939,2.50,1.00
2010.08.20 02:51:57.856,0.9933,0.9939,2.90,1.00
2010.08.20 02:52:07.772,0.9933,0.99385,1.70,1.70
2010.08.20 02:52:08.400,0.9933,0.99385,1.70,2.10
2010.08.20 02:52:08.711,0.9933,0.99385,1.60,2.10
2010.08.20 02:52:10.472,0.9933,0.99385,1.70,2.10
2010.08.20 02:52:10.706,0.9933,0.99385,1.70,1.70
2010.08.20 02:52:14.031,0.9933,0.99385,1.70,1.60
2010.08.20 02:52:16.294,0.99335,0.99385,1.00,1.60
2010.08.20 02:52:17.273,0.99335,0.99385,1.00,1.60
2010.08.20 02:52:18.033,0.9933,0.99385,1.60,1.60
2010.08.20 02:52:18.311,0.9933,0.99385,1.70,1.60
2010.08.20 02:52:19.625,0.99335,0.99385,1.00,1.60
2010.08.20 02:52:19.832,0.9934,0.99385,1.60,1.60
2010.08.20 02:52:21.952,0.9934,0.99385,1.60,1.70
2010.08.20 02:52:22.510,0.9934,0.99385,1.60,2.10
2010.08.20 02:52:23.656,0.9934,0.99385,1.60,2.00
2010.08.20 02:52:44.103,0.9936,0.99385,1.60,1.00
2010.08.20 02:52:44.274,0.9936,0.99395,1.60,1.60
2010.08.20 02:52:44.442,0.9936,0.9941,1.60,1.00
2010.08.20 02:52:45.226,0.9936,0.99415,1.60,2.90
2010.08.20 02:52:45.414,0.9936,0.99415,2.40,1.00
2010.08.20 02:52:45.951,0.9936,0.99415,2.40,2.00
2010.08.20 02:52:48.692,0.9936,0.99415,1.60,2.80
2010.08.20 02:52:49.067,0.9936,0.99415,1.60,1.20
2010.08.20 02:52:49.139,0.9936,0.99415,2.00,1.00
2010.08.20 02:52:49.225,0.9936,0.99415,2.10,1.00
2010.08.20 02:52:50.322,0.9936,0.9942,3.10,1.00
2010.08.20 02:52:50.813,0.9937,0.9942,1.60,1.00
2010.08.20 02:52:51.341,0.9937,0.99425,1.60,5.40
2010.08.20 02:52:51.486,0.9936,0.99425,3.20,5.40
2010.08.20 02:52:51.621,0.9936,0.99425,2.90,5.40
2010.08.20 02:52:51.761,0.9936,0.99425,2.90,5.20
2010.08.20 02:52:52.532,0.9936,0.99425,2.90,5.40
2010.08.20 02:52:52.871,0.9936,0.99425,2.80,5.40
2010.08.20 02:52:53.552,0.9937,0.99425,1.60,2.90
2010.08.20 02:52:57.131,0.9937,0.9942,1.60,1.00
2010.08.20 02:52:57.211,0.99365,0.9942,1.00,1.00
2010.08.20 02:52:58.443,0.99365,0.99425,1.00,2.90
2010.08.20 02:52:58.658,0.9937,0.99425,1.60,2.80
2010.08.20 02:52:58.874,0.9937,0.99425,1.60,1.20
2010.08.20 02:52:59.082,0.9937,0.99425,1.60,2.80
2010.08.20 02:53:02.266,0.9937,0.99425,1.60,2.90
2010.08.20 02:53:04.213,0.9937,0.99425,1.60,2.80
2010.08.20 02:53:04.370,0.9937,0.99425,1.60,2.90
2010.08.20 02:53:06.853,0.99365,0.99425,1.00,2.90
2010.08.20 02:53:06.893,0.99365,0.99425,1.00,2.80
2010.08.20 02:53:07.295,0.99365,0.99425,1.00,4.80
2010.08.20 02:53:07.333,0.9936,0.99415,1.70,1.00
2010.08.20 02:53:07.425,0.9936,0.99415,1.70,2.40
2010.08.20 02:53:09.731,0.9936,0.99405,1.70,1.60
2010.08.20 02:53:10.151,0.9936,0.99405,1.60,1.60
2010.08.20 02:53:16.219,0.9936,0.99405,1.70,1.60
2010.08.20 02:53:16.774,0.9937,0.99405,1.60,1.60
2010.08.20 02:53:17.341,0.9936,0.99405,1.60,1.60
2010.08.20 02:53:18.183,0.9937,0.99405,1.60,1.60
2010.08.20 02:53:18.522,0.9936,0.99405,1.60,1.60
2010.08.20 02:53:18.863,0.9937,0.99405,1.60,1.60
2010.08.20 02:54:02.208,0.9937,0.99415,1.60,1.50
2010.08.20 02:54:02.476,0.9937,0.99425,2.40,6.00
2010.08.20 02:54:02.812,0.9937,0.99415,2.40,1.60
2010.08.20 02:54:09.434,0.9936,0.99415,2.50,2.40
2010.08.20 02:54:09.631,0.9936,0.99415,2.50,2.90
2010.08.20 02:54:10.294,0.9936,0.99415,2.50,3.30
2010.08.20 02:54:13.637,0.9936,0.99415,2.50,2.90
2010.08.20 02:54:14.779,0.99365,0.99415,1.00,2.90
2010.08.20 02:54:20.503,0.9936,0.99415,2.50,2.90
2010.08.20 02:54:24.143,0.99365,0.99415,1.00,2.90
2010.08.20 02:54:25.463,0.9936,0.99415,2.50,2.90
2010.08.20 02:54:29.131,0.99365,0.99415,1.00,2.90
2010.08.20 02:54:29.402,0.99365,0.99415,1.00,2.10
2010.08.20 02:54:29.631,0.99365,0.9942,1.00,1.70
2010.08.20 02:54:30.362,0.9937,0.9942,1.60,1.00
2010.08.20 02:54:30.788,0.9937,0.9942,1.70,1.00
2010.08.20 02:54:30.883,0.9937,0.9942,1.60,1.00
2010.08.20 02:54:31.763,0.9937,0.9942,1.70,1.00
2010.08.20 02:54:34.485,0.9937,0.9942,1.60,1.00
2010.08.20 02:54:34.712,0.99365,0.99415,1.00,1.60
2010.08.20 02:54:34.991,0.99365,0.99415,1.00,2.10
2010.08.20 02:54:37.136,0.99365,0.99415,1.00,2.10
2010.08.20 02:54:38.022,0.9936,0.99395,1.60,1.60
2010.08.20 02:54:42.803,0.9936,0.99405,1.60,1.00
2010.08.20 02:54:42.972,0.9936,0.99415,1.60,3.30
2010.08.20 02:54:43.132,0.9936,0.99415,1.70,3.30
2010.08.20 02:54:43.291,0.9936,0.99415,1.60,3.50
2010.08.20 02:54:45.298,0.9936,0.99415,1.70,3.50
2010.08.20 02:54:45.391,0.9936,0.99415,1.60,3.50
2010.08.20 02:54:45.581,0.9936,0.99415,1.60,6.00
2010.08.20 02:54:45.671,0.9936,0.9941,1.60,1.00
2010.08.20 02:54:45.761,0.9935,0.99405,2.50,1.60
2010.08.20 02:54:45.851,0.9935,0.99405,2.50,2.50
2010.08.20 02:54:47.031,0.99355,0.99405,1.00,2.50
2010.08.20 02:54:47.202,0.9935,0.99405,2.50,1.60
2010.08.20 02:54:47.597,0.9935,0.99405,2.50,2.50
2010.08.20 02:54:49.163,0.99355,0.99405,1.00,2.50
2010.08.20 02:54:49.501,0.99355,0.99405,1.00,2.50
2010.08.20 02:54:49.841,0.9935,0.99405,2.50,2.50
2010.08.20 02:54:50.500,0.99355,0.99405,1.00,2.50
2010.08.20 02:54:53.699,0.9935,0.99405,2.50,2.50
2010.08.20 02:54:54.542,0.9935,0.99405,2.50,2.70
2010.08.20 02:54:57.199,0.99355,0.99405,1.00,2.50
2010.08.20 02:54:57.414,0.9935,0.99405,2.50,2.70
2010.08.20 02:54:58.564,0.99355,0.99405,1.00,2.50
2010.08.20 02:54:59.679,0.9935,0.99405,2.50,2.70
2010.08.20 02:55:24.952,0.9935,0.99405,2.50,2.50
2010.08.20 02:55:25.202,0.9936,0.99405,1.60,1.60
2010.08.20 02:55:26.822,0.9936,0.99405,1.60,1.60
2010.08.20 02:55:26.929,0.9936,0.99405,1.60,1.70
2010.08.20 02:55:44.875,0.9936,0.99405,1.60,1.60
2010.08.20 02:55:50.498,0.9936,0.99405,1.60,1.70
2010.08.20 02:55:51.009,0.9936,0.99405,1.60,1.60
2010.08.20 02:55:52.724,0.9936,0.99395,1.60,1.60
2010.08.20 02:55:54.652,0.9936,0.99405,1.60,1.70
2010.08.20 02:55:56.918,0.9936,0.99405,1.60,1.60
2010.08.20 02:55:58.035,0.9936,0.99405,1.60,1.70
2010.08.20 02:56:04.805,0.9936,0.99405,1.60,1.60
2010.08.20 02:56:09.753,0.9935,0.99405,1.70,1.60
2010.08.20 02:56:09.881,0.9935,0.99405,1.70,2.50
2010.08.20 02:56:13.017,0.99355,0.99405,1.00,2.50
2010.08.20 02:56:24.723,0.9936,0.99405,1.60,1.60
2010.08.20 02:56:47.857,0.9936,0.99405,1.60,1.60
2010.08.20 02:56:48.014,0.9936,0.99405,1.70,1.60
2010.08.20 02:57:01.472,0.9936,0.99405,2.50,1.60
2010.08.20 02:57:01.651,0.9937,0.99405,1.60,1.60
2010.08.20 02:57:56.765,0.9937,0.99415,1.60,3.70
2010.08.20 02:57:56.959,0.9937,0.99415,1.60,2.80
2010.08.20 02:57:57.169,0.9937,0.99415,1.60,2.40
2010.08.20 02:58:02.084,0.9937,0.99415,1.60,1.60
2010.08.20 02:58:33.724,0.9937,0.99415,1.60,1.70
2010.08.20 02:58:34.014,0.9937,0.99415,1.60,1.60
2010.08.20 02:58:34.670,0.9937,0.99415,1.60,1.70
2010.08.20 02:58:52.982,0.9937,0.99415,1.60,1.60
2010.08.20 02:58:53.546,0.9937,0.99415,1.60,1.70
2010.08.20 02:59:01.072,0.9937,0.99415,1.60,1.60
2010.08.20 02:59:01.192,0.9937,0.99415,1.60,1.70
2010.08.20 02:59:02.003,0.9937,0.99415,1.60,1.60
2010.08.20 02:59:02.323,0.9936,0.99395,1.60,1.60
2010.08.20 02:59:02.971,0.9936,0.99395,1.60,2.00
2010.08.20 02:59:03.275,0.9935,0.99385,1.60,1.60
2010.08.20 02:59:24.722,0.9934,0.99385,1.60,1.60
2010.08.20 02:59:24.984,0.9934,0.99385,1.70,1.60
2010.08.20 02:59:25.543,0.9935,0.99385,1.60,1.60
