2010.08.02 09:00:00.946,1.0222,1.02265,1.00,1.20
2010.08.02 09:00:01.115,1.02215,1.0226,1.00,1.00
2010.08.02 09:00:08.296,1.02225,1.02265,1.00,1.00
2010.08.02 09:00:08.555,1.02225,1.0227,1.00,5.60
2010.08.02 09:00:08.815,1.0222,1.02265,1.00,1.00
2010.08.02 09:00:09.885,1.0224,1.0227,1.00,4.40
2010.08.02 09:00:10.076,1.02235,1.02275,1.00,2.80
2010.08.02 09:00:10.265,1.02235,1.0228,1.20,1.00
2010.08.02 09:00:10.455,1.02235,1.0228,1.00,1.00
2010.08.02 09:00:10.836,1.02235,1.02275,1.00,2.40
2010.08.02 09:00:12.175,1.0223,1.02275,1.20,3.20
2010.08.02 09:00:12.396,1.0223,1.0227,1.00,2.40
2010.08.02 09:00:12.615,1.02225,1.0227,1.20,3.20
2010.08.02 09:00:12.815,1.0223,1.0227,1.00,2.40
2010.08.02 09:00:13.675,1.02225,1.0227,1.00,3.20
2010.08.02 09:00:13.875,1.02225,1.02265,1.00,2.40
2010.08.02 09:00:14.779,1.02225,1.0227,1.00,1.00
2010.08.02 09:00:15.039,1.02225,1.02265,1.00,2.40
2010.08.02 09:00:15.296,1.0222,1.0226,1.20,2.40
2010.08.02 09:00:15.693,1.02225,1.0226,1.00,2.40
2010.08.02 09:00:15.956,1.02215,1.0226,1.00,4.80
2010.08.02 09:00:23.295,1.0222,1.0226,1.00,3.20
2010.08.02 09:00:23.767,1.02225,1.02265,1.00,2.40
2010.08.02 09:00:23.906,1.0224,1.02275,2.40,2.40
2010.08.02 09:00:24.045,1.0224,1.0228,2.80,1.60
2010.08.02 09:00:24.185,1.02245,1.0228,1.00,1.60
2010.08.02 09:00:24.627,1.02245,1.02285,1.00,2.40
2010.08.02 09:00:25.806,1.0225,1.02285,2.40,2.40
2010.08.02 09:00:25.925,1.0225,1.0229,2.40,4.00
2010.08.02 09:00:26.045,1.0225,1.02285,1.60,2.40
2010.08.02 09:00:26.545,1.02245,1.02285,1.00,2.40
2010.08.02 09:00:28.381,1.0225,1.02285,1.00,2.40
2010.08.02 09:00:28.496,1.02245,1.0229,1.20,3.20
2010.08.02 09:00:28.725,1.02245,1.0229,1.00,3.20
2010.08.02 09:00:32.347,1.0224,1.02285,2.80,3.20
2010.08.02 09:00:32.565,1.0224,1.02285,1.00,3.20
2010.08.02 09:00:34.476,1.02235,1.0228,1.00,3.20
2010.08.02 09:00:34.928,1.02235,1.0228,1.00,1.00
2010.08.02 09:00:35.217,1.0225,1.0229,2.40,2.40
2010.08.02 09:00:35.496,1.0225,1.02295,2.40,3.20
2010.08.02 09:00:36.266,1.0225,1.02295,2.40,1.00
2010.08.02 09:00:38.156,1.0227,1.023,2.40,1.00
2010.08.02 09:00:38.628,1.0227,1.023,1.60,3.20
2010.08.02 09:00:38.936,1.0226,1.02305,1.00,3.20
2010.08.02 09:00:39.205,1.02255,1.02295,1.00,1.00
2010.08.02 09:00:39.476,1.02265,1.02295,1.00,2.40
2010.08.02 09:00:39.745,1.02265,1.0231,1.00,3.20
2010.08.02 09:00:40.386,1.0226,1.02305,1.00,3.20
2010.08.02 09:00:40.685,1.0226,1.02305,1.00,3.60
2010.08.02 09:00:40.986,1.02255,1.023,1.00,3.20
2010.08.02 09:00:41.945,1.02255,1.023,1.00,1.00
2010.08.02 09:00:44.866,1.0226,1.02305,2.40,1.00
2010.08.02 09:00:45.135,1.02255,1.023,1.00,1.00
2010.08.02 09:00:46.819,1.0226,1.02305,1.00,1.20
2010.08.02 09:00:46.876,1.0225,1.02295,2.40,1.00
2010.08.02 09:00:49.097,1.0226,1.023,1.00,1.60
2010.08.02 09:00:49.215,1.0226,1.02305,1.00,1.00
2010.08.02 09:00:50.446,1.02265,1.0231,1.00,1.00
2010.08.02 09:00:51.176,1.0227,1.02315,2.40,1.00
2010.08.02 09:00:53.935,1.0227,1.0231,1.60,1.00
2010.08.02 09:00:54.166,1.0226,1.02305,5.20,1.00
2010.08.02 09:00:54.396,1.0226,1.02305,2.40,1.00
2010.08.02 09:00:54.852,1.0226,1.02295,4.40,1.00
2010.08.02 09:00:55.186,1.0224,1.02275,1.60,1.00
2010.08.02 09:00:57.716,1.02235,1.0228,3.60,1.00
2010.08.02 09:00:57.805,1.02235,1.0228,3.20,1.00
2010.08.02 09:00:59.086,1.0224,1.02285,1.00,1.20
2010.08.02 09:00:59.426,1.02245,1.0229,3.20,1.00
2010.08.02 09:01:00.448,1.02245,1.02285,2.40,1.00
2010.08.02 09:01:00.705,1.0224,1.02285,4.80,1.00
2010.08.02 09:01:01.927,1.0224,1.0228,1.60,2.40
2010.08.02 09:01:02.136,1.0224,1.02285,2.40,1.00
2010.08.02 09:01:02.345,1.0224,1.02285,4.80,1.00
2010.08.02 09:01:04.010,1.0224,1.0228,4.00,1.00
2010.08.02 09:01:04.186,1.0224,1.0228,4.00,2.40
2010.08.02 09:01:04.707,1.0224,1.0228,1.60,2.40
2010.08.02 09:01:06.018,1.02245,1.0228,1.00,1.60
2010.08.02 09:01:06.131,1.0225,1.02285,1.60,1.00
2010.08.02 09:01:06.535,1.0225,1.0229,1.60,2.40
2010.08.02 09:01:19.355,1.0224,1.02285,5.20,1.00
2010.08.02 09:01:19.936,1.0224,1.02285,2.40,1.00
2010.08.02 09:01:26.797,1.02235,1.0226,2.80,2.40
2010.08.02 09:01:27.136,1.0221,1.02255,2.60,1.00
2010.08.02 09:01:27.475,1.0221,1.02255,2.40,1.00
2010.08.02 09:01:35.179,1.02215,1.0226,1.00,5.80
2010.08.02 09:01:38.041,1.02215,1.0226,1.00,4.80
2010.08.02 09:01:38.350,1.02215,1.0226,1.00,5.80
2010.08.02 09:01:40.924,1.0222,1.0226,1.00,5.80
2010.08.02 09:01:51.166,1.0222,1.02265,1.20,3.20
2010.08.02 09:01:51.686,1.0222,1.02265,1.20,1.00
2010.08.02 09:01:53.086,1.02225,1.0227,1.00,3.20
2010.08.02 09:01:55.376,1.0222,1.02265,1.20,1.00
2010.08.02 09:01:55.635,1.0222,1.02265,1.20,4.20
2010.08.02 09:01:57.417,1.02225,1.02265,1.00,3.40
2010.08.02 09:01:57.535,1.02225,1.02265,1.00,1.00
2010.08.02 09:01:57.775,1.02225,1.0227,1.20,5.80
2010.08.02 09:01:59.297,1.0222,1.02265,1.00,4.20
2010.08.02 09:02:05.918,1.02225,1.02265,1.00,3.40
2010.08.02 09:02:06.087,1.02225,1.02265,1.20,2.40
2010.08.02 09:02:06.517,1.02225,1.0227,1.20,5.80
2010.08.02 09:02:09.906,1.02225,1.02265,1.00,1.00
2010.08.02 09:02:10.406,1.0222,1.02265,2.80,1.00
2010.08.02 09:02:10.716,1.0222,1.02265,1.00,1.00
2010.08.02 09:02:11.286,1.0222,1.02265,1.00,4.60
2010.08.02 09:02:11.396,1.0221,1.02255,2.80,1.00
2010.08.02 09:02:11.616,1.0221,1.02255,1.00,3.60
2010.08.02 09:02:11.836,1.0221,1.02255,1.00,4.20
2010.08.02 09:02:12.663,1.02215,1.02255,1.00,3.40
2010.08.02 09:02:13.083,1.02215,1.02255,1.00,2.40
2010.08.02 09:02:13.287,1.02215,1.0226,1.00,1.70
2010.08.02 09:02:13.486,1.0221,1.02245,1.20,2.60
2010.08.02 09:02:13.686,1.02205,1.02245,1.20,2.60
2010.08.02 09:02:13.886,1.02205,1.02245,1.00,2.60
2010.08.02 09:02:14.996,1.022,1.02245,2.80,3.40
2010.08.02 09:02:15.336,1.022,1.02245,2.40,3.40
2010.08.02 09:02:16.480,1.022,1.02245,2.80,3.40
2010.08.02 09:02:18.546,1.022,1.0224,2.80,2.40
2010.08.02 09:02:18.646,1.022,1.0224,2.00,4.80
2010.08.02 09:02:18.747,1.022,1.0224,1.60,2.40
2010.08.02 09:02:18.996,1.0219,1.02235,2.40,1.00
2010.08.02 09:02:19.246,1.0219,1.02235,1.00,3.40
2010.08.02 09:02:19.857,1.02185,1.0223,1.20,1.00
2010.08.02 09:02:20.106,1.02185,1.0223,1.00,3.40
2010.08.02 09:02:21.327,1.02195,1.0223,1.00,2.60
2010.08.02 09:02:21.566,1.0219,1.0223,2.00,1.00
2010.08.02 09:02:21.686,1.0219,1.0223,1.00,3.20
2010.08.02 09:02:21.806,1.02185,1.0223,1.00,3.40
2010.08.02 09:02:23.386,1.02185,1.0223,1.00,4.20
2010.08.02 09:02:23.636,1.0219,1.02235,1.00,1.00
2010.08.02 09:02:25.386,1.0219,1.0223,1.00,1.00
2010.08.02 09:02:25.626,1.02195,1.02235,1.00,2.60
2010.08.02 09:02:26.106,1.02195,1.02235,1.00,1.00
2010.08.02 09:02:26.726,1.02195,1.0224,1.00,3.40
2010.08.02 09:02:38.273,1.02195,1.02235,1.00,2.40
2010.08.02 09:02:38.366,1.02195,1.02235,1.00,2.60
2010.08.02 09:02:39.407,1.022,1.0224,1.00,2.40
2010.08.02 09:02:41.041,1.022,1.02245,1.00,3.20
2010.08.02 09:02:46.593,1.022,1.0224,1.00,2.40
2010.08.02 09:02:47.253,1.022,1.02235,1.00,2.40
2010.08.02 09:02:47.420,1.022,1.02235,1.00,2.60
2010.08.02 09:02:47.964,1.022,1.02235,1.00,1.00
2010.08.02 09:02:48.007,1.022,1.0224,1.00,2.40
2010.08.02 09:02:49.237,1.022,1.0224,1.00,2.60
2010.08.02 09:02:49.576,1.022,1.02245,1.00,3.40
2010.08.02 09:02:59.437,1.022,1.0224,1.00,1.00
2010.08.02 09:03:00.012,1.022,1.0224,1.00,2.60
2010.08.02 09:03:02.377,1.02205,1.02245,1.00,2.60
2010.08.02 09:03:04.288,1.0221,1.02245,1.00,2.60
2010.08.02 09:03:04.426,1.022,1.02245,2.80,3.40
2010.08.02 09:03:04.566,1.0221,1.02245,1.60,3.40
2010.08.02 09:03:04.708,1.02205,1.0224,1.00,1.60
2010.08.02 09:03:04.986,1.02205,1.02245,1.00,1.00
2010.08.02 09:03:05.496,1.02205,1.0225,1.00,5.60
2010.08.02 09:03:07.798,1.0221,1.0225,1.00,2.40
2010.08.02 09:03:07.996,1.02215,1.02255,1.00,2.40
2010.08.02 09:03:08.609,1.0221,1.02255,1.00,1.00
2010.08.02 09:03:08.946,1.0221,1.02255,1.00,3.20
2010.08.02 09:03:15.976,1.02205,1.0225,1.20,1.00
2010.08.02 09:03:16.748,1.02205,1.0225,1.00,1.00
2010.08.02 09:03:23.485,1.02205,1.0225,1.00,2.40
2010.08.02 09:03:23.614,1.02195,1.0224,1.00,3.20
2010.08.02 09:03:25.207,1.02195,1.0224,1.00,1.00
2010.08.02 09:03:26.006,1.02195,1.02235,1.00,2.40
2010.08.02 09:03:26.616,1.02195,1.0224,1.00,1.00
2010.08.02 09:03:33.596,1.0219,1.02235,1.20,1.00
2010.08.02 09:03:33.797,1.0219,1.02235,1.00,1.00
2010.08.02 09:03:35.706,1.02185,1.0223,1.20,1.00
2010.08.02 09:03:35.906,1.02185,1.0223,1.00,1.00
2010.08.02 09:03:38.356,1.02195,1.0224,1.00,2.40
2010.08.02 09:03:38.725,1.02195,1.0224,1.00,1.00
2010.08.02 09:03:56.166,1.022,1.02245,1.00,4.40
2010.08.02 09:03:56.671,1.022,1.02245,1.00,3.20
2010.08.02 09:03:58.517,1.02195,1.0224,1.20,1.00
2010.08.02 09:03:58.636,1.02195,1.0224,1.00,1.00
2010.08.02 09:04:10.803,1.0219,1.02235,1.20,1.00
2010.08.02 09:04:10.956,1.0219,1.0223,1.00,1.00
2010.08.02 09:04:11.137,1.02185,1.0222,1.00,1.00
2010.08.02 09:04:11.317,1.02175,1.0222,1.00,2.40
2010.08.02 09:04:13.016,1.0218,1.0222,1.00,1.60
2010.08.02 09:04:13.536,1.0218,1.0222,2.40,1.60
2010.08.02 09:04:13.878,1.02185,1.0223,1.00,2.40
2010.08.02 09:04:16.406,1.0219,1.02235,1.00,1.60
2010.08.02 09:04:16.991,1.0219,1.0223,1.00,1.60
2010.08.02 09:04:17.258,1.02185,1.0223,1.00,2.40
2010.08.02 09:04:18.076,1.0219,1.0223,1.00,1.60
2010.08.02 09:04:18.847,1.0219,1.0223,1.60,2.40
2010.08.02 09:04:19.157,1.0219,1.02235,1.00,1.00
2010.08.02 09:04:20.896,1.0219,1.02235,1.00,3.20
2010.08.02 09:04:25.457,1.0219,1.0223,1.00,2.40
2010.08.02 09:04:26.179,1.0219,1.02235,1.00,3.20
2010.08.02 09:04:26.857,1.02185,1.0223,1.00,3.20
2010.08.02 09:04:27.557,1.02185,1.0223,1.00,1.00
2010.08.02 09:04:27.868,1.0219,1.02235,1.00,3.20
2010.08.02 09:04:32.917,1.0219,1.02235,1.00,1.00
2010.08.02 09:04:38.116,1.02185,1.0223,1.20,1.00
2010.08.02 09:04:38.256,1.02185,1.0223,1.00,1.00
2010.08.02 09:04:40.808,1.0218,1.0223,1.20,1.00
2010.08.02 09:04:41.052,1.0218,1.0223,1.20,1.20
2010.08.02 09:04:41.770,1.0218,1.0223,1.20,3.60
2010.08.02 09:04:45.497,1.02175,1.02225,1.20,1.20
2010.08.02 09:04:45.617,1.02175,1.0221,1.00,1.00
2010.08.02 09:04:45.736,1.02175,1.02225,1.20,1.20
2010.08.02 09:04:45.857,1.02175,1.0221,1.00,1.00
2010.08.02 09:04:45.977,1.02165,1.0221,1.00,2.40
2010.08.02 09:04:47.027,1.0217,1.02215,1.00,1.20
2010.08.02 09:04:47.286,1.02175,1.0222,1.00,5.20
2010.08.02 09:04:47.547,1.02175,1.0222,1.00,1.60
2010.08.02 09:04:47.806,1.02175,1.0222,1.00,1.00
2010.08.02 09:04:49.886,1.0217,1.022,1.00,2.40
2010.08.02 09:04:50.067,1.0217,1.02205,1.00,2.80
2010.08.02 09:04:50.247,1.02175,1.0222,1.00,3.60
2010.08.02 09:04:50.427,1.0217,1.02215,1.20,1.00
2010.08.02 09:04:50.997,1.0217,1.02215,1.00,1.00
2010.08.02 09:04:54.623,1.0217,1.02215,1.20,1.00
2010.08.02 09:04:54.788,1.02175,1.0222,1.00,1.20
2010.08.02 09:04:54.946,1.02175,1.0222,1.00,1.00
2010.08.02 09:04:57.161,1.0217,1.0221,1.00,1.00
2010.08.02 09:04:57.206,1.0217,1.0221,1.00,2.40
2010.08.02 09:04:57.357,1.02165,1.0221,1.60,2.40
2010.08.02 09:04:57.408,1.02175,1.02215,1.00,2.80
2010.08.02 09:04:57.507,1.0217,1.0221,1.60,1.00
2010.08.02 09:04:57.903,1.02165,1.0221,3.20,2.40
2010.08.02 09:04:57.946,1.0216,1.02205,2.80,1.00
2010.08.02 09:04:58.287,1.0216,1.02205,1.00,1.00
2010.08.02 09:04:58.626,1.02165,1.0221,1.00,3.60
2010.08.02 09:04:58.996,1.02165,1.0221,1.00,1.20
2010.08.02 09:04:59.167,1.02165,1.0221,1.00,1.00
2010.08.02 09:05:06.581,1.0216,1.02205,1.00,1.00
2010.08.02 09:05:11.817,1.02165,1.0221,1.00,1.20
2010.08.02 09:05:11.928,1.02165,1.0221,1.00,1.00
2010.08.02 09:05:15.395,1.0217,1.0221,1.60,1.00
2010.08.02 09:05:15.527,1.0217,1.02205,1.60,1.00
2010.08.02 09:05:15.656,1.0217,1.02205,1.00,1.00
2010.08.02 09:05:16.074,1.02165,1.0221,1.00,5.20
2010.08.02 09:05:16.247,1.02165,1.0221,1.00,1.00
2010.08.02 09:05:30.367,1.02165,1.02205,1.00,2.40
2010.08.02 09:05:30.567,1.02155,1.022,1.20,1.00
2010.08.02 09:05:30.767,1.02155,1.022,1.00,3.20
2010.08.02 09:05:31.771,1.0215,1.02195,1.20,1.00
2010.08.02 09:05:32.107,1.02155,1.022,1.00,3.20
2010.08.02 09:05:32.902,1.02165,1.022,1.00,2.40
2010.08.02 09:05:33.056,1.02155,1.02195,2.40,1.00
2010.08.02 09:05:33.137,1.02155,1.022,3.20,2.40
2010.08.02 09:05:33.296,1.02155,1.022,1.00,4.80
2010.08.02 09:05:33.377,1.0215,1.02195,1.00,1.00
2010.08.02 09:05:35.383,1.02165,1.022,1.00,2.80
2010.08.02 09:05:35.717,1.02155,1.022,1.00,3.60
2010.08.02 09:05:36.057,1.02145,1.0218,4.40,1.00
2010.08.02 09:05:36.157,1.02145,1.0219,3.60,1.00
2010.08.02 09:05:36.256,1.02145,1.02185,1.00,3.20
2010.08.02 09:05:36.356,1.0214,1.0218,1.00,1.00
2010.08.02 09:05:36.891,1.02135,1.0218,3.20,1.00
2010.08.02 09:05:37.338,1.0214,1.02185,1.00,1.00
2010.08.02 09:05:41.697,1.02155,1.0219,1.00,1.00
2010.08.02 09:05:42.187,1.0215,1.0218,2.40,1.00
2010.08.02 09:05:42.408,1.0214,1.0218,1.00,1.00
2010.08.02 09:05:42.627,1.02145,1.02185,1.00,1.00
2010.08.02 09:05:42.846,1.02145,1.0219,1.00,1.00
2010.08.02 09:05:46.116,1.02145,1.0219,1.00,1.20
2010.08.02 09:05:46.177,1.02145,1.0219,1.00,1.00
2010.08.02 09:05:47.570,1.0214,1.02185,1.00,1.00
2010.08.02 09:05:48.567,1.0215,1.02195,1.00,3.20
2010.08.02 09:05:50.172,1.0215,1.02195,1.00,1.00
2010.08.02 09:05:55.328,1.0215,1.02195,1.00,3.20
2010.08.02 09:05:55.388,1.0214,1.02185,1.00,1.00
2010.08.02 09:05:58.235,1.0214,1.02185,1.00,3.60
2010.08.02 09:05:58.367,1.02135,1.0218,1.00,1.00
2010.08.02 09:06:00.516,1.02145,1.02185,2.40,2.80
2010.08.02 09:06:01.000,1.02145,1.02185,2.40,2.40
2010.08.02 09:06:01.126,1.02145,1.0219,2.40,2.40
2010.08.02 09:06:01.608,1.02145,1.02185,1.60,1.00
2010.08.02 09:06:02.308,1.0214,1.02185,1.00,1.00
2010.08.02 09:06:03.424,1.02135,1.0218,5.20,1.00
2010.08.02 09:06:03.968,1.02135,1.0218,1.00,1.00
2010.08.02 09:06:04.199,1.02135,1.0218,3.20,1.00
2010.08.02 09:06:04.420,1.02135,1.0218,5.20,1.00
2010.08.02 09:06:05.129,1.0214,1.02185,1.00,1.00
2010.08.02 09:06:06.507,1.02135,1.0218,3.20,1.00
2010.08.02 09:06:08.431,1.02135,1.0218,4.80,1.00
2010.08.02 09:06:08.646,1.0214,1.02185,1.00,1.00
2010.08.02 09:06:20.106,1.02135,1.0218,4.80,1.00
2010.08.02 09:06:20.337,1.02135,1.02175,2.40,1.00
2010.08.02 09:06:20.567,1.02135,1.0218,1.00,1.20
2010.08.02 09:06:21.217,1.02135,1.0218,1.00,1.00
2010.08.02 09:06:35.636,1.0214,1.02185,1.00,1.00
2010.08.02 09:06:37.597,1.0214,1.02185,1.00,3.20
2010.08.02 09:06:38.029,1.02135,1.0218,5.20,1.00
2010.08.02 09:06:38.097,1.0214,1.02185,1.00,1.00
2010.08.02 09:06:39.966,1.02135,1.0218,5.20,1.00
2010.08.02 09:06:40.375,1.02135,1.0218,3.60,1.00
2010.08.02 09:06:40.522,1.0213,1.0217,1.00,1.00
2010.08.02 09:06:40.657,1.02125,1.0217,2.40,2.40
2010.08.02 09:06:40.797,1.02125,1.0216,1.60,1.00
2010.08.02 09:06:40.937,1.02115,1.0216,5.20,1.00
2010.08.02 09:06:41.237,1.0212,1.02165,1.00,1.00
2010.08.02 09:06:41.536,1.02115,1.0216,3.60,1.00
2010.08.02 09:06:41.836,1.02115,1.0216,3.20,1.00
2010.08.02 09:06:42.415,1.0212,1.02165,1.00,1.20
2010.08.02 09:06:42.697,1.0212,1.02165,1.00,1.00
2010.08.02 09:06:42.838,1.02125,1.0217,1.00,5.60
2010.08.02 09:06:43.097,1.02125,1.0217,1.00,1.00
2010.08.02 09:06:44.084,1.02125,1.0217,1.00,1.20
2010.08.02 09:06:44.342,1.02125,1.0217,1.00,1.00
2010.08.02 09:06:45.137,1.0212,1.02165,1.00,1.00
2010.08.02 09:06:52.155,1.02115,1.0216,1.00,1.00
2010.08.02 09:06:54.068,1.0212,1.02165,1.00,1.20
2010.08.02 09:06:54.527,1.0212,1.02165,1.00,1.00
2010.08.02 09:06:54.617,1.02115,1.0216,1.00,1.00
2010.08.02 09:06:57.038,1.0212,1.02165,1.00,1.20
2010.08.02 09:06:57.097,1.0212,1.02165,1.00,1.00
2010.08.02 09:06:58.032,1.02115,1.0216,2.80,1.00
2010.08.02 09:06:58.277,1.02115,1.0216,1.20,1.00
2010.08.02 09:06:58.823,1.02115,1.0216,1.00,1.00
2010.08.02 09:07:00.510,1.0212,1.02165,1.00,1.20
2010.08.02 09:07:00.808,1.0212,1.02165,1.00,1.00
2010.08.02 09:07:04.567,1.0212,1.02165,1.00,3.20
2010.08.02 09:07:05.466,1.02115,1.0216,1.00,1.00
2010.08.02 09:07:05.760,1.0212,1.02165,1.00,1.20
2010.08.02 09:07:06.407,1.0212,1.02165,1.00,1.00
2010.08.02 09:07:06.886,1.02115,1.0216,2.80,1.00
2010.08.02 09:07:07.086,1.02115,1.0216,1.20,1.00
2010.08.02 09:07:08.944,1.02115,1.0216,1.00,1.00
2010.08.02 09:07:11.364,1.0212,1.0216,2.80,1.00
2010.08.02 09:07:11.417,1.02125,1.0216,1.60,1.60
2010.08.02 09:07:13.017,1.02125,1.0216,2.40,1.60
2010.08.02 09:07:13.327,1.02125,1.0217,2.40,5.20
2010.08.02 09:07:13.626,1.02125,1.0217,2.40,4.80
2010.08.02 09:07:16.756,1.0213,1.0217,1.00,4.00
2010.08.02 09:07:16.877,1.02135,1.02165,1.60,1.00
2010.08.02 09:07:17.117,1.02125,1.0216,2.00,1.60
2010.08.02 09:07:17.300,1.02125,1.0216,1.60,1.60
2010.08.02 09:07:17.587,1.02125,1.0217,2.40,4.80
2010.08.02 09:07:20.763,1.0213,1.0217,1.00,4.00
2010.08.02 09:07:20.947,1.02135,1.0217,1.60,1.60
2010.08.02 09:07:24.716,1.02135,1.0217,1.60,2.40
2010.08.02 09:07:25.058,1.02125,1.02165,1.60,1.00
2010.08.02 09:07:25.425,1.02125,1.0216,1.60,1.60
2010.08.02 09:07:28.138,1.02135,1.0216,1.00,1.60
2010.08.02 09:07:28.398,1.02145,1.0217,1.60,3.20
2010.08.02 09:07:28.760,1.02145,1.0218,1.60,2.40
2010.08.02 09:07:29.008,1.02125,1.0216,1.60,1.60
2010.08.02 09:07:29.257,1.02125,1.0217,2.40,2.40
2010.08.02 09:07:30.297,1.02125,1.02165,1.60,1.00
2010.08.02 09:07:30.881,1.0212,1.02165,1.00,3.20
2010.08.02 09:07:31.548,1.02125,1.0217,2.40,4.80
2010.08.02 09:07:31.877,1.0213,1.0217,1.00,4.00
2010.08.02 09:07:32.607,1.02135,1.0217,1.60,1.60
2010.08.02 09:07:34.974,1.02135,1.0217,1.60,2.40
2010.08.02 09:07:35.237,1.02125,1.0217,2.40,4.80
2010.08.02 09:07:36.571,1.02125,1.02165,2.40,1.00
2010.08.02 09:07:37.121,1.0213,1.0217,1.00,2.80
2010.08.02 09:07:37.229,1.0213,1.02175,1.00,3.40
2010.08.02 09:07:41.307,1.0213,1.0217,1.00,1.00
2010.08.02 09:07:41.427,1.0213,1.0217,1.00,2.60
2010.08.02 09:07:47.662,1.0213,1.0217,1.20,2.40
2010.08.02 09:07:47.750,1.02135,1.0217,1.00,2.40
2010.08.02 09:07:47.818,1.02135,1.02175,1.00,2.40
2010.08.02 09:07:48.067,1.02135,1.0218,1.00,3.20
2010.08.02 09:07:48.925,1.0213,1.02175,1.20,1.00
2010.08.02 09:07:49.207,1.0213,1.0217,1.00,2.40
2010.08.02 09:07:49.496,1.0213,1.02175,1.00,3.20
2010.08.02 09:07:50.199,1.0213,1.0217,1.00,2.40
2010.08.02 09:07:50.977,1.02125,1.0217,1.20,3.20
2010.08.02 09:07:51.674,1.02125,1.0217,1.00,3.20
2010.08.02 09:07:51.858,1.0213,1.02175,1.00,3.20
2010.08.02 09:08:01.514,1.02145,1.02175,1.00,2.40
2010.08.02 09:08:01.797,1.02145,1.02175,2.40,2.40
2010.08.02 09:08:01.857,1.02145,1.0219,2.40,4.80
2010.08.02 09:08:02.407,1.02145,1.0219,1.00,3.20
2010.08.02 09:08:10.053,1.0215,1.0219,1.00,2.40
2010.08.02 09:08:10.198,1.0215,1.02195,1.00,3.20
2010.08.02 09:08:10.338,1.02155,1.02195,1.00,2.40
2010.08.02 09:08:11.857,1.02155,1.022,1.00,1.00
2010.08.02 09:08:14.192,1.0216,1.02205,1.00,3.60
2010.08.02 09:08:14.527,1.02165,1.02205,1.00,2.40
2010.08.02 09:08:20.430,1.0216,1.02205,1.20,1.00
2010.08.02 09:08:20.779,1.02165,1.0221,1.00,1.00
2010.08.02 09:08:31.567,1.0216,1.02205,1.20,1.00
2010.08.02 09:08:31.817,1.0216,1.02205,1.00,1.00
2010.08.02 09:08:33.146,1.02165,1.0221,1.00,1.20
2010.08.02 09:08:33.297,1.02165,1.0221,1.00,1.00
2010.08.02 09:08:35.067,1.02165,1.0221,1.00,2.40
2010.08.02 09:08:35.407,1.0217,1.02215,1.00,3.20
2010.08.02 09:08:36.065,1.02175,1.02215,1.00,2.40
2010.08.02 09:08:36.294,1.02175,1.0222,1.00,3.20
2010.08.02 09:08:42.806,1.0218,1.0222,1.00,2.40
2010.08.02 09:08:54.199,1.02175,1.0222,1.20,3.20
2010.08.02 09:08:54.534,1.02175,1.0222,1.00,3.20
2010.08.02 09:08:55.187,1.02175,1.0222,1.20,3.20
2010.08.02 09:08:56.388,1.02175,1.0221,1.20,2.40
2010.08.02 09:08:56.623,1.02175,1.0221,1.00,2.40
2010.08.02 09:08:56.657,1.02175,1.0222,1.00,3.20
2010.08.02 09:08:56.699,1.0217,1.02215,1.20,1.00
2010.08.02 09:08:56.868,1.0217,1.02215,1.00,1.00
2010.08.02 09:08:57.217,1.02175,1.0222,1.00,3.60
2010.08.02 09:08:57.276,1.02175,1.0222,1.00,3.20
2010.08.02 09:08:59.667,1.0217,1.02215,1.20,1.00
2010.08.02 09:09:00.490,1.0217,1.02215,1.00,1.00
2010.08.02 09:09:04.066,1.02175,1.0222,1.00,3.60
2010.08.02 09:09:04.297,1.02175,1.0222,1.00,3.20
2010.08.02 09:09:09.037,1.0217,1.02215,1.20,1.00
2010.08.02 09:09:09.247,1.0217,1.02215,1.00,1.00
2010.08.02 09:09:13.487,1.02165,1.0221,1.20,1.00
2010.08.02 09:09:13.540,1.02165,1.02205,1.20,2.40
2010.08.02 09:09:13.608,1.0216,1.02205,1.20,3.20
2010.08.02 09:09:14.155,1.02165,1.02205,1.00,2.40
2010.08.02 09:09:14.497,1.0216,1.02205,1.00,3.20
2010.08.02 09:09:19.078,1.02155,1.022,1.20,3.20
2010.08.02 09:09:19.216,1.02155,1.022,1.00,3.20
2010.08.02 09:09:26.767,1.0216,1.02205,1.00,4.40
2010.08.02 09:09:26.967,1.0216,1.02205,1.00,4.00
2010.08.02 09:09:27.344,1.0216,1.02205,1.00,1.60
2010.08.02 09:09:27.538,1.0216,1.02205,1.20,1.00
2010.08.02 09:09:27.808,1.0216,1.02205,1.00,1.00
2010.08.02 09:09:31.809,1.02155,1.022,1.00,1.00
2010.08.02 09:09:34.757,1.02155,1.022,1.00,3.20
2010.08.02 09:09:36.097,1.02155,1.022,1.00,1.00
2010.08.02 09:09:40.183,1.02155,1.022,1.00,3.20
2010.08.02 09:09:51.527,1.0215,1.02195,1.20,3.20
2010.08.02 09:09:52.109,1.0215,1.02195,1.00,3.20
2010.08.02 09:09:53.290,1.0215,1.0219,1.00,2.40
2010.08.02 09:09:55.947,1.0215,1.02195,1.00,3.20
2010.08.02 09:09:56.433,1.0216,1.02195,1.00,2.40
2010.08.02 09:09:56.650,1.0216,1.022,2.40,1.60
2010.08.02 09:09:57.717,1.0216,1.022,2.40,4.00
2010.08.02 09:09:59.878,1.0216,1.022,2.40,1.60
2010.08.02 09:10:00.527,1.02175,1.022,0.50,1.60
2010.08.02 09:10:02.470,1.02175,1.022,0.50,4.00
2010.08.02 09:10:02.627,1.02175,1.022,0.50,4.80
2010.08.02 09:10:03.148,1.02175,1.02195,0.50,2.40
2010.08.02 09:10:07.389,1.02175,1.022,0.50,4.80
2010.08.02 09:10:08.043,1.02175,1.022,0.50,4.00
2010.08.02 09:10:08.719,1.02175,1.022,0.50,1.60
2010.08.02 09:10:10.699,1.02175,1.0219,0.50,2.40
2010.08.02 09:10:11.037,1.02175,1.0219,0.50,5.20
2010.08.02 09:10:12.289,1.02175,1.0219,0.50,4.40
2010.08.02 09:10:12.547,1.02175,1.02195,0.50,1.00
2010.08.02 09:10:12.677,1.02175,1.0219,0.50,3.60
2010.08.02 09:10:13.200,1.02175,1.0219,0.50,5.20
2010.08.02 09:10:23.248,1.02175,1.02195,0.50,3.20
2010.08.02 09:10:23.378,1.02175,1.02195,0.50,1.00
2010.08.02 09:10:23.898,1.02175,1.0221,0.50,1.00
2010.08.02 09:10:24.918,1.02175,1.02205,0.50,1.00
2010.08.02 09:10:25.257,1.02175,1.02205,0.50,2.40
2010.08.02 09:10:25.507,1.02175,1.02205,0.50,3.20
2010.08.02 09:10:26.148,1.02175,1.02205,0.50,2.40
2010.08.02 09:10:29.197,1.02175,1.02205,0.50,3.20
2010.08.02 09:10:29.297,1.02175,1.022,0.50,2.40
2010.08.02 09:10:42.157,1.02175,1.022,0.50,3.20
2010.08.02 09:10:42.208,1.02175,1.02195,0.50,2.40
2010.08.02 09:10:43.837,1.02175,1.02195,0.50,3.20
2010.08.02 09:10:44.348,1.02175,1.0219,0.50,1.00
2010.08.02 09:10:44.539,1.02175,1.0219,0.50,2.40
2010.08.02 09:10:44.728,1.02175,1.02195,0.50,3.20
2010.08.02 09:10:45.747,1.02175,1.0219,0.50,2.40
2010.08.02 09:10:47.147,1.02175,1.0219,0.50,1.00
2010.08.02 09:10:47.217,1.02175,1.02195,0.50,3.20
2010.08.02 09:10:47.286,1.02175,1.02195,0.50,1.00
2010.08.02 09:10:48.248,1.02175,1.022,0.50,2.80
2010.08.02 09:10:48.417,1.02175,1.022,0.50,2.40
2010.08.02 09:10:52.317,1.02175,1.022,0.50,1.60
2010.08.02 09:10:52.437,1.02175,1.02205,0.50,1.20
2010.08.02 09:10:52.557,1.02175,1.02205,0.50,1.00
2010.08.02 09:10:54.746,1.02175,1.02205,0.50,3.20
2010.08.02 09:10:56.852,1.02175,1.02205,0.50,3.40
2010.08.02 09:10:59.518,1.02175,1.02195,0.50,3.40
2010.08.02 09:11:00.778,1.02175,1.02195,0.50,4.00
2010.08.02 09:11:01.118,1.02175,1.02195,0.50,1.00
2010.08.02 09:11:01.458,1.02175,1.02195,0.50,1.00
2010.08.02 09:11:01.959,1.02175,1.02185,0.50,1.00
2010.08.02 09:11:02.299,1.02175,1.0218,0.50,1.60
2010.08.02 09:11:03.918,1.02175,1.02185,0.50,1.60
2010.08.02 09:11:04.047,1.02175,1.02185,0.50,2.40
2010.08.02 09:11:04.307,1.02175,1.0218,0.50,1.60
2010.08.02 09:11:04.730,1.02175,1.0218,0.50,2.40
2010.08.02 09:11:04.858,1.02175,1.0218,0.50,1.60
2010.08.02 09:11:05.669,1.02175,1.0218,0.50,2.40
2010.08.02 09:11:06.349,1.02175,1.0218,0.50,1.00
2010.08.02 09:11:06.688,1.02175,1.02185,0.50,1.20
2010.08.02 09:11:07.408,1.02175,1.0219,0.50,2.40
2010.08.02 09:11:08.402,1.02175,1.0219,0.50,1.60
2010.08.02 09:11:08.677,1.02175,1.0219,0.50,2.40
2010.08.02 09:11:09.335,1.02175,1.0219,0.50,2.80
2010.08.02 09:11:11.568,1.02175,1.0219,0.50,3.20
2010.08.02 09:11:11.718,1.02175,1.0218,0.50,1.60
2010.08.02 09:11:12.229,1.02175,1.0219,0.50,2.40
2010.08.02 09:11:12.467,1.02175,1.0219,0.50,1.60
2010.08.02 09:11:12.707,1.02175,1.0219,0.50,2.40
2010.08.02 09:11:12.946,1.02175,1.0219,0.50,3.20
2010.08.02 09:11:14.418,1.02175,1.0219,0.50,2.40
2010.08.02 09:11:15.057,1.02175,1.0219,0.50,3.20
2010.08.02 09:11:15.267,1.02175,1.0218,0.50,1.60
2010.08.02 09:11:15.477,1.02175,1.0218,0.50,5.60
2010.08.02 09:11:15.647,1.02135,1.02175,1.60,1.00
2010.08.02 09:11:15.989,1.02135,1.02175,1.00,2.40
2010.08.02 09:11:16.349,1.02135,1.0218,1.00,4.40
2010.08.02 09:11:16.517,1.02135,1.0218,1.00,5.20
2010.08.02 09:11:17.097,1.0214,1.0218,1.00,1.60
2010.08.02 09:11:17.857,1.02135,1.0218,2.80,2.00
2010.08.02 09:11:18.897,1.02135,1.0218,2.40,2.00
2010.08.02 09:11:21.028,1.0213,1.02175,1.20,1.00
2010.08.02 09:11:21.157,1.0213,1.02175,1.00,1.00
2010.08.02 09:11:21.847,1.0213,1.02175,1.00,1.20
2010.08.02 09:11:30.768,1.0213,1.02175,1.00,1.60
2010.08.02 09:11:58.359,1.02135,1.02175,1.00,1.00
2010.08.02 09:12:00.138,1.0214,1.0218,1.00,1.60
2010.08.02 09:12:00.672,1.02145,1.02185,1.00,1.00
2010.08.02 09:12:00.717,1.02145,1.02185,1.20,1.00
2010.08.02 09:12:01.043,1.0215,1.02185,1.00,1.00
2010.08.02 09:12:01.116,1.0215,1.0219,1.20,4.00
2010.08.02 09:12:01.457,1.0215,1.02195,1.20,2.60
2010.08.02 09:12:02.309,1.02145,1.02195,1.20,3.40
2010.08.02 09:12:02.647,1.02145,1.02195,1.20,4.00
2010.08.02 09:12:03.328,1.02145,1.0219,1.00,1.00
2010.08.02 09:12:03.518,1.0214,1.02185,1.20,1.00
2010.08.02 09:12:06.960,1.02145,1.02185,1.00,1.00
2010.08.02 09:12:07.532,1.02145,1.0219,1.20,1.60
2010.08.02 09:12:07.701,1.02145,1.02195,1.20,3.40
2010.08.02 09:12:10.197,1.0215,1.02195,1.00,2.60
2010.08.02 09:12:10.447,1.0215,1.02195,1.20,1.00
2010.08.02 09:12:16.049,1.0215,1.022,1.20,6.00
2010.08.02 09:12:16.217,1.02145,1.02195,3.60,1.20
2010.08.02 09:12:16.507,1.02145,1.02195,1.20,1.20
2010.08.02 09:12:17.209,1.02145,1.02195,1.20,4.00
2010.08.02 09:12:17.717,1.02145,1.02195,1.20,3.60
2010.08.02 09:12:17.967,1.02145,1.02195,1.20,1.20
2010.08.02 09:12:18.966,1.02145,1.0219,1.20,1.00
2010.08.02 09:12:19.139,1.02145,1.0219,1.00,1.00
2010.08.02 09:12:19.819,1.02155,1.022,1.00,5.60
2010.08.02 09:12:20.500,1.0215,1.02195,1.00,1.00
2010.08.02 09:12:20.780,1.0215,1.02195,1.00,1.20
2010.08.02 09:12:21.947,1.02155,1.02195,1.00,1.00
2010.08.02 09:12:22.476,1.02155,1.022,1.00,1.00
2010.08.02 09:12:24.497,1.0215,1.02195,1.00,1.20
2010.08.02 09:12:25.320,1.02155,1.02195,1.00,1.00
2010.08.02 09:12:25.812,1.02155,1.022,1.00,5.20
2010.08.02 09:12:26.158,1.0215,1.02195,1.00,1.20
2010.08.02 09:12:26.741,1.02145,1.02185,2.00,1.00
2010.08.02 09:12:26.927,1.0215,1.0219,1.00,2.40
2010.08.02 09:12:27.118,1.02145,1.02185,1.60,1.20
2010.08.02 09:12:27.308,1.02145,1.0219,2.80,4.00
2010.08.02 09:12:27.844,1.0215,1.0219,1.00,1.60
2010.08.02 09:12:28.030,1.0215,1.02195,1.20,1.00
2010.08.02 09:12:32.296,1.02155,1.022,1.00,5.20
2010.08.02 09:12:32.537,1.02155,1.022,1.20,2.00
2010.08.02 09:12:37.217,1.0216,1.022,1.00,2.00
2010.08.02 09:12:37.507,1.02155,1.02205,1.20,3.60
2010.08.02 09:12:37.797,1.02155,1.022,1.20,2.00
2010.08.02 09:12:59.903,1.02155,1.022,1.20,1.60
2010.08.02 09:13:00.078,1.0216,1.022,1.00,1.60
2010.08.02 09:13:00.460,1.0216,1.02205,1.20,2.60
2010.08.02 09:13:02.688,1.02165,1.0221,1.20,4.20
2010.08.02 09:13:02.747,1.02165,1.0221,1.20,2.60
2010.08.02 09:13:02.927,1.02165,1.0221,1.20,1.00
2010.08.02 09:13:02.988,1.02165,1.0221,1.00,1.00
2010.08.02 09:13:04.067,1.0216,1.02205,1.20,1.00
2010.08.02 09:13:05.817,1.02165,1.02205,1.00,1.00
2010.08.02 09:13:06.157,1.0216,1.02205,1.20,1.00
2010.08.02 09:13:08.377,1.02165,1.0221,1.00,4.40
2010.08.02 09:13:08.517,1.02165,1.0221,1.00,1.00
2010.08.02 09:13:08.985,1.0217,1.02215,1.00,3.20
2010.08.02 09:13:09.128,1.0217,1.02215,1.20,1.00
2010.08.02 09:13:34.680,1.0217,1.02215,1.20,1.60
2010.08.02 09:13:35.087,1.0217,1.02215,1.00,1.60
2010.08.02 09:13:58.749,1.02175,1.0222,1.00,4.00
2010.08.02 09:13:58.948,1.0218,1.0222,1.00,3.20
2010.08.02 09:14:02.650,1.02175,1.0222,1.20,4.00
2010.08.02 09:14:03.855,1.0217,1.0221,2.00,1.00
2010.08.02 09:14:04.103,1.0217,1.0221,1.60,1.00
2010.08.02 09:14:04.127,1.0217,1.0221,1.60,1.60
2010.08.02 09:14:04.159,1.0217,1.02205,1.60,2.40
2010.08.02 09:14:04.227,1.02165,1.02205,1.00,2.40
2010.08.02 09:14:09.875,1.0216,1.02205,1.20,3.20
2010.08.02 09:14:10.267,1.0216,1.02205,1.00,3.40
2010.08.02 09:14:13.956,1.02155,1.0219,1.00,2.40
2010.08.02 09:14:14.058,1.0214,1.02185,1.00,1.00
2010.08.02 09:14:14.657,1.02145,1.0219,1.00,5.20
2010.08.02 09:14:14.757,1.02145,1.0219,1.00,3.60
2010.08.02 09:14:14.957,1.02145,1.0219,1.00,1.00
2010.08.02 09:14:24.153,1.02145,1.0219,2.40,1.00
2010.08.02 09:14:24.370,1.0215,1.0219,1.00,1.00
2010.08.02 09:14:24.589,1.0215,1.02195,1.00,1.20
2010.08.02 09:14:25.598,1.02145,1.0219,1.20,1.00
2010.08.02 09:14:26.274,1.02145,1.0219,1.00,1.00
2010.08.02 09:14:28.175,1.0215,1.02195,1.00,3.60
2010.08.02 09:14:28.378,1.0216,1.02195,1.00,1.00
2010.08.02 09:14:28.617,1.0216,1.02205,1.00,1.60
2010.08.02 09:14:28.857,1.02155,1.022,1.20,1.00
2010.08.02 09:14:29.097,1.02155,1.022,1.00,1.00
2010.08.02 09:14:30.298,1.0215,1.02195,1.00,1.20
2010.08.02 09:14:33.009,1.0216,1.02195,1.00,1.00
2010.08.02 09:14:33.358,1.02165,1.02195,1.00,1.00
2010.08.02 09:14:33.517,1.02165,1.022,1.00,1.60
2010.08.02 09:14:33.597,1.0216,1.022,2.00,1.00
2010.08.02 09:14:34.113,1.02155,1.022,1.00,1.00
2010.08.02 09:14:35.969,1.0215,1.02195,1.20,1.00
2010.08.02 09:14:36.227,1.0215,1.02195,1.00,1.00
2010.08.02 09:14:37.297,1.02145,1.0219,1.00,1.00
2010.08.02 09:14:40.018,1.0214,1.0218,1.00,1.00
2010.08.02 09:14:40.308,1.0214,1.02175,1.00,1.00
2010.08.02 09:14:40.597,1.0213,1.02175,1.00,1.00
2010.08.02 09:14:40.887,1.02135,1.0218,1.00,2.40
2010.08.02 09:14:41.177,1.02135,1.0218,1.00,1.00
2010.08.02 09:14:49.057,1.0214,1.02185,1.00,1.00
2010.08.02 09:14:49.470,1.02145,1.0219,1.00,5.20
2010.08.02 09:14:49.630,1.02145,1.0219,1.00,1.00
2010.08.02 09:14:56.695,1.0214,1.02185,3.60,1.00
2010.08.02 09:14:57.227,1.0214,1.02185,1.00,1.00
2010.08.02 09:14:57.908,1.02145,1.0219,1.00,1.00
2010.08.02 09:15:17.278,1.0215,1.02195,1.00,3.60
2010.08.02 09:15:17.978,1.0215,1.02195,1.00,1.60
2010.08.02 09:15:21.377,1.02145,1.0219,2.80,1.00
2010.08.02 09:15:21.588,1.0214,1.0218,1.00,1.00
2010.08.02 09:15:21.799,1.02135,1.02175,1.60,1.00
2010.08.02 09:15:22.008,1.0213,1.02175,1.20,1.00
2010.08.02 09:15:22.297,1.0213,1.02175,1.00,1.00
2010.08.02 09:15:23.267,1.02135,1.0218,1.00,3.60
2010.08.02 09:15:23.407,1.02135,1.0218,1.00,1.60
2010.08.02 09:15:23.547,1.02135,1.0218,1.00,1.00
2010.08.02 09:15:50.598,1.0214,1.02185,1.00,3.60
2010.08.02 09:15:50.958,1.0214,1.02185,1.00,1.00
2010.08.02 09:15:51.148,1.02145,1.0219,1.00,5.20
2010.08.02 09:15:51.338,1.02145,1.0219,1.00,1.00
2010.08.02 09:15:59.363,1.0214,1.02185,1.20,1.00
2010.08.02 09:15:59.894,1.0214,1.02185,1.00,1.60
2010.08.02 09:16:01.380,1.0214,1.02185,1.00,1.00
2010.08.02 09:16:01.670,1.02135,1.0218,2.80,1.00
2010.08.02 09:16:01.950,1.02135,1.0218,1.00,1.00
2010.08.02 09:16:13.128,1.02145,1.02185,1.00,2.40
2010.08.02 09:16:13.245,1.0214,1.02185,1.00,3.40
2010.08.02 09:16:13.349,1.02135,1.0218,2.80,2.40
2010.08.02 09:16:13.732,1.02135,1.0218,2.80,3.20
2010.08.02 09:16:14.069,1.0214,1.02185,1.00,1.60
2010.08.02 09:16:21.137,1.0214,1.02185,1.00,1.00
2010.08.02 09:16:22.657,1.0214,1.02185,1.00,1.60
2010.08.02 09:16:35.110,1.02135,1.0217,1.00,1.00
2010.08.02 09:16:35.330,1.0214,1.0217,1.00,2.40
2010.08.02 09:16:35.549,1.0214,1.02175,1.00,2.40
2010.08.02 09:16:35.768,1.0214,1.02185,1.00,1.60
2010.08.02 09:16:38.748,1.02135,1.0217,2.00,1.00
2010.08.02 09:16:38.938,1.0213,1.0217,1.00,2.40
2010.08.02 09:16:39.128,1.02135,1.02175,1.00,1.00
2010.08.02 09:16:39.670,1.02135,1.0218,1.00,1.00
2010.08.02 09:16:39.931,1.0214,1.02175,1.00,1.00
2010.08.02 09:16:40.198,1.0213,1.02175,1.00,1.20
2010.08.02 09:16:41.599,1.02135,1.0218,2.40,5.60
2010.08.02 09:16:42.021,1.02135,1.0218,2.40,3.20
2010.08.02 09:16:42.338,1.02145,1.0219,2.40,3.20
2010.08.02 09:16:42.852,1.0214,1.02185,1.20,1.00
2010.08.02 09:16:43.317,1.0214,1.02185,1.00,1.60
2010.08.02 09:16:43.898,1.02135,1.0218,2.80,1.00
2010.08.02 09:16:44.608,1.0214,1.02185,1.00,3.40
2010.08.02 09:16:46.948,1.02155,1.02185,1.00,2.60
2010.08.02 09:16:47.258,1.02155,1.022,2.80,5.00
2010.08.02 09:16:47.868,1.02145,1.0219,1.00,3.40
2010.08.02 09:16:48.258,1.0214,1.02185,1.20,3.20
2010.08.02 09:16:48.448,1.0214,1.02185,1.00,3.40
2010.08.02 09:16:49.097,1.0214,1.02185,1.00,1.20
2010.08.02 09:16:52.038,1.0216,1.022,1.00,1.60
2010.08.02 09:16:52.378,1.02155,1.022,1.20,4.80
2010.08.02 09:16:53.046,1.0215,1.02195,1.20,1.00
2010.08.02 09:16:53.261,1.0215,1.02195,1.00,1.20
2010.08.02 09:16:55.707,1.02155,1.02195,1.00,1.00
2010.08.02 09:16:56.047,1.02155,1.022,1.00,1.00
2010.08.02 09:17:00.467,1.0215,1.02195,1.20,1.00
2010.08.02 09:17:00.767,1.0215,1.02195,1.00,1.20
2010.08.02 09:17:07.795,1.0215,1.02195,1.00,3.60
2010.08.02 09:17:08.139,1.02145,1.0219,1.00,1.00
2010.08.02 09:17:08.786,1.02145,1.0219,1.00,1.00
2010.08.02 09:17:10.578,1.0215,1.02195,1.00,1.00
2010.08.02 09:17:14.089,1.02145,1.0219,1.20,1.00
2010.08.02 09:17:14.368,1.02145,1.0219,1.00,1.00
2010.08.02 09:17:18.889,1.0215,1.02195,1.00,3.60
2010.08.02 09:17:19.067,1.0215,1.02195,1.00,1.20
2010.08.02 09:17:19.247,1.0215,1.02195,1.00,1.00
2010.08.02 09:17:19.430,1.02155,1.022,1.00,5.20
2010.08.02 09:17:19.607,1.02155,1.022,1.00,3.20
2010.08.02 09:17:20.015,1.02155,1.022,2.40,3.20
2010.08.02 09:17:20.518,1.02155,1.02195,1.60,1.00
2010.08.02 09:17:20.848,1.0215,1.02195,1.00,1.60
2010.08.02 09:17:27.720,1.02155,1.02195,1.00,1.00
2010.08.02 09:17:27.867,1.02155,1.022,1.00,5.60
2010.08.02 09:17:28.017,1.02155,1.022,2.40,3.20
2010.08.02 09:17:28.240,1.02155,1.02195,1.60,1.00
2010.08.02 09:17:28.658,1.0215,1.02195,1.00,1.60
2010.08.02 09:17:38.202,1.0215,1.02185,1.00,1.00
2010.08.02 09:17:38.248,1.0214,1.02185,1.00,1.60
2010.08.02 09:17:38.338,1.0214,1.02185,1.00,1.00
2010.08.02 09:17:38.779,1.0215,1.02185,1.00,1.00
2010.08.02 09:17:39.119,1.0215,1.02195,1.00,1.00
2010.08.02 09:17:42.818,1.02145,1.0219,1.20,1.00
2010.08.02 09:17:43.185,1.02145,1.0219,1.00,1.00
2010.08.02 09:17:43.478,1.02145,1.0219,1.00,1.20
2010.08.02 09:17:43.668,1.02145,1.0219,1.00,1.00
2010.08.02 09:17:45.458,1.02145,1.0219,1.00,3.40
2010.08.02 09:17:46.200,1.02155,1.0219,1.00,2.60
2010.08.02 09:17:46.529,1.02155,1.022,2.40,3.40
2010.08.02 09:17:46.870,1.0215,1.02195,1.00,3.20
2010.08.02 09:17:47.589,1.0214,1.02185,1.00,1.00
2010.08.02 09:17:49.583,1.02135,1.0218,2.80,2.40
2010.08.02 09:17:49.732,1.02135,1.0218,2.40,2.40
2010.08.02 09:17:49.869,1.0213,1.02175,3.60,1.00
2010.08.02 09:17:50.209,1.0213,1.02175,1.00,1.00
2010.08.02 09:17:51.088,1.02135,1.0218,1.00,5.20
2010.08.02 09:17:51.308,1.0213,1.02175,1.20,1.00
2010.08.02 09:17:51.527,1.0213,1.02175,1.00,1.00
2010.08.02 09:18:01.621,1.02125,1.02165,4.40,1.00
2010.08.02 09:18:01.858,1.02125,1.02165,1.00,1.00
2010.08.02 09:18:02.088,1.02125,1.0217,1.00,5.20
2010.08.02 09:18:02.318,1.02125,1.0217,1.00,1.00
2010.08.02 09:18:07.236,1.0212,1.02165,1.00,1.00
2010.08.02 09:18:08.861,1.02135,1.0217,1.00,2.00
2010.08.02 09:18:09.168,1.02135,1.0217,1.00,1.60
2010.08.02 09:18:09.257,1.02135,1.0218,2.40,2.40
2010.08.02 09:18:09.638,1.02135,1.0217,1.60,1.00
2010.08.02 09:18:09.818,1.02125,1.0217,3.20,1.00
2010.08.02 09:18:10.147,1.02125,1.0217,1.00,1.00
2010.08.02 09:18:15.564,1.0212,1.02165,1.20,1.00
2010.08.02 09:18:15.848,1.0212,1.02165,1.00,1.00
2010.08.02 09:18:18.728,1.02125,1.0217,1.00,5.20
2010.08.02 09:18:18.767,1.02125,1.0217,1.00,3.60
2010.08.02 09:18:19.198,1.02125,1.0217,1.00,1.00
2010.08.02 09:18:31.798,1.0212,1.0216,1.00,1.00
2010.08.02 09:18:31.998,1.02115,1.0216,2.40,2.40
2010.08.02 09:18:36.040,1.0212,1.0216,1.00,1.60
2010.08.02 09:18:36.461,1.02125,1.02165,1.60,3.60
2010.08.02 09:18:36.639,1.02115,1.0216,2.40,2.40
2010.08.02 09:18:36.808,1.02115,1.02155,1.60,1.00
2010.08.02 09:18:37.118,1.0211,1.02155,1.00,1.00
2010.08.02 09:18:40.118,1.021,1.02145,1.70,1.00
2010.08.02 09:18:40.328,1.02105,1.0215,1.00,5.20
2010.08.02 09:18:40.930,1.0211,1.02155,1.00,1.20
2010.08.02 09:18:41.268,1.0211,1.02155,1.00,1.00
2010.08.02 09:18:52.698,1.02105,1.02145,4.00,1.00
2010.08.02 09:18:52.878,1.02105,1.0214,2.40,1.00
2010.08.02 09:18:53.370,1.02095,1.0214,5.20,1.00
2010.08.02 09:18:54.051,1.02105,1.0214,1.60,1.60
2010.08.02 09:18:55.456,1.02105,1.0214,2.40,1.60
2010.08.02 09:18:55.728,1.02105,1.0215,2.40,2.40
2010.08.02 09:19:00.328,1.0211,1.0215,1.00,1.60
2010.08.02 09:19:00.488,1.0211,1.02155,1.00,1.00
2010.08.02 09:19:00.981,1.0211,1.0215,1.00,1.60
2010.08.02 09:19:01.208,1.02105,1.0215,2.40,2.40
2010.08.02 09:19:10.091,1.0211,1.0215,1.00,1.60
2010.08.02 09:19:10.428,1.02115,1.0215,2.40,1.60
2010.08.02 09:19:11.147,1.02115,1.0216,2.40,2.40
2010.08.02 09:19:19.776,1.02115,1.0216,2.40,1.00
2010.08.02 09:19:20.238,1.02115,1.0216,4.80,1.00
2010.08.02 09:19:20.563,1.02115,1.0216,2.40,2.40
2010.08.02 09:19:31.078,1.02115,1.02155,1.60,1.00
2010.08.02 09:19:31.580,1.02115,1.0215,1.60,1.60
2010.08.02 09:19:54.397,1.02115,1.0216,2.40,5.60
2010.08.02 09:19:54.678,1.02115,1.0216,2.40,2.40
2010.08.02 09:20:04.988,1.02115,1.02155,1.60,1.00
2010.08.02 09:20:05.088,1.02115,1.0215,1.60,1.60
2010.08.02 09:20:17.680,1.0211,1.0215,1.00,1.60
2010.08.02 09:20:17.823,1.02125,1.0215,1.00,1.60
2010.08.02 09:20:17.948,1.02125,1.02155,2.40,2.40
2010.08.02 09:20:18.681,1.0213,1.02175,1.00,1.00
2010.08.02 09:20:28.210,1.02125,1.0217,5.20,1.00
2010.08.02 09:20:28.357,1.02125,1.0217,4.80,2.40
2010.08.02 09:20:28.507,1.02125,1.0217,2.40,2.40
2010.08.02 09:20:39.809,1.02125,1.0216,1.60,1.00
2010.08.02 09:20:39.927,1.02115,1.0216,5.20,2.40
2010.08.02 09:20:40.321,1.02115,1.0216,4.80,2.40
2010.08.02 09:20:40.658,1.02115,1.0216,2.40,2.40
2010.08.02 09:20:40.998,1.02115,1.0216,2.90,2.40
2010.08.02 09:20:41.338,1.02115,1.02155,1.60,1.00
2010.08.02 09:20:42.078,1.02115,1.0216,2.40,2.40
2010.08.02 09:20:58.979,1.0213,1.0216,1.00,1.60
2010.08.02 09:20:59.225,1.02135,1.02165,1.60,2.80
2010.08.02 09:20:59.338,1.02135,1.0217,1.60,1.60
2010.08.02 09:21:00.218,1.02135,1.02165,1.60,1.00
2010.08.02 09:21:00.408,1.0212,1.02165,1.00,1.00
2010.08.02 09:21:14.080,1.0213,1.0217,1.00,4.40
2010.08.02 09:21:14.273,1.02135,1.0217,1.60,4.40
2010.08.02 09:21:14.348,1.02135,1.0217,1.60,1.60
2010.08.02 09:21:14.418,1.02135,1.02165,1.60,1.00
2010.08.02 09:21:14.608,1.0212,1.02165,1.00,1.00
2010.08.02 09:21:18.687,1.0212,1.02165,3.20,1.00
2010.08.02 09:21:35.998,1.02115,1.0216,5.20,1.00
2010.08.02 09:21:36.506,1.02115,1.0214,2.80,1.00
2010.08.02 09:21:36.831,1.02085,1.0212,1.60,2.40
2010.08.02 09:21:37.123,1.02085,1.02115,1.60,1.00
2010.08.02 09:21:37.504,1.02075,1.02115,4.00,2.40
2010.08.02 09:21:37.838,1.02065,1.02105,2.40,1.00
2010.08.02 09:21:38.426,1.02065,1.0211,2.40,2.40
2010.08.02 09:21:38.758,1.02065,1.0211,4.80,2.40
2010.08.02 09:21:40.518,1.02065,1.0211,2.40,2.40
2010.08.02 09:21:46.132,1.0207,1.0211,1.00,1.60
2010.08.02 09:21:46.508,1.02065,1.0211,4.80,1.00
2010.08.02 09:21:46.698,1.0207,1.02115,1.00,1.00
2010.08.02 09:21:56.478,1.02085,1.0212,2.40,1.00
2010.08.02 09:21:56.787,1.02085,1.0213,2.40,2.40
2010.08.02 09:22:00.587,1.0209,1.0213,1.00,1.60
2010.08.02 09:22:01.237,1.0209,1.0213,1.20,1.60
2010.08.02 09:22:01.367,1.0209,1.02135,1.20,1.50
2010.08.02 09:22:01.678,1.0209,1.02135,1.00,1.50
2010.08.02 09:22:01.808,1.02095,1.02135,1.00,1.00
2010.08.02 09:22:02.068,1.021,1.0214,1.00,4.80
2010.08.02 09:22:02.197,1.021,1.0214,1.00,4.00
2010.08.02 09:22:02.630,1.021,1.02145,1.00,1.50
2010.08.02 09:22:03.618,1.02105,1.02145,1.00,1.00
2010.08.02 09:22:04.027,1.02105,1.0215,1.20,1.00
2010.08.02 09:22:04.330,1.0211,1.02155,1.00,1.50
2010.08.02 09:22:08.328,1.02105,1.02145,1.60,1.00
2010.08.02 09:22:08.598,1.021,1.02145,1.00,1.00
2010.08.02 09:22:09.931,1.0211,1.02155,1.00,1.00
2010.08.02 09:22:10.571,1.02105,1.02145,2.00,1.00
2010.08.02 09:22:10.909,1.02105,1.0215,1.00,1.20
2010.08.02 09:22:11.248,1.02105,1.0215,1.00,1.00
2010.08.02 09:22:15.758,1.0211,1.02155,1.00,1.00
2010.08.02 09:22:16.477,1.02115,1.0216,1.00,5.20
2010.08.02 09:22:16.748,1.02115,1.0216,2.40,2.40
2010.08.02 09:22:21.458,1.0212,1.0216,1.00,1.60
2010.08.02 09:22:21.688,1.0212,1.02165,1.00,3.20
2010.08.02 09:22:22.648,1.02125,1.02165,1.00,2.40
2010.08.02 09:22:23.398,1.02125,1.0217,2.40,5.60
2010.08.02 09:22:27.758,1.0213,1.0217,1.00,4.80
2010.08.02 09:22:27.928,1.02135,1.0217,1.60,2.30
2010.08.02 09:22:28.098,1.02135,1.0217,1.60,1.60
2010.08.02 09:22:29.118,1.02135,1.0218,2.80,2.40
2010.08.02 09:22:29.297,1.02135,1.0218,1.20,1.00
2010.08.02 09:22:29.478,1.02135,1.0218,1.00,1.00
2010.08.02 09:22:33.498,1.02135,1.0218,1.00,1.00
2010.08.02 09:22:34.138,1.02135,1.0218,1.00,1.50
2010.08.02 09:22:36.118,1.02135,1.0218,2.40,1.00
2010.08.02 09:22:37.500,1.0214,1.02185,1.00,1.20
2010.08.02 09:22:37.962,1.0214,1.02185,1.00,1.00
2010.08.02 09:22:53.160,1.02135,1.0218,1.00,1.00
2010.08.02 09:23:05.763,1.0213,1.02175,1.00,1.00
2010.08.02 09:23:20.758,1.02125,1.0217,2.80,1.00
2010.08.02 09:23:21.528,1.02125,1.0217,2.40,2.40
2010.08.02 09:23:21.868,1.0213,1.02175,1.00,3.20
2010.08.02 09:23:22.008,1.0213,1.02175,1.00,1.00
2010.08.02 09:23:35.208,1.02135,1.0218,1.00,2.90
2010.08.02 09:23:35.274,1.02135,1.0218,1.00,2.40
2010.08.02 09:23:35.377,1.02135,1.0218,1.00,1.00
2010.08.02 09:23:43.958,1.02135,1.0218,2.40,2.40
2010.08.02 09:23:44.479,1.0213,1.02175,1.00,1.00
2010.08.02 09:23:44.808,1.02125,1.0217,2.80,1.00
2010.08.02 09:23:45.268,1.02125,1.0217,2.40,2.40
2010.08.02 09:23:45.608,1.0213,1.0217,1.00,1.60
2010.08.02 09:23:46.186,1.0213,1.02175,1.00,1.00
2010.08.02 09:24:07.480,1.02135,1.0218,1.00,3.50
2010.08.02 09:24:07.858,1.02135,1.0218,1.00,1.00
2010.08.02 09:24:08.498,1.0213,1.02175,1.20,1.00
2010.08.02 09:24:08.648,1.0213,1.02175,1.00,1.00
2010.08.02 09:24:22.530,1.02125,1.0217,5.80,1.00
2010.08.02 09:24:22.908,1.02125,1.0217,1.00,1.00
2010.08.02 09:24:24.749,1.0212,1.0216,1.00,1.00
2010.08.02 09:24:25.132,1.02115,1.0216,2.40,1.00
2010.08.02 09:24:25.398,1.02125,1.0217,6.20,1.00
2010.08.02 09:24:25.669,1.0213,1.02175,1.00,1.20
2010.08.02 09:24:25.938,1.0213,1.02175,1.00,1.00
2010.08.02 09:24:35.356,1.02135,1.0218,1.00,2.80
2010.08.02 09:24:35.519,1.02135,1.0218,2.40,2.80
2010.08.02 09:24:35.683,1.02135,1.0218,2.40,2.40
2010.08.02 09:24:54.358,1.02135,1.02175,1.60,1.00
2010.08.02 09:24:54.458,1.02145,1.0218,1.00,2.00
2010.08.02 09:24:54.559,1.02145,1.0218,1.00,1.60
2010.08.02 09:24:54.758,1.02145,1.02185,1.60,1.00
2010.08.02 09:24:55.278,1.0214,1.02185,1.00,1.00
2010.08.02 09:24:59.568,1.02135,1.02175,2.90,1.00
2010.08.02 09:24:59.659,1.0214,1.0217,1.00,1.60
2010.08.02 09:24:59.778,1.02135,1.0217,2.80,1.60
2010.08.02 09:24:59.898,1.0214,1.02185,1.00,1.00
2010.08.02 09:25:00.728,1.02135,1.0218,4.80,1.00
2010.08.02 09:25:01.121,1.02145,1.0218,1.00,1.60
2010.08.02 09:25:01.492,1.02145,1.0219,2.40,4.80
2010.08.02 09:25:01.831,1.02145,1.0219,2.40,2.40
2010.08.02 09:25:04.710,1.02135,1.0218,2.40,2.40
2010.08.02 09:25:08.798,1.02145,1.0219,2.40,5.20
2010.08.02 09:25:08.917,1.02145,1.0219,2.40,2.80
2010.08.02 09:25:08.968,1.02145,1.0219,2.40,2.40
2010.08.02 09:25:10.357,1.02145,1.0219,2.40,2.50
2010.08.02 09:25:10.588,1.02145,1.0219,2.40,2.40
2010.08.02 09:25:10.818,1.02145,1.02175,1.60,1.00
2010.08.02 09:25:11.058,1.02135,1.0217,1.60,1.60
2010.08.02 09:25:12.048,1.02135,1.0217,2.40,1.60
2010.08.02 09:25:12.378,1.02135,1.0218,1.00,4.80
2010.08.02 09:25:12.721,1.02125,1.02165,4.00,1.00
2010.08.02 09:25:13.438,1.0213,1.0217,1.00,2.00
2010.08.02 09:25:13.710,1.0213,1.02175,1.00,1.00
2010.08.02 09:25:18.699,1.02135,1.0218,1.00,1.00
2010.08.02 09:25:19.770,1.0213,1.02165,1.00,1.00
2010.08.02 09:25:20.009,1.0212,1.02165,1.00,1.00
2010.08.02 09:25:20.762,1.02125,1.0217,1.00,5.20
2010.08.02 09:25:20.848,1.02125,1.0217,1.00,4.80
2010.08.02 09:25:21.188,1.0213,1.02175,1.00,3.60
2010.08.02 09:25:21.757,1.0213,1.02175,1.00,1.00
2010.08.02 09:25:23.382,1.02125,1.0217,1.20,1.00
2010.08.02 09:25:23.678,1.0213,1.02175,1.00,1.00
2010.08.02 09:25:24.333,1.02125,1.0216,2.00,1.00
2010.08.02 09:25:24.459,1.0212,1.0216,3.00,1.00
2010.08.02 09:25:24.588,1.02115,1.0216,1.00,1.00
2010.08.02 09:25:25.418,1.0211,1.02155,1.20,3.20
2010.08.02 09:25:26.059,1.0211,1.02155,1.00,3.20
2010.08.02 09:25:26.737,1.02105,1.0215,2.80,1.00
2010.08.02 09:25:27.078,1.02105,1.0215,1.00,3.20
2010.08.02 09:25:31.503,1.021,1.02145,1.20,1.00
2010.08.02 09:25:31.718,1.02095,1.0214,1.20,1.00
2010.08.02 09:25:31.828,1.02095,1.0214,3.20,1.00
2010.08.02 09:25:31.938,1.02095,1.0214,1.00,1.00
2010.08.02 09:25:32.321,1.02095,1.0214,1.00,1.20
2010.08.02 09:25:32.445,1.02095,1.0214,1.00,1.00
2010.08.02 09:25:34.800,1.021,1.02145,1.00,1.20
2010.08.02 09:25:35.118,1.021,1.02145,1.00,1.00
2010.08.02 09:25:49.268,1.02095,1.0214,2.40,1.00
2010.08.02 09:25:49.748,1.02095,1.0214,1.00,1.00
2010.08.02 09:26:04.908,1.02095,1.0214,1.00,3.20
2010.08.02 09:26:18.489,1.02105,1.0214,1.60,3.20
2010.08.02 09:26:18.868,1.02105,1.02135,1.60,1.00
2010.08.02 09:26:19.398,1.02095,1.02135,1.60,1.00
2010.08.02 09:26:19.569,1.02095,1.0214,1.00,3.20
2010.08.02 09:26:24.099,1.0209,1.02135,1.00,3.20
2010.08.02 09:26:24.531,1.02085,1.0213,2.80,1.00
2010.08.02 09:26:25.028,1.02085,1.0213,2.80,2.40
2010.08.02 09:26:25.249,1.02085,1.0213,2.40,4.80
2010.08.02 09:26:26.571,1.02085,1.02125,1.60,1.00
2010.08.02 09:26:26.767,1.0208,1.02125,1.20,1.00
2010.08.02 09:26:27.275,1.0208,1.02125,1.00,3.20
2010.08.02 09:26:27.678,1.02075,1.0212,2.40,1.00
2010.08.02 09:26:27.948,1.02075,1.0212,1.00,3.20
2010.08.02 09:26:29.249,1.0208,1.0212,1.00,2.40
2010.08.02 09:26:29.488,1.0208,1.02125,1.00,3.20
2010.08.02 09:26:31.168,1.02075,1.02115,2.00,1.00
2010.08.02 09:26:31.348,1.0207,1.02115,1.00,3.20
2010.08.02 09:26:31.529,1.0208,1.02115,1.00,2.40
2010.08.02 09:26:31.937,1.0208,1.0212,1.00,4.00
2010.08.02 09:26:32.210,1.02075,1.0212,1.00,3.20
2010.08.02 09:26:36.948,1.0208,1.0212,1.00,2.40
2010.08.02 09:26:37.068,1.0208,1.02125,1.00,3.20
2010.08.02 09:26:37.328,1.02075,1.0212,1.20,1.00
2010.08.02 09:26:37.588,1.02075,1.0212,1.00,3.20
2010.08.02 09:26:38.302,1.0207,1.02115,1.00,1.00
2010.08.02 09:26:38.558,1.0207,1.02115,1.00,3.20
2010.08.02 09:26:40.138,1.0207,1.02115,1.00,1.00
2010.08.02 09:26:40.358,1.02065,1.0211,2.80,1.00
2010.08.02 09:26:40.578,1.02065,1.0211,1.00,1.00
2010.08.02 09:26:42.158,1.02065,1.0211,3.20,1.00
2010.08.02 09:26:42.591,1.0206,1.02105,1.20,1.00
2010.08.02 09:26:42.838,1.02065,1.0211,1.00,1.00
2010.08.02 09:26:50.111,1.0207,1.02115,1.00,4.00
2010.08.02 09:26:50.598,1.0207,1.02115,1.00,1.60
2010.08.02 09:26:53.531,1.0207,1.02115,1.00,4.00
2010.08.02 09:26:53.688,1.02065,1.0211,1.00,1.00
2010.08.02 09:27:02.869,1.0207,1.0211,2.40,1.00
2010.08.02 09:27:09.184,1.0207,1.02115,3.20,1.20
2010.08.02 09:27:09.428,1.0207,1.02115,3.20,1.00
2010.08.02 09:27:12.781,1.0207,1.02115,1.00,3.20
2010.08.02 09:27:16.631,1.0207,1.02115,1.00,1.00
2010.08.02 09:27:16.660,1.02075,1.0212,1.00,3.20
2010.08.02 09:27:21.108,1.0207,1.02115,1.20,1.00
2010.08.02 09:27:21.419,1.0207,1.02115,1.00,1.00
2010.08.02 09:27:28.588,1.02075,1.0212,1.00,5.20
2010.08.02 09:27:28.728,1.02075,1.0212,1.00,2.80
2010.08.02 09:27:28.868,1.02075,1.0212,1.00,1.00
2010.08.02 09:27:34.076,1.0208,1.02125,1.00,3.60
2010.08.02 09:27:34.279,1.0208,1.02125,1.00,1.00
2010.08.02 09:27:36.521,1.02075,1.0212,2.80,1.00
2010.08.02 09:27:37.061,1.02075,1.0212,2.80,2.40
2010.08.02 09:27:37.279,1.02075,1.0212,2.40,2.40
2010.08.02 09:27:38.810,1.02085,1.0212,1.60,1.60
2010.08.02 09:27:39.183,1.0208,1.02125,1.00,1.00
2010.08.02 09:27:41.458,1.0208,1.02125,1.00,3.20
2010.08.02 09:27:41.689,1.02085,1.02125,1.00,2.40
2010.08.02 09:27:42.264,1.02095,1.02135,1.00,1.00
2010.08.02 09:27:42.280,1.02095,1.0214,1.00,4.80
2010.08.02 09:27:42.510,1.02095,1.0214,1.00,1.00
2010.08.02 09:27:42.849,1.0209,1.02135,1.20,1.00
2010.08.02 09:27:43.188,1.0209,1.02135,1.00,1.00
2010.08.02 09:27:44.813,1.02085,1.0213,1.00,1.00
2010.08.02 09:27:58.909,1.0208,1.0212,2.80,1.00
2010.08.02 09:27:59.099,1.02085,1.02125,2.40,1.00
2010.08.02 09:27:59.260,1.02085,1.0212,4.40,1.00
2010.08.02 09:27:59.419,1.02085,1.0212,2.40,2.40
2010.08.02 09:27:59.940,1.0207,1.0211,1.00,2.40
2010.08.02 09:28:00.099,1.0207,1.02115,4.00,1.00
2010.08.02 09:28:00.348,1.02075,1.0212,1.00,1.00
2010.08.02 09:28:00.599,1.02085,1.0213,1.00,2.80
2010.08.02 09:28:00.849,1.0208,1.02125,1.00,1.00
2010.08.02 09:28:02.718,1.02085,1.0213,1.00,1.00
2010.08.02 09:28:02.929,1.0209,1.02135,1.00,1.00
2010.08.02 09:28:09.768,1.02085,1.0213,1.20,1.00
2010.08.02 09:28:09.879,1.02085,1.0213,1.00,1.00
2010.08.02 09:28:09.988,1.0208,1.02125,1.20,1.00
2010.08.02 09:28:10.429,1.0208,1.02125,1.00,1.00
2010.08.02 09:28:11.037,1.02085,1.0213,1.00,1.20
2010.08.02 09:28:11.238,1.02085,1.0213,1.00,1.00
2010.08.02 09:28:15.328,1.02085,1.0213,1.00,3.20
2010.08.02 09:28:16.310,1.02085,1.0213,1.00,1.00
2010.08.02 09:28:20.638,1.02085,1.0213,1.00,3.20
2010.08.02 09:28:20.799,1.02085,1.0213,1.00,1.00
2010.08.02 09:28:23.318,1.0209,1.02135,1.00,1.20
2010.08.02 09:28:23.579,1.0209,1.02135,1.00,1.00
2010.08.02 09:28:25.201,1.02095,1.0214,1.00,2.80
2010.08.02 09:28:25.508,1.02095,1.0214,1.00,1.20
2010.08.02 09:28:25.708,1.02095,1.0214,1.00,1.00
2010.08.02 09:28:28.249,1.021,1.02135,1.00,2.40
2010.08.02 09:28:28.548,1.021,1.02145,1.00,3.20
2010.08.02 09:28:29.239,1.0211,1.02155,1.00,3.20
2010.08.02 09:28:30.022,1.02105,1.0215,1.00,1.00
2010.08.02 09:28:31.759,1.02095,1.02135,2.80,1.00
2010.08.02 09:28:32.098,1.02095,1.0214,2.40,2.40
2010.08.02 09:28:33.310,1.0209,1.02135,1.00,1.00
2010.08.02 09:28:37.289,1.02085,1.0213,4.80,1.00
2010.08.02 09:28:37.609,1.02085,1.0213,1.00,1.00
2010.08.02 09:28:43.419,1.0208,1.02125,1.00,1.00
2010.08.02 09:28:47.759,1.02075,1.0212,3.20,1.00
2010.08.02 09:28:47.938,1.0208,1.02125,1.00,1.20
2010.08.02 09:28:48.446,1.02085,1.0213,1.00,1.20
2010.08.02 09:28:48.781,1.0208,1.02125,1.00,1.00
2010.08.02 09:28:51.119,1.02065,1.0211,1.00,1.00
2010.08.02 09:28:55.829,1.0207,1.02115,1.00,1.00
2010.08.02 09:28:57.065,1.02065,1.0211,3.60,1.00
2010.08.02 09:28:57.399,1.02065,1.0211,1.00,1.00
2010.08.02 09:29:00.852,1.02065,1.0211,2.40,1.00
2010.08.02 09:29:01.023,1.02075,1.0212,1.00,1.00
2010.08.02 09:29:06.798,1.0208,1.02125,1.00,1.20
2010.08.02 09:29:06.979,1.0208,1.02125,1.00,1.00
2010.08.02 09:29:07.421,1.02075,1.0212,5.20,1.00
2010.08.02 09:29:07.689,1.0208,1.02125,1.00,1.20
2010.08.02 09:29:08.388,1.02085,1.0213,1.00,1.00
2010.08.02 09:29:12.999,1.02075,1.0212,5.20,1.00
2010.08.02 09:29:13.319,1.02075,1.0212,1.00,1.00
2010.08.02 09:29:22.349,1.0208,1.02125,1.00,1.20
2010.08.02 09:29:22.639,1.02085,1.0213,1.00,1.20
2010.08.02 09:29:22.928,1.02085,1.0213,1.00,1.00
2010.08.02 09:29:25.689,1.02095,1.0214,2.40,4.80
2010.08.02 09:29:26.387,1.02095,1.02125,1.60,1.00
2010.08.02 09:29:26.640,1.02085,1.0213,1.00,2.40
2010.08.02 09:29:26.889,1.02085,1.0213,1.00,1.00
2010.08.02 09:29:27.171,1.0209,1.02135,1.00,1.20
2010.08.02 09:29:27.739,1.021,1.0214,1.00,2.00
2010.08.02 09:29:28.419,1.02105,1.0215,1.00,3.20
2010.08.02 09:29:28.738,1.02105,1.0215,1.00,1.00
2010.08.02 09:29:36.210,1.0211,1.02155,1.00,1.00
2010.08.02 09:29:39.368,1.02115,1.0216,1.00,2.80
2010.08.02 09:29:39.868,1.02115,1.0216,2.40,2.40
2010.08.02 09:29:43.039,1.02115,1.0214,1.60,1.00
2010.08.02 09:29:43.601,1.0211,1.02145,2.40,1.60
2010.08.02 09:29:43.769,1.02105,1.0215,1.00,5.20
2010.08.02 09:29:43.939,1.02105,1.0215,2.40,2.40
2010.08.02 09:29:46.269,1.0211,1.02155,1.00,1.00
2010.08.02 09:29:50.239,1.0211,1.02155,3.20,1.00
2010.08.02 09:29:51.670,1.02115,1.0216,3.20,2.40
2010.08.02 09:29:55.503,1.02115,1.02155,2.40,1.00
2010.08.02 09:29:55.589,1.0211,1.0215,3.20,1.60
2010.08.02 09:29:56.610,1.0211,1.02145,2.40,1.00
2010.08.02 09:29:57.029,1.02105,1.0215,1.00,2.40
2010.08.02 09:29:57.369,1.02105,1.0215,3.20,2.40
2010.08.02 09:29:59.178,1.02105,1.02145,2.40,1.00
2010.08.02 09:29:59.721,1.021,1.02145,3.20,1.00
2010.08.02 09:30:00.280,1.021,1.0214,2.40,1.00
2010.08.02 09:30:04.184,1.021,1.02145,3.20,1.20
2010.08.02 09:30:04.379,1.021,1.02145,3.20,1.00
2010.08.02 09:30:05.729,1.0211,1.0215,1.00,2.00
2010.08.02 09:30:05.888,1.0211,1.02155,1.00,1.20
2010.08.02 09:30:06.048,1.02115,1.0216,1.00,2.80
2010.08.02 09:30:09.371,1.02105,1.0215,5.20,1.00
2010.08.02 09:30:09.619,1.02115,1.0215,1.00,1.00
2010.08.02 09:30:09.869,1.02115,1.0215,2.40,1.60
2010.08.02 09:30:09.988,1.0212,1.0215,1.00,1.60
2010.08.02 09:30:10.472,1.02115,1.0215,4.80,1.60
2010.08.02 09:30:10.604,1.02115,1.0216,3.20,1.00
2010.08.02 09:30:12.726,1.02115,1.0216,3.20,2.40
2010.08.02 09:30:12.930,1.0211,1.02155,3.20,1.00
2010.08.02 09:30:13.269,1.0212,1.0216,1.00,2.00
2010.08.02 09:30:13.657,1.0212,1.0216,1.00,1.60
2010.08.02 09:30:13.989,1.02125,1.0216,1.60,1.60
2010.08.02 09:30:14.330,1.02115,1.0216,3.20,2.40
2010.08.02 09:30:14.648,1.02115,1.0216,4.80,2.40
2010.08.02 09:30:15.020,1.0212,1.0216,2.40,2.40
2010.08.02 09:30:15.288,1.0212,1.02165,3.20,1.00
2010.08.02 09:30:18.576,1.0212,1.02165,1.00,1.00
2010.08.02 09:30:18.710,1.02115,1.0216,4.80,2.40
2010.08.02 09:30:19.028,1.02115,1.0215,4.80,1.60
2010.08.02 09:30:19.158,1.02115,1.0215,4.00,1.60
2010.08.02 09:30:19.288,1.02115,1.0215,1.60,1.60
2010.08.02 09:30:19.780,1.02115,1.0215,4.00,1.60
2010.08.02 09:30:20.110,1.0212,1.0216,2.40,2.40
2010.08.02 09:30:21.969,1.02115,1.0215,4.00,1.60
2010.08.02 09:30:22.248,1.02115,1.0215,4.00,2.40
2010.08.02 09:30:22.949,1.02105,1.0215,5.60,2.40
2010.08.02 09:30:23.229,1.02105,1.0215,2.40,2.40
2010.08.02 09:30:24.519,1.0211,1.02155,1.00,1.00
2010.08.02 09:30:24.829,1.02105,1.0214,4.40,1.60
2010.08.02 09:30:25.465,1.02105,1.0214,2.80,1.60
2010.08.02 09:30:25.769,1.02105,1.0215,2.40,2.40
2010.08.02 09:30:26.778,1.0211,1.0215,1.00,1.60
2010.08.02 09:30:26.979,1.02115,1.0215,1.60,2.40
2010.08.02 09:30:27.929,1.02105,1.0215,2.80,1.00
2010.08.02 09:30:28.110,1.02105,1.0215,2.40,2.40
2010.08.02 09:30:28.468,1.02105,1.02145,1.60,1.00
2010.08.02 09:30:28.648,1.021,1.02145,1.00,1.00
2010.08.02 09:30:33.440,1.02105,1.0215,2.40,2.40
2010.08.02 09:30:33.975,1.02105,1.0214,1.00,1.60
2010.08.02 09:30:34.139,1.02085,1.0213,5.60,2.40
2010.08.02 09:30:34.308,1.02085,1.02125,1.60,1.00
2010.08.02 09:30:34.835,1.0208,1.0212,2.40,1.00
2010.08.02 09:30:35.169,1.02075,1.0212,1.00,1.00
2010.08.02 09:30:35.509,1.02085,1.0213,1.00,2.80
2010.08.02 09:30:36.139,1.0209,1.02135,1.00,1.00
2010.08.02 09:30:39.395,1.02095,1.0214,1.00,1.20
2010.08.02 09:30:39.729,1.0209,1.02135,1.20,1.00
2010.08.02 09:30:39.969,1.0209,1.02135,1.00,1.00
2010.08.02 09:30:43.838,1.02095,1.0214,1.00,1.20
2010.08.02 09:30:44.590,1.02095,1.0214,1.00,1.00
2010.08.02 09:30:46.258,1.0209,1.02135,1.20,1.00
2010.08.02 09:30:46.467,1.02095,1.0214,1.00,1.00
2010.08.02 09:30:48.510,1.0209,1.02135,1.20,1.00
2010.08.02 09:30:48.848,1.0209,1.02135,1.00,1.00
2010.08.02 09:30:49.579,1.02085,1.0213,2.40,2.40
2010.08.02 09:30:50.100,1.0208,1.02125,1.00,1.00
2010.08.02 09:30:50.880,1.02085,1.0213,2.40,2.40
2010.08.02 09:31:02.710,1.02095,1.0213,1.60,1.60
2010.08.02 09:31:04.649,1.02095,1.0213,1.60,2.40
2010.08.02 09:31:05.168,1.02085,1.0213,2.40,2.40
2010.08.02 09:31:05.588,1.0209,1.0213,1.00,1.60
2010.08.02 09:31:05.698,1.0209,1.02135,1.00,3.20
2010.08.02 09:31:05.938,1.0209,1.02135,1.00,1.00
2010.08.02 09:31:07.873,1.02085,1.0213,5.20,1.00
2010.08.02 09:31:08.026,1.02085,1.0213,4.80,1.00
2010.08.02 09:31:08.158,1.02085,1.0213,2.40,2.40
2010.08.02 09:31:18.828,1.0209,1.0213,1.00,1.60
2010.08.02 09:31:20.209,1.02095,1.0213,1.00,1.60
2010.08.02 09:31:20.740,1.02095,1.0213,2.40,1.60
2010.08.02 09:31:22.459,1.02105,1.0213,1.00,1.60
2010.08.02 09:31:23.143,1.02105,1.0215,1.00,4.80
2010.08.02 09:31:23.320,1.02115,1.0216,1.00,4.80
2010.08.02 09:31:23.489,1.0211,1.02155,1.20,1.00
2010.08.02 09:31:23.933,1.0211,1.02155,1.00,1.00
2010.08.02 09:31:36.790,1.02105,1.0215,2.80,1.00
2010.08.02 09:31:37.009,1.02105,1.0215,1.00,1.00
2010.08.02 09:31:40.325,1.021,1.02145,1.20,1.00
2010.08.02 09:31:40.949,1.02095,1.0214,3.60,1.00
2010.08.02 09:31:41.009,1.02095,1.0214,1.20,1.00
2010.08.02 09:31:41.068,1.02095,1.0214,1.00,1.00
2010.08.02 09:31:47.679,1.021,1.02145,1.00,1.00
2010.08.02 09:32:02.287,1.02105,1.0215,1.00,1.00
2010.08.02 09:32:15.656,1.0211,1.02155,1.00,1.20
2010.08.02 09:32:15.929,1.02115,1.0216,1.00,5.20
2010.08.02 09:32:16.209,1.0212,1.0216,1.00,1.60
2010.08.02 09:32:16.748,1.0212,1.02165,1.00,1.60
2010.08.02 09:32:17.069,1.0212,1.02165,1.00,1.00
2010.08.02 09:32:21.159,1.02115,1.0216,2.40,2.40
2010.08.02 09:32:21.381,1.02115,1.02155,1.60,1.00
2010.08.02 09:32:21.799,1.02115,1.0216,1.00,5.20
2010.08.02 09:32:22.287,1.02115,1.0216,2.40,4.80
2010.08.02 09:32:22.580,1.0212,1.02165,1.00,1.00
2010.08.02 09:32:26.749,1.02115,1.02155,4.40,1.00
2010.08.02 09:32:27.089,1.0211,1.02155,1.00,1.00
2010.08.02 09:32:29.931,1.02115,1.0216,1.00,5.20
2010.08.02 09:32:30.591,1.02115,1.0216,2.40,2.40
2010.08.02 09:32:32.289,1.0212,1.02165,3.60,1.00
2010.08.02 09:32:32.629,1.0212,1.02165,1.00,1.00
2010.08.02 09:32:32.919,1.02115,1.0216,2.40,1.00
2010.08.02 09:32:33.209,1.0212,1.02165,1.00,1.00
2010.08.02 09:32:37.568,1.02125,1.0217,1.00,5.20
2010.08.02 09:32:38.255,1.02125,1.0217,1.00,4.80
2010.08.02 09:32:41.719,1.0212,1.02165,1.20,1.00
2010.08.02 09:32:41.939,1.0212,1.02165,1.00,1.00
2010.08.02 09:32:47.799,1.02135,1.0217,1.00,4.40
2010.08.02 09:32:47.904,1.02135,1.0217,2.40,2.80
2010.08.02 09:32:47.998,1.02135,1.0218,2.40,2.40
2010.08.02 09:32:48.780,1.02135,1.02175,1.60,1.00
2010.08.02 09:32:49.119,1.0213,1.02175,1.00,1.00
2010.08.02 09:32:50.351,1.02145,1.0218,1.00,1.00
2010.08.02 09:32:50.930,1.02125,1.0217,1.20,1.00
2010.08.02 09:32:51.119,1.0213,1.02175,1.00,1.00
2010.08.02 09:33:00.410,1.02135,1.0218,1.00,1.00
2010.08.02 09:33:02.581,1.02145,1.02185,1.00,1.00
2010.08.02 09:33:02.879,1.0214,1.02185,1.20,1.00
2010.08.02 09:33:03.220,1.02135,1.0218,1.00,1.00
2010.08.02 09:33:04.299,1.0213,1.02175,1.20,1.00
2010.08.02 09:33:04.619,1.0213,1.02175,1.00,1.00
2010.08.02 09:33:08.481,1.02145,1.0218,1.00,1.00
2010.08.02 09:33:08.740,1.02145,1.0219,2.40,2.40
2010.08.02 09:33:08.999,1.02145,1.02185,1.60,1.00
2010.08.02 09:33:09.250,1.0214,1.02185,1.00,1.00
2010.08.02 09:33:11.613,1.0215,1.02185,1.00,1.00
2010.08.02 09:33:11.809,1.0214,1.0218,1.20,1.60
2010.08.02 09:33:12.009,1.0214,1.0218,1.00,2.40
2010.08.02 09:33:12.209,1.02145,1.02185,1.00,1.00
2010.08.02 09:33:12.959,1.02145,1.0219,1.00,3.20
2010.08.02 09:33:14.544,1.0214,1.02185,1.00,1.00
2010.08.02 09:33:14.659,1.02155,1.0219,1.00,2.40
2010.08.02 09:33:14.779,1.02155,1.0219,2.40,1.60
2010.08.02 09:33:15.490,1.02165,1.022,2.40,1.60
2010.08.02 09:33:16.043,1.02165,1.022,1.60,2.40
2010.08.02 09:33:16.370,1.02155,1.022,2.40,2.40
2010.08.02 09:33:17.050,1.0215,1.02195,1.20,1.00
2010.08.02 09:33:18.249,1.0216,1.022,1.00,2.40
2010.08.02 09:33:18.440,1.0216,1.022,1.00,1.60
2010.08.02 09:33:18.991,1.02155,1.022,1.20,2.40
2010.08.02 09:33:19.320,1.0215,1.02195,1.00,1.00
2010.08.02 09:33:20.729,1.02155,1.022,1.00,2.80
2010.08.02 09:33:21.069,1.02155,1.022,1.00,3.20
2010.08.02 09:33:25.760,1.02155,1.022,1.00,1.00
2010.08.02 09:33:27.451,1.0215,1.02195,1.00,1.00
2010.08.02 09:33:30.689,1.0215,1.02195,1.00,1.60
2010.08.02 09:33:33.101,1.0213,1.0217,1.60,2.80
2010.08.02 09:33:33.430,1.02125,1.02155,4.00,1.00
2010.08.02 09:33:33.842,1.02125,1.0215,4.00,1.00
2010.08.02 09:33:34.181,1.02115,1.02155,1.00,1.00
2010.08.02 09:33:34.521,1.0212,1.02165,1.00,1.00
2010.08.02 09:33:34.860,1.0212,1.02165,1.20,1.00
2010.08.02 09:33:35.551,1.02125,1.0217,1.00,1.00
2010.08.02 09:33:43.229,1.0213,1.02175,1.00,1.00
2010.08.02 09:33:44.499,1.02135,1.0218,1.00,2.80
2010.08.02 09:33:44.740,1.02135,1.0218,1.00,1.00
2010.08.02 09:33:45.999,1.02125,1.0217,1.20,1.00
2010.08.02 09:33:46.269,1.02125,1.0217,1.00,1.00
2010.08.02 09:33:50.539,1.0213,1.02175,1.00,1.20
2010.08.02 09:33:50.729,1.0213,1.02175,1.00,1.00
2010.08.02 09:33:54.398,1.0213,1.02175,1.00,3.20
2010.08.02 09:34:06.070,1.02135,1.02175,1.00,2.40
2010.08.02 09:34:06.650,1.02135,1.0218,1.00,3.20
2010.08.02 09:34:09.539,1.0213,1.02175,1.20,1.00
2010.08.02 09:34:09.921,1.0213,1.0217,1.00,1.00
2010.08.02 09:34:10.262,1.0214,1.0218,1.00,1.00
2010.08.02 09:34:10.603,1.0214,1.0218,1.00,2.40
2010.08.02 09:34:10.940,1.02135,1.0218,2.80,3.20
2010.08.02 09:34:11.649,1.02135,1.0218,1.00,3.20
2010.08.02 09:34:12.939,1.02135,1.02175,1.00,2.40
2010.08.02 09:34:13.203,1.0214,1.02185,1.00,1.00
2010.08.02 09:34:14.928,1.02135,1.0217,1.00,1.00
2010.08.02 09:34:15.089,1.0213,1.0217,1.00,2.40
2010.08.02 09:34:15.248,1.0213,1.0217,1.00,1.00
2010.08.02 09:34:15.409,1.02135,1.02175,1.00,2.40
2010.08.02 09:34:15.569,1.02135,1.0218,1.00,1.00
2010.08.02 09:34:16.689,1.0213,1.02175,1.20,1.00
2010.08.02 09:34:16.919,1.0213,1.02175,1.00,1.00
2010.08.02 09:34:26.848,1.0213,1.02175,3.20,1.00
2010.08.02 09:34:27.349,1.02135,1.0218,1.00,4.80
2010.08.02 09:34:27.598,1.02135,1.0218,1.00,3.20
2010.08.02 09:34:33.729,1.0213,1.02175,1.00,3.20
2010.08.02 09:34:37.453,1.02125,1.0217,2.80,2.40
2010.08.02 09:34:37.660,1.02125,1.0217,2.40,2.40
2010.08.02 09:34:37.860,1.0213,1.02175,1.00,3.20
2010.08.02 09:34:38.059,1.0213,1.02175,1.00,1.00
2010.08.02 09:34:46.026,1.0214,1.0218,1.00,2.00
2010.08.02 09:34:46.249,1.02145,1.0218,2.40,1.60
2010.08.02 09:34:46.479,1.02145,1.0219,2.40,2.40
2010.08.02 09:35:00.699,1.0215,1.02195,1.00,3.20
2010.08.02 09:35:16.329,1.02145,1.0219,2.80,4.80
2010.08.02 09:35:16.669,1.02145,1.0219,2.40,4.80
2010.08.02 09:35:23.417,1.02145,1.0219,1.00,4.80
2010.08.02 09:35:23.549,1.0214,1.02185,1.00,1.00
2010.08.02 09:35:26.608,1.0213,1.02175,1.20,1.00
2010.08.02 09:35:26.810,1.0213,1.02175,1.00,1.00
2010.08.02 09:35:28.664,1.02125,1.0217,1.00,1.00
2010.08.02 09:35:29.349,1.0212,1.0216,1.00,1.00
2010.08.02 09:35:29.570,1.02115,1.0216,1.00,1.00
2010.08.02 09:35:30.750,1.0212,1.02165,1.00,3.20
2010.08.02 09:35:33.110,1.02125,1.0217,1.00,3.20
2010.08.02 09:35:36.382,1.02125,1.0217,1.00,1.00
2010.08.02 09:35:38.661,1.0212,1.02165,1.20,1.00
2010.08.02 09:35:39.099,1.0212,1.02165,1.00,1.00
2010.08.02 09:35:42.229,1.02125,1.0217,1.00,1.00
2010.08.02 09:35:52.789,1.02125,1.0216,1.00,2.40
2010.08.02 09:35:52.979,1.02125,1.0217,1.00,1.00
2010.08.02 09:35:59.080,1.0213,1.02175,1.00,1.00
2010.08.02 09:36:00.829,1.0214,1.0218,1.00,2.80
2010.08.02 09:36:01.049,1.02135,1.0218,2.80,1.00
2010.08.02 09:36:01.300,1.0214,1.02185,1.00,1.20
2010.08.02 09:36:01.415,1.0214,1.02185,1.00,1.00
2010.08.02 09:36:01.732,1.02135,1.0218,1.20,1.00
2010.08.02 09:36:02.070,1.0213,1.02175,1.00,1.00
2010.08.02 09:36:03.079,1.0214,1.02185,1.00,1.00
2010.08.02 09:36:03.221,1.02145,1.0219,1.00,5.20
2010.08.02 09:36:03.498,1.02145,1.0219,1.00,4.80
2010.08.02 09:36:03.639,1.02145,1.0219,1.00,1.00
2010.08.02 09:36:04.340,1.0215,1.02195,1.00,3.60
2010.08.02 09:36:04.852,1.0215,1.02195,1.00,1.00
2010.08.02 09:36:05.169,1.0214,1.02185,1.00,1.00
2010.08.02 09:36:05.669,1.0214,1.02185,1.00,3.20
2010.08.02 09:36:06.143,1.02145,1.0219,1.00,3.20
2010.08.02 09:36:07.721,1.02145,1.0219,1.00,1.00
2010.08.02 09:36:11.599,1.0215,1.02195,1.00,1.20
2010.08.02 09:36:12.110,1.0215,1.02195,1.00,1.00
2010.08.02 09:36:16.490,1.02145,1.0219,1.20,1.00
2010.08.02 09:36:16.809,1.02145,1.0219,1.00,1.00
2010.08.02 09:36:24.284,1.0215,1.02195,1.00,1.20
2010.08.02 09:36:24.619,1.0215,1.02195,1.00,1.00
2010.08.02 09:36:34.114,1.02145,1.0219,1.20,1.00
2010.08.02 09:36:34.340,1.02145,1.0219,1.00,1.00
2010.08.02 09:36:40.230,1.02145,1.0219,2.40,1.00
2010.08.02 09:36:40.381,1.02155,1.022,1.00,1.00
2010.08.02 09:36:41.999,1.0215,1.02195,1.20,1.00
2010.08.02 09:36:42.300,1.02145,1.0218,1.00,1.00
2010.08.02 09:36:42.981,1.02135,1.02175,1.00,1.00
2010.08.02 09:36:43.260,1.02135,1.0218,1.00,1.20
2010.08.02 09:36:43.539,1.02135,1.0218,1.00,1.00
2010.08.02 09:36:44.391,1.0214,1.02185,1.00,1.20
2010.08.02 09:36:45.180,1.0214,1.02185,1.00,1.00
2010.08.02 09:36:46.931,1.02145,1.0219,1.00,1.00
2010.08.02 09:36:50.632,1.02155,1.022,1.00,1.00
2010.08.02 09:36:50.789,1.0216,1.02205,1.00,1.00
2010.08.02 09:37:02.702,1.02155,1.022,1.20,1.00
2010.08.02 09:37:03.019,1.02155,1.022,1.00,1.00
2010.08.02 09:37:35.173,1.0216,1.02205,1.00,1.20
2010.08.02 09:37:35.450,1.0216,1.02205,1.00,1.00
2010.08.02 09:37:54.840,1.02165,1.0221,1.00,1.20
2010.08.02 09:37:55.390,1.02165,1.0221,1.00,1.00
2010.08.02 09:38:00.330,1.0217,1.02215,1.00,1.20
2010.08.02 09:38:00.490,1.0217,1.02215,1.00,1.00
2010.08.02 09:38:08.531,1.02165,1.0221,1.00,1.00
2010.08.02 09:38:16.919,1.0216,1.022,1.00,2.40
2010.08.02 09:38:17.090,1.0215,1.0219,2.80,2.40
2010.08.02 09:38:17.260,1.02145,1.0219,2.40,2.40
2010.08.02 09:38:17.833,1.0215,1.0219,1.00,1.60
2010.08.02 09:38:18.060,1.02145,1.0219,1.00,1.00
2010.08.02 09:38:18.520,1.0214,1.02185,1.60,1.00
2010.08.02 09:38:18.829,1.0214,1.02185,1.00,1.00
2010.08.02 09:38:20.049,1.02145,1.0219,1.00,1.00
2010.08.02 09:38:28.336,1.0214,1.02185,1.20,1.00
2010.08.02 09:38:28.659,1.0214,1.02185,1.00,1.00
2010.08.02 09:38:51.710,1.02145,1.0219,1.00,2.80
2010.08.02 09:38:51.789,1.02145,1.0219,1.00,1.20
2010.08.02 09:38:52.029,1.02145,1.0219,1.00,1.00
2010.08.02 09:38:55.337,1.0215,1.02195,1.00,1.20
2010.08.02 09:38:55.490,1.0215,1.02195,1.00,1.00
2010.08.02 09:38:57.529,1.0215,1.02195,1.00,3.20
2010.08.02 09:38:58.298,1.0215,1.02195,1.00,1.00
2010.08.02 09:39:00.419,1.0215,1.02195,1.00,3.20
2010.08.02 09:39:02.020,1.02145,1.0219,2.40,3.20
2010.08.02 09:39:02.249,1.02145,1.0219,2.40,2.40
2010.08.02 09:39:08.766,1.0215,1.0219,1.00,1.60
2010.08.02 09:39:09.010,1.0215,1.02195,1.00,1.00
2010.08.02 09:39:12.159,1.0215,1.02195,1.00,3.20
2010.08.02 09:39:16.990,1.0215,1.02195,1.00,1.00
2010.08.02 09:39:17.600,1.0216,1.02205,1.00,1.00
2010.08.02 09:39:17.952,1.0216,1.02205,1.00,3.20
2010.08.02 09:39:18.827,1.0216,1.02205,1.00,1.00
2010.08.02 09:39:19.070,1.0216,1.02205,1.00,3.20
2010.08.02 09:39:20.179,1.0216,1.02205,1.00,1.00
2010.08.02 09:39:23.439,1.0216,1.022,1.00,2.40
2010.08.02 09:39:23.930,1.0216,1.02205,1.00,1.00
2010.08.02 09:39:24.299,1.02165,1.0221,1.00,2.80
2010.08.02 09:39:24.992,1.02165,1.0221,2.40,2.40
2010.08.02 09:39:25.799,1.02165,1.0221,2.40,4.80
2010.08.02 09:39:26.323,1.02165,1.0221,2.40,2.40
2010.08.02 09:39:42.073,1.02165,1.0221,2.40,4.80
2010.08.02 09:39:53.701,1.0216,1.02205,1.00,3.20
2010.08.02 09:39:53.840,1.0216,1.022,1.00,2.40
2010.08.02 09:39:55.701,1.0216,1.02205,1.00,3.20
2010.08.02 09:40:00.890,1.0216,1.02205,1.00,1.00
2010.08.02 09:40:02.528,1.0216,1.02205,1.00,3.20
2010.08.02 09:40:05.309,1.0216,1.02205,1.00,1.00
2010.08.02 09:40:06.589,1.0216,1.02205,1.00,3.20
2010.08.02 09:40:12.761,1.0216,1.022,1.00,2.40
2010.08.02 09:40:13.172,1.0216,1.02205,1.00,3.20
2010.08.02 09:40:13.300,1.0216,1.02205,1.00,1.00
2010.08.02 09:40:14.960,1.0216,1.02205,1.00,3.20
2010.08.02 09:40:18.010,1.02155,1.02195,2.00,1.00
2010.08.02 09:40:18.119,1.02155,1.0219,2.00,1.60
2010.08.02 09:40:18.490,1.02155,1.0219,1.60,2.40
2010.08.02 09:40:19.110,1.02155,1.02195,2.40,1.00
2010.08.02 09:40:19.349,1.02155,1.022,2.40,2.40
2010.08.02 09:40:19.892,1.02155,1.02195,1.60,1.20
2010.08.02 09:40:20.160,1.0215,1.02195,1.00,1.00
2010.08.02 09:40:22.719,1.02145,1.0219,5.20,1.00
2010.08.02 09:40:23.279,1.02145,1.0219,4.80,1.00
2010.08.02 09:40:23.390,1.02145,1.0219,2.40,2.40
2010.08.02 09:40:24.922,1.02145,1.0219,1.00,2.40
2010.08.02 09:40:25.174,1.0214,1.02185,1.00,1.00
2010.08.02 09:40:28.589,1.0214,1.02185,1.00,1.20
2010.08.02 09:40:28.769,1.02135,1.0218,5.60,1.00
2010.08.02 09:40:29.297,1.0214,1.02185,1.00,1.00
2010.08.02 09:40:35.519,1.0214,1.02185,3.20,1.00
2010.08.02 09:40:36.810,1.02145,1.0219,1.00,2.80
2010.08.02 09:40:37.333,1.02145,1.0219,1.00,2.40
2010.08.02 09:40:37.590,1.0214,1.02185,3.20,1.00
2010.08.02 09:40:39.682,1.0214,1.02185,3.60,1.00
2010.08.02 09:40:39.970,1.02145,1.0219,4.80,2.40
2010.08.02 09:40:40.140,1.0215,1.0219,1.00,1.60
2010.08.02 09:40:40.310,1.0215,1.02195,3.20,1.00
2010.08.02 09:40:56.870,1.0215,1.0219,2.40,1.00
2010.08.02 09:40:57.091,1.0215,1.02195,3.20,1.00
2010.08.02 09:40:58.399,1.02155,1.02195,2.40,1.00
2010.08.02 09:40:59.287,1.0215,1.0219,2.40,2.40
2010.08.02 09:41:00.659,1.02145,1.0219,4.80,2.40
2010.08.02 09:41:00.840,1.0215,1.02195,1.00,1.00
2010.08.02 09:41:01.020,1.02155,1.02195,2.40,1.00
2010.08.02 09:41:02.299,1.02155,1.022,4.80,2.40
2010.08.02 09:41:02.887,1.02155,1.02195,4.00,1.00
2010.08.02 09:41:03.130,1.0215,1.02195,3.20,1.00
2010.08.02 09:41:10.402,1.02155,1.022,1.00,1.00
2010.08.02 09:41:16.749,1.02155,1.022,3.20,1.00
2010.08.02 09:41:18.418,1.02155,1.022,1.00,1.00
2010.08.02 09:41:21.342,1.0215,1.02195,1.00,1.00
2010.08.02 09:41:22.903,1.02155,1.022,1.00,1.00
2010.08.02 09:41:23.050,1.0215,1.02195,1.20,1.00
2010.08.02 09:41:23.330,1.0215,1.02195,1.00,1.00
2010.08.02 09:41:24.669,1.0215,1.02195,3.20,1.00
2010.08.02 09:41:29.830,1.02155,1.022,1.00,1.20
2010.08.02 09:41:30.020,1.02155,1.022,3.20,1.00
2010.08.02 09:41:31.188,1.0216,1.02205,1.00,1.20
2010.08.02 09:41:31.790,1.0216,1.02205,3.20,1.00
2010.08.02 09:41:31.940,1.02165,1.0221,3.20,1.00
2010.08.02 09:41:38.329,1.02165,1.0221,1.00,1.00
2010.08.02 09:41:49.924,1.02165,1.0221,3.20,1.00
2010.08.02 09:41:50.109,1.02165,1.0221,1.00,1.00
2010.08.02 09:41:51.450,1.0217,1.02215,1.00,1.20
2010.08.02 09:41:51.660,1.0218,1.0222,1.00,2.00
2010.08.02 09:41:51.870,1.02175,1.0222,3.60,1.00
2010.08.02 09:41:52.070,1.02175,1.0222,1.20,1.00
2010.08.02 09:41:52.269,1.02175,1.0222,1.00,1.00
2010.08.02 09:41:52.552,1.0217,1.02215,3.60,1.00
2010.08.02 09:41:52.750,1.0217,1.02215,3.20,1.00
2010.08.02 09:41:52.949,1.0217,1.02215,1.00,1.00
2010.08.02 09:41:56.110,1.02165,1.02205,2.80,1.00
2010.08.02 09:41:56.350,1.0216,1.02205,1.00,1.00
2010.08.02 09:41:56.469,1.0217,1.0221,1.00,2.00
2010.08.02 09:41:56.590,1.0217,1.02215,1.00,1.00
2010.08.02 09:41:57.690,1.0216,1.02205,1.00,1.00
2010.08.02 09:41:58.311,1.0217,1.0221,1.00,2.00
2010.08.02 09:41:58.650,1.0217,1.02215,1.00,1.00
2010.08.02 09:41:59.769,1.02165,1.0221,1.20,1.00
2010.08.02 09:41:59.950,1.02165,1.0221,1.00,1.00
2010.08.02 09:42:02.184,1.0216,1.02205,1.20,1.00
2010.08.02 09:42:02.490,1.0216,1.02205,1.00,1.00
2010.08.02 09:42:03.420,1.02155,1.02195,2.80,1.00
2010.08.02 09:42:03.760,1.02145,1.0219,3.60,1.00
2010.08.02 09:42:04.460,1.02135,1.0218,1.00,1.00
2010.08.02 09:42:04.990,1.0213,1.02175,3.20,1.00
2010.08.02 09:42:05.179,1.0213,1.02175,1.00,1.00
2010.08.02 09:42:06.470,1.0213,1.02175,3.20,1.00
2010.08.02 09:42:11.061,1.02135,1.0218,1.00,1.20
2010.08.02 09:42:11.139,1.02135,1.0218,1.00,1.00
2010.08.02 09:42:11.630,1.0214,1.02185,1.00,1.00
2010.08.02 09:42:12.349,1.0214,1.02185,3.20,1.00
2010.08.02 09:42:12.590,1.02145,1.0219,1.00,2.80
2010.08.02 09:42:12.830,1.02145,1.0219,2.40,2.40
2010.08.02 09:42:13.351,1.0214,1.0218,1.00,2.40
2010.08.02 09:42:13.892,1.0214,1.0218,1.00,1.60
2010.08.02 09:42:14.191,1.0215,1.02195,1.00,3.60
2010.08.02 09:42:14.489,1.0215,1.02195,1.00,1.00
2010.08.02 09:42:14.729,1.02145,1.0218,2.00,1.00
2010.08.02 09:42:15.345,1.02135,1.0218,2.40,2.40
2010.08.02 09:42:17.990,1.02135,1.0218,1.00,1.00
2010.08.02 09:42:18.123,1.0214,1.02185,1.00,3.60
2010.08.02 09:42:18.340,1.0214,1.02185,1.00,1.20
2010.08.02 09:42:18.450,1.0214,1.02185,1.00,1.00
2010.08.02 09:42:21.149,1.02145,1.0219,1.00,5.20
2010.08.02 09:42:21.598,1.02145,1.0219,1.00,4.80
2010.08.02 09:42:21.679,1.02145,1.0219,1.00,1.00
2010.08.02 09:42:22.110,1.02135,1.0218,4.80,2.40
2010.08.02 09:42:22.309,1.02135,1.0218,2.40,2.40
2010.08.02 09:42:23.060,1.0214,1.02185,1.60,1.00
2010.08.02 09:42:23.399,1.0214,1.02185,1.00,1.20
2010.08.02 09:42:24.671,1.02135,1.0218,3.20,1.00
2010.08.02 09:42:24.950,1.02135,1.0218,2.40,2.80
2010.08.02 09:42:25.170,1.0213,1.02175,1.00,1.20
2010.08.02 09:42:26.360,1.0213,1.02175,1.00,1.00
2010.08.02 09:42:27.790,1.0213,1.0217,1.00,1.60
2010.08.02 09:42:28.131,1.02125,1.0217,2.40,2.40
2010.08.02 09:42:28.350,1.0213,1.0217,1.00,1.60
2010.08.02 09:42:28.570,1.0213,1.02175,1.00,1.00
2010.08.02 09:42:29.560,1.02125,1.0216,2.80,2.40
2010.08.02 09:42:29.899,1.02115,1.0216,2.40,2.40
2010.08.02 09:42:30.240,1.0211,1.02155,1.00,1.00
2010.08.02 09:42:30.640,1.02105,1.0215,1.20,1.00
2010.08.02 09:42:30.839,1.02105,1.0215,1.00,1.00
2010.08.02 09:42:31.279,1.0211,1.02155,1.00,1.20
2010.08.02 09:42:31.970,1.02115,1.0216,1.00,1.20
2010.08.02 09:42:32.179,1.02115,1.0216,1.00,1.00
2010.08.02 09:42:36.130,1.0211,1.02155,1.00,1.00
2010.08.02 09:42:36.370,1.02105,1.0215,1.20,1.00
2010.08.02 09:42:36.742,1.02105,1.0215,1.00,2.40
2010.08.02 09:42:36.820,1.02095,1.0214,2.80,2.40
2010.08.02 09:42:36.900,1.02095,1.0214,5.20,2.40
2010.08.02 09:42:36.980,1.021,1.0214,1.00,1.60
2010.08.02 09:42:37.060,1.021,1.02145,1.00,1.20
2010.08.02 09:42:37.400,1.021,1.02145,1.00,1.00
2010.08.02 09:42:38.951,1.02105,1.0215,1.00,2.80
2010.08.02 09:42:39.211,1.02105,1.0214,2.00,1.00
2010.08.02 09:42:39.550,1.02095,1.02135,1.60,2.40
2010.08.02 09:42:39.889,1.02095,1.0213,1.60,1.00
2010.08.02 09:42:40.461,1.02085,1.02125,1.60,1.00
2010.08.02 09:42:40.640,1.0208,1.02125,3.20,1.00
2010.08.02 09:42:40.819,1.02085,1.02125,1.60,1.00
2010.08.02 09:42:41.180,1.0208,1.02125,1.00,1.20
2010.08.02 09:42:41.673,1.0209,1.02125,1.00,1.00
2010.08.02 09:42:41.920,1.02085,1.0213,5.60,1.00
2010.08.02 09:42:42.701,1.0209,1.02135,1.00,1.20
2010.08.02 09:42:42.959,1.0209,1.02135,1.00,1.00
2010.08.02 09:42:44.180,1.02085,1.0213,5.20,2.40
2010.08.02 09:42:44.300,1.02085,1.02125,1.60,1.00
2010.08.02 09:42:44.640,1.02095,1.0213,1.60,2.80
2010.08.02 09:42:45.039,1.02095,1.0213,1.60,1.00
2010.08.02 09:42:45.382,1.02095,1.0213,1.60,1.00
2010.08.02 09:42:45.579,1.0208,1.02125,3.60,1.00
2010.08.02 09:42:45.780,1.02075,1.0212,5.20,1.00
2010.08.02 09:42:45.979,1.02075,1.0212,1.00,1.00
2010.08.02 09:42:49.360,1.0208,1.02125,1.00,1.20
2010.08.02 09:42:49.630,1.02085,1.0213,1.00,1.20
2010.08.02 09:42:49.900,1.02085,1.0213,1.00,1.00
2010.08.02 09:42:52.149,1.0209,1.02135,1.00,1.20
2010.08.02 09:42:52.330,1.02095,1.0214,1.00,1.20
2010.08.02 09:42:52.510,1.0209,1.02135,3.60,1.00
2010.08.02 09:42:52.869,1.0209,1.02135,1.00,1.00
2010.08.02 09:43:04.905,1.0209,1.02135,1.00,3.20
2010.08.02 09:43:05.030,1.02085,1.02125,1.60,2.40
2010.08.02 09:43:14.108,1.02085,1.02125,2.40,1.60
2010.08.02 09:43:14.676,1.02085,1.0213,2.40,1.00
2010.08.02 09:43:16.281,1.02095,1.02135,1.00,2.00
2010.08.02 09:43:16.369,1.02095,1.02135,1.00,1.60
2010.08.02 09:43:16.461,1.021,1.0214,1.60,2.40
2010.08.02 09:43:17.490,1.02105,1.02145,1.60,2.40
2010.08.02 09:43:18.350,1.02095,1.02135,1.60,2.40
2010.08.02 09:43:19.171,1.02105,1.0214,1.60,1.00
2010.08.02 09:43:19.510,1.02105,1.02145,1.60,2.80
2010.08.02 09:43:19.850,1.02105,1.02145,1.60,2.40
2010.08.02 09:43:20.259,1.021,1.02135,1.00,1.60
2010.08.02 09:43:20.602,1.02085,1.02125,1.60,1.60
2010.08.02 09:43:20.800,1.02085,1.02125,2.40,1.60
2010.08.02 09:43:21.000,1.0209,1.02135,1.00,1.00
2010.08.02 09:43:21.495,1.02085,1.0213,4.80,1.00
2010.08.02 09:43:21.690,1.0209,1.02125,1.00,1.60
2010.08.02 09:43:21.890,1.0209,1.02135,1.00,1.00
2010.08.02 09:43:22.209,1.0209,1.0214,1.20,1.60
2010.08.02 09:43:23.081,1.02095,1.0214,1.00,1.60
2010.08.02 09:43:23.341,1.02105,1.02145,2.40,1.00
2010.08.02 09:43:23.946,1.021,1.02145,3.60,2.40
2010.08.02 09:43:24.230,1.02095,1.02145,2.80,2.80
2010.08.02 09:43:28.662,1.02095,1.02135,4.80,1.60
2010.08.02 09:43:28.680,1.02095,1.02135,2.40,1.60
2010.08.02 09:43:28.731,1.02095,1.02135,3.20,1.60
2010.08.02 09:43:28.789,1.02095,1.02135,2.40,1.60
2010.08.02 09:43:29.167,1.02095,1.02145,2.80,3.60
2010.08.02 09:43:29.920,1.02095,1.02135,1.60,1.60
2010.08.02 09:43:30.579,1.02085,1.02125,1.60,2.40
2010.08.02 09:43:30.730,1.02075,1.02125,5.60,1.20
2010.08.02 09:43:30.880,1.02075,1.02115,2.40,1.00
2010.08.02 09:43:31.030,1.0207,1.02115,1.00,1.00
2010.08.02 09:43:31.477,1.0207,1.0212,1.20,1.20
2010.08.02 09:43:31.631,1.02075,1.0212,2.40,1.00
2010.08.02 09:43:31.970,1.0207,1.0212,1.20,1.20
2010.08.02 09:43:32.939,1.02075,1.02125,1.20,5.20
2010.08.02 09:43:33.515,1.02075,1.0212,1.00,1.00
2010.08.02 09:43:33.750,1.0207,1.0212,1.20,1.20
2010.08.02 09:43:36.529,1.0207,1.0211,1.00,1.00
2010.08.02 09:43:36.650,1.0207,1.02105,1.00,1.60
2010.08.02 09:43:36.769,1.02065,1.02105,1.60,1.60
2010.08.02 09:43:36.890,1.0206,1.021,1.20,1.00
2010.08.02 09:43:37.010,1.02055,1.021,3.60,1.00
2010.08.02 09:43:37.129,1.02055,1.021,3.20,1.20
2010.08.02 09:43:38.619,1.0205,1.021,1.20,1.20
2010.08.02 09:43:38.929,1.0205,1.021,3.60,1.20
2010.08.02 09:43:39.709,1.02055,1.021,2.80,1.00
2010.08.02 09:43:40.050,1.02055,1.021,2.40,1.20
2010.08.02 09:43:41.989,1.02055,1.021,3.20,1.00
2010.08.02 09:43:42.071,1.0206,1.02105,2.40,2.80
2010.08.02 09:43:43.989,1.02055,1.02105,5.20,2.80
2010.08.02 09:43:44.210,1.02055,1.021,4.40,1.00
2010.08.02 09:43:44.430,1.02055,1.02105,5.20,2.80
2010.08.02 09:43:44.809,1.02055,1.021,4.40,1.00
2010.08.02 09:43:45.151,1.02055,1.021,3.20,1.20
2010.08.02 09:43:45.670,1.0206,1.021,2.40,1.00
2010.08.02 09:43:45.849,1.0206,1.02105,2.40,1.20
2010.08.02 09:43:48.198,1.02055,1.02105,3.60,1.20
2010.08.02 09:43:50.236,1.02065,1.02115,1.20,3.60
2010.08.02 09:43:50.411,1.0207,1.0212,1.20,1.20
2010.08.02 09:43:50.580,1.0207,1.0212,3.60,1.20
2010.08.02 09:43:51.380,1.02075,1.02125,1.20,1.20
2010.08.02 09:43:51.630,1.0208,1.02125,1.00,1.00
2010.08.02 09:43:51.880,1.0208,1.0213,3.60,1.20
2010.08.02 09:43:53.045,1.0208,1.02125,2.80,1.00
2010.08.02 09:43:53.530,1.0208,1.0213,3.60,1.20
2010.08.02 09:43:53.599,1.02085,1.0213,1.00,1.00
2010.08.02 09:43:53.739,1.0208,1.0213,3.60,1.20
2010.08.02 09:43:55.750,1.02085,1.0213,1.00,1.00
2010.08.02 09:43:56.392,1.0208,1.0213,3.60,1.20
2010.08.02 09:43:56.699,1.02085,1.0213,1.00,1.00
2010.08.02 09:43:56.840,1.02085,1.02135,1.20,1.20
2010.08.02 09:43:57.479,1.0208,1.0213,3.60,1.20
2010.08.02 09:43:58.051,1.02085,1.02135,1.20,1.20
2010.08.02 09:43:58.793,1.02085,1.0213,1.00,1.00
2010.08.02 09:43:59.030,1.0208,1.0213,1.20,1.20
2010.08.02 09:44:00.321,1.0208,1.02125,2.40,1.20
2010.08.02 09:44:00.610,1.0208,1.0213,3.60,1.20
2010.08.02 09:44:00.901,1.02085,1.0213,2.80,1.00
2010.08.02 09:44:01.551,1.02085,1.02135,1.20,1.20
2010.08.02 09:44:07.690,1.02085,1.02135,5.20,1.20
2010.08.02 09:44:08.108,1.0209,1.0214,1.20,1.20
2010.08.02 09:44:08.313,1.02095,1.0214,1.00,1.20
2010.08.02 09:44:08.522,1.0209,1.0214,1.20,1.20
2010.08.02 09:44:10.116,1.0209,1.02135,1.20,1.60
2010.08.02 09:44:10.584,1.0209,1.02135,1.00,2.40
2010.08.02 09:44:10.921,1.0209,1.0214,1.20,1.20
2010.08.02 09:44:19.567,1.02095,1.0214,1.00,1.20
2010.08.02 09:44:19.669,1.02095,1.0214,1.00,1.00
2010.08.02 09:44:21.331,1.0211,1.02155,1.00,1.20
2010.08.02 09:44:21.410,1.02115,1.02155,1.00,1.00
2010.08.02 09:44:21.650,1.02115,1.0216,1.00,1.20
2010.08.02 09:44:21.810,1.02115,1.0216,1.00,1.00
2010.08.02 09:44:24.810,1.0212,1.02165,1.00,1.20
2010.08.02 09:44:25.430,1.02115,1.0216,1.00,1.00
2010.08.02 09:44:27.931,1.0211,1.02155,3.60,1.00
2010.08.02 09:44:28.160,1.0211,1.02155,1.20,1.00
2010.08.02 09:44:28.389,1.0211,1.02155,1.00,1.00
2010.08.02 09:44:30.021,1.02115,1.0216,2.40,1.60
2010.08.02 09:44:30.361,1.02115,1.0216,1.00,1.00
2010.08.02 09:44:33.465,1.0211,1.02155,3.60,1.00
2010.08.02 09:44:34.160,1.0211,1.02155,1.00,1.00
2010.08.02 09:44:42.130,1.02105,1.0215,5.20,1.00
2010.08.02 09:44:42.300,1.0211,1.0215,2.40,1.00
2010.08.02 09:44:42.777,1.02105,1.0215,2.40,1.00
2010.08.02 09:44:42.951,1.0211,1.02155,1.00,1.00
2010.08.02 09:44:51.910,1.02115,1.0216,2.40,1.00
2010.08.02 09:44:57.908,1.0212,1.02165,1.00,2.80
2010.08.02 09:44:58.331,1.0212,1.02165,1.00,1.20
2010.08.02 09:44:58.481,1.0212,1.02165,1.00,1.00
2010.08.02 09:45:02.901,1.02115,1.02155,1.60,1.00
2010.08.02 09:45:03.051,1.0211,1.02155,1.00,1.00
2010.08.02 09:45:05.880,1.0211,1.02155,1.20,2.40
2010.08.02 09:45:06.268,1.0211,1.0215,1.00,1.00
2010.08.02 09:45:06.512,1.0211,1.0215,2.40,1.00
2010.08.02 09:45:06.740,1.02105,1.0215,5.20,1.00
2010.08.02 09:45:07.504,1.02115,1.0216,1.00,1.20
2010.08.02 09:45:07.904,1.02125,1.0216,1.60,1.00
2010.08.02 09:45:08.440,1.02115,1.0216,5.20,1.00
2010.08.02 09:45:09.641,1.02125,1.02165,1.60,1.00
2010.08.02 09:45:12.641,1.02125,1.0216,1.60,1.00
2010.08.02 09:45:12.800,1.0212,1.0216,3.20,1.00
2010.08.02 09:45:12.960,1.02115,1.0216,5.20,1.00
2010.08.02 09:45:14.463,1.02125,1.0217,1.00,1.20
2010.08.02 09:45:14.741,1.0212,1.02165,3.60,1.00
2010.08.02 09:45:17.042,1.02125,1.02165,1.60,1.00
2010.08.02 09:45:20.530,1.02125,1.0216,1.60,1.00
2010.08.02 09:45:20.670,1.02125,1.02155,1.60,1.00
2010.08.02 09:45:21.074,1.02115,1.02155,4.40,1.00
2010.08.02 09:45:21.151,1.02115,1.02155,1.60,1.00
2010.08.02 09:45:21.220,1.0211,1.02155,4.40,1.00
2010.08.02 09:45:21.360,1.0211,1.02155,3.60,1.00
2010.08.02 09:45:21.820,1.02115,1.02155,1.60,1.00
2010.08.02 09:45:22.168,1.02125,1.0217,1.00,1.00
2010.08.02 09:45:22.510,1.02125,1.0217,5.20,1.00
2010.08.02 09:45:25.560,1.0213,1.02175,1.00,1.00
2010.08.02 09:45:26.054,1.02135,1.02175,1.60,1.00
2010.08.02 09:45:27.664,1.02135,1.0218,2.40,1.00
2010.08.02 09:45:27.930,1.02145,1.02175,1.60,1.00
2010.08.02 09:45:28.190,1.02135,1.02175,1.60,1.00
2010.08.02 09:45:28.450,1.02135,1.0217,1.60,1.00
2010.08.02 09:45:29.271,1.0213,1.0217,2.80,1.00
2010.08.02 09:45:29.550,1.02125,1.0216,2.00,1.00
2010.08.02 09:45:29.890,1.02115,1.0216,5.20,1.00
2010.08.02 09:45:36.019,1.02125,1.0217,1.00,1.20
2010.08.02 09:45:36.180,1.02125,1.0217,1.00,1.00
2010.08.02 09:45:36.568,1.0213,1.02175,1.00,1.20
2010.08.02 09:45:36.710,1.0213,1.02175,1.00,1.00
2010.08.02 09:45:39.140,1.02125,1.0216,1.00,1.00
2010.08.02 09:45:39.660,1.0213,1.0217,1.00,2.40
2010.08.02 09:45:39.862,1.02135,1.0218,1.00,1.20
2010.08.02 09:45:40.060,1.0213,1.02175,1.00,1.00
2010.08.02 09:45:41.324,1.02135,1.0218,1.00,1.20
2010.08.02 09:45:41.551,1.02135,1.0218,1.00,1.00
2010.08.02 09:45:41.953,1.0213,1.02175,3.60,1.00
2010.08.02 09:45:42.230,1.02135,1.0218,1.00,1.20
2010.08.02 09:45:42.510,1.02135,1.0218,1.00,1.00
2010.08.02 09:45:43.780,1.0214,1.02185,1.00,1.00
2010.08.02 09:45:44.010,1.02145,1.0219,1.00,1.20
2010.08.02 09:45:44.820,1.02145,1.0219,1.00,1.00
2010.08.02 09:45:49.241,1.0215,1.02195,1.00,5.60
2010.08.02 09:45:49.580,1.0215,1.02195,1.00,1.00
2010.08.02 09:45:49.920,1.02145,1.02185,4.40,1.00
2010.08.02 09:45:50.171,1.02145,1.0219,4.80,1.20
2010.08.02 09:45:50.759,1.02145,1.0219,2.80,1.00
2010.08.02 09:45:50.994,1.02155,1.022,1.00,2.80
2010.08.02 09:45:51.230,1.02155,1.022,1.00,1.20
2010.08.02 09:45:51.459,1.02155,1.022,1.00,1.00
2010.08.02 09:45:51.690,1.0215,1.0219,2.40,1.00
2010.08.02 09:45:52.093,1.02145,1.0219,2.40,2.40
2010.08.02 09:45:52.753,1.0215,1.0219,1.00,1.60
2010.08.02 09:45:53.071,1.0215,1.02195,1.00,1.00
2010.08.02 09:45:55.007,1.02145,1.0219,1.20,1.00
2010.08.02 09:45:55.288,1.02145,1.0219,1.00,1.00
2010.08.02 09:45:55.560,1.0214,1.02185,3.60,1.00
2010.08.02 09:45:55.851,1.02135,1.0218,5.20,1.00
2010.08.02 09:45:56.141,1.0213,1.02175,3.20,1.00
2010.08.02 09:45:56.430,1.0213,1.02175,1.00,1.00
2010.08.02 09:46:10.761,1.02125,1.02165,4.40,1.00
2010.08.02 09:46:10.840,1.02125,1.02165,2.00,1.00
2010.08.02 09:46:10.920,1.02125,1.02165,2.00,2.40
2010.08.02 09:46:11.000,1.02125,1.02165,1.60,2.40
2010.08.02 09:46:15.600,1.02115,1.0216,4.80,1.00
2010.08.02 09:46:15.830,1.02115,1.0216,2.40,1.00
2010.08.02 09:46:23.654,1.0212,1.02165,1.00,5.20
2010.08.02 09:46:23.750,1.0212,1.02165,1.00,4.80
2010.08.02 09:46:23.840,1.02125,1.02165,1.60,2.40
2010.08.02 09:46:25.121,1.0212,1.0216,1.60,2.40
2010.08.02 09:46:25.800,1.02125,1.02165,1.60,2.40
2010.08.02 09:46:26.520,1.0212,1.02165,1.00,2.40
2010.08.02 09:46:28.128,1.02125,1.02165,1.00,1.60
2010.08.02 09:46:28.343,1.02125,1.02165,2.40,1.60
2010.08.02 09:46:28.560,1.02125,1.0217,2.40,1.00
2010.08.02 09:46:30.050,1.0213,1.02175,1.00,4.80
2010.08.02 09:46:30.390,1.02135,1.02175,1.60,2.40
2010.08.02 09:46:34.761,1.02155,1.02175,1.00,1.60
2010.08.02 09:46:35.369,1.02165,1.0218,1.60,1.00
2010.08.02 09:46:35.712,1.0214,1.0217,1.60,1.00
2010.08.02 09:46:36.050,1.0213,1.02175,1.00,5.20
2010.08.02 09:46:36.250,1.02135,1.02175,1.60,2.40
2010.08.02 09:46:36.454,1.02145,1.0218,1.60,2.40
2010.08.02 09:46:37.022,1.02145,1.0219,1.00,1.00
2010.08.02 09:46:37.182,1.0214,1.02185,3.60,1.00
2010.08.02 09:46:37.340,1.0215,1.02195,1.00,1.20
2010.08.02 09:46:37.860,1.0215,1.02195,1.00,1.00
2010.08.02 09:46:38.365,1.02155,1.022,1.00,2.40
2010.08.02 09:46:39.015,1.0218,1.02205,1.00,1.00
2010.08.02 09:46:39.290,1.02175,1.0222,1.20,1.00
2010.08.02 09:46:39.570,1.02175,1.0222,1.00,1.00
2010.08.02 09:46:40.234,1.02175,1.0222,2.40,1.00
2010.08.02 09:46:40.571,1.0217,1.02215,1.00,1.20
2010.08.02 09:46:40.911,1.02165,1.0221,4.00,1.00
2010.08.02 09:46:41.606,1.02165,1.0221,1.00,1.00
2010.08.02 09:46:41.841,1.0217,1.02215,1.00,1.00
2010.08.02 09:46:45.660,1.02165,1.0221,1.00,1.00
2010.08.02 09:46:45.950,1.0217,1.02215,1.00,1.00
2010.08.02 09:46:46.711,1.02165,1.022,1.00,1.00
2010.08.02 09:46:47.390,1.02175,1.0222,1.00,3.20
2010.08.02 09:46:47.650,1.0217,1.02215,1.20,1.00
2010.08.02 09:46:47.910,1.02175,1.0222,1.00,1.20
2010.08.02 09:46:48.170,1.0217,1.02215,1.20,1.00
2010.08.02 09:46:48.564,1.02165,1.0221,2.80,1.00
2010.08.02 09:46:48.831,1.0215,1.02195,1.20,1.00
2010.08.02 09:46:49.369,1.0215,1.02195,1.00,1.00
2010.08.02 09:46:49.972,1.02145,1.0219,2.40,1.00
2010.08.02 09:46:51.401,1.0215,1.02195,1.00,5.20
2010.08.02 09:46:51.616,1.0215,1.02195,1.00,4.80
2010.08.02 09:46:51.709,1.0215,1.02195,1.00,2.40
2010.08.02 09:46:52.133,1.02145,1.0218,2.00,1.00
2010.08.02 09:46:52.231,1.0213,1.02175,4.00,1.00
2010.08.02 09:46:52.430,1.0213,1.02175,3.20,1.00
2010.08.02 09:46:53.030,1.0213,1.02175,1.00,1.00
2010.08.02 09:46:53.408,1.0213,1.02175,3.20,1.00
2010.08.02 09:46:53.741,1.02135,1.0218,1.00,1.00
2010.08.02 09:46:55.370,1.0214,1.02185,1.00,1.20
2010.08.02 09:46:55.996,1.02145,1.0219,1.00,1.20
2010.08.02 09:46:56.330,1.02145,1.0219,1.00,1.00
2010.08.02 09:46:59.102,1.0214,1.02185,3.60,1.00
2010.08.02 09:46:59.321,1.0214,1.02185,1.00,1.00
2010.08.02 09:46:59.868,1.02135,1.0218,1.20,1.00
2010.08.02 09:47:00.211,1.02135,1.0218,1.00,1.00
2010.08.02 09:47:02.272,1.0214,1.02185,1.00,1.00
2010.08.02 09:47:02.961,1.02145,1.0219,1.00,1.00
2010.08.02 09:47:06.458,1.02145,1.0219,3.20,1.00
2010.08.02 09:47:06.700,1.02145,1.0219,1.00,1.00
2010.08.02 09:47:08.681,1.02145,1.0219,3.20,1.00
2010.08.02 09:47:10.285,1.0215,1.02195,1.00,1.20
2010.08.02 09:47:10.547,1.0215,1.02195,1.00,1.00
2010.08.02 09:47:10.792,1.0216,1.022,1.00,1.00
2010.08.02 09:47:11.031,1.0216,1.02205,1.00,1.20
2010.08.02 09:47:11.321,1.0216,1.02205,1.00,1.00
2010.08.02 09:47:12.860,1.02165,1.0221,1.00,1.00
2010.08.02 09:47:14.131,1.02165,1.0221,3.20,1.00
2010.08.02 09:47:14.421,1.0217,1.02215,1.00,1.20
2010.08.02 09:47:14.811,1.02165,1.0221,3.20,1.00
2010.08.02 09:47:15.103,1.02165,1.0221,1.00,1.00
2010.08.02 09:47:16.454,1.0216,1.022,2.80,1.00
2010.08.02 09:47:16.890,1.0216,1.022,2.40,1.00
2010.08.02 09:47:17.611,1.0215,1.02195,3.20,1.00
2010.08.02 09:47:17.900,1.0215,1.02195,1.00,1.00
2010.08.02 09:47:18.373,1.02155,1.022,1.00,1.20
2010.08.02 09:47:18.660,1.02155,1.022,1.00,1.00
2010.08.02 09:47:19.000,1.0215,1.02195,1.20,1.00
2010.08.02 09:47:19.340,1.0215,1.02195,1.00,1.00
2010.08.02 09:47:20.660,1.0215,1.02195,3.20,1.00
2010.08.02 09:47:21.880,1.02155,1.022,1.00,1.20
2010.08.02 09:47:22.180,1.02155,1.022,1.00,1.00
2010.08.02 09:47:23.043,1.0215,1.02195,3.60,1.00
2010.08.02 09:47:23.320,1.0215,1.02195,3.20,1.00
2010.08.02 09:47:26.087,1.0215,1.0219,2.40,1.00
2010.08.02 09:47:26.350,1.02145,1.0219,3.20,1.00
2010.08.02 09:47:27.471,1.0215,1.0219,2.40,1.00
2010.08.02 09:47:29.900,1.0215,1.02195,3.20,1.20
2010.08.02 09:47:30.210,1.0215,1.02195,3.20,1.00
2010.08.02 09:47:31.211,1.0215,1.0219,2.40,1.00
2010.08.02 09:47:31.310,1.02145,1.0219,3.20,1.00
2010.08.02 09:47:31.866,1.0215,1.0219,2.40,1.00
2010.08.02 09:47:33.000,1.02145,1.0219,1.00,1.00
2010.08.02 09:47:33.871,1.02145,1.0219,3.20,1.00
2010.08.02 09:47:34.934,1.02145,1.0218,2.40,1.00
2010.08.02 09:47:35.141,1.0213,1.02175,1.00,1.00
2010.08.02 09:47:36.004,1.0213,1.02175,3.20,1.00
2010.08.02 09:47:38.608,1.02135,1.02175,2.40,1.00
2010.08.02 09:47:39.829,1.0213,1.02175,3.20,1.00
2010.08.02 09:47:41.090,1.0213,1.0217,2.40,1.00
2010.08.02 09:47:41.591,1.02135,1.0217,1.60,1.00
2010.08.02 09:47:42.118,1.02125,1.02165,1.60,1.00
2010.08.02 09:47:42.311,1.02125,1.0217,3.20,1.00
2010.08.02 09:47:44.380,1.0213,1.0217,2.40,1.00
2010.08.02 09:47:59.751,1.0213,1.02175,3.20,1.20
2010.08.02 09:47:59.901,1.0213,1.02175,3.20,1.00
2010.08.02 09:48:03.767,1.02135,1.02175,1.60,1.00
2010.08.02 09:48:03.851,1.02135,1.0218,4.80,1.00
2010.08.02 09:48:07.620,1.0215,1.02185,1.00,1.60
2010.08.02 09:48:07.820,1.02155,1.02185,1.60,1.00
2010.08.02 09:48:08.021,1.0214,1.02185,3.20,1.00
2010.08.02 09:48:13.282,1.02145,1.0219,1.00,1.20
2010.08.02 09:48:13.600,1.02145,1.0219,4.80,1.00
2010.08.02 09:48:14.521,1.0214,1.02185,3.60,1.00
2010.08.02 09:48:14.660,1.0214,1.02185,3.20,1.00
2010.08.02 09:48:15.650,1.0214,1.02185,1.00,2.40
2010.08.02 09:48:16.531,1.02145,1.0219,3.20,1.20
2010.08.02 09:48:16.750,1.02145,1.02185,2.40,2.40
2010.08.02 09:48:17.272,1.0214,1.02185,1.00,2.40
2010.08.02 09:48:17.950,1.02135,1.0218,5.20,1.00
2010.08.02 09:48:18.681,1.02135,1.0218,4.80,1.00
2010.08.02 09:48:19.351,1.02135,1.0218,3.20,1.20
2010.08.02 09:48:19.810,1.02135,1.0218,2.40,1.20
2010.08.02 09:48:20.151,1.02135,1.0218,4.80,1.00
2010.08.02 09:48:21.602,1.02135,1.0218,2.40,1.00
2010.08.02 09:48:23.451,1.02135,1.0218,4.80,1.00
2010.08.02 09:48:26.825,1.02135,1.0218,2.40,1.00
2010.08.02 09:48:28.791,1.02135,1.02175,1.60,1.20
2010.08.02 09:48:29.061,1.02145,1.0219,2.40,1.00
2010.08.02 09:48:29.620,1.0214,1.02185,1.00,1.00
2010.08.02 09:48:30.235,1.02135,1.0218,2.40,1.00
2010.08.02 09:48:31.336,1.02135,1.0217,1.60,1.00
2010.08.02 09:48:31.531,1.0213,1.0217,2.40,1.00
2010.08.02 09:48:31.720,1.02125,1.0217,4.80,1.00
2010.08.02 09:48:32.160,1.02125,1.0217,2.40,1.00
2010.08.02 09:48:32.871,1.02135,1.0218,1.00,1.00
2010.08.02 09:48:34.551,1.0214,1.02185,1.00,1.20
2010.08.02 09:48:34.851,1.02135,1.02175,4.40,1.00
2010.08.02 09:48:35.020,1.02135,1.02175,4.40,2.40
2010.08.02 09:48:35.190,1.02135,1.02175,1.60,2.40
2010.08.02 09:48:35.761,1.02135,1.0217,1.60,1.20
2010.08.02 09:48:36.100,1.02125,1.0217,2.40,1.00
2010.08.02 09:48:39.620,1.02125,1.02165,1.60,1.00
2010.08.02 09:48:39.880,1.02125,1.02165,1.60,2.40
2010.08.02 09:48:41.422,1.02125,1.02165,2.40,1.60
2010.08.02 09:48:41.570,1.02125,1.0217,2.40,1.00
2010.08.02 09:48:47.891,1.0213,1.02175,1.00,2.80
2010.08.02 09:48:48.071,1.0213,1.02175,3.20,1.00
2010.08.02 09:48:48.160,1.02135,1.0218,1.00,2.00
2010.08.02 09:48:48.250,1.02135,1.0218,1.00,1.20
2010.08.02 09:48:48.425,1.02135,1.0218,1.00,1.00
2010.08.02 09:48:52.770,1.02135,1.0218,1.00,1.20
2010.08.02 09:48:58.413,1.0214,1.0218,1.00,1.00
2010.08.02 09:48:58.752,1.0214,1.02185,1.20,4.80
2010.08.02 09:48:59.090,1.0214,1.02185,1.00,4.80
2010.08.02 09:49:05.571,1.02145,1.02185,1.00,4.00
2010.08.02 09:49:07.320,1.0214,1.02185,1.20,4.80
2010.08.02 09:49:07.460,1.0214,1.02185,1.00,4.80
2010.08.02 09:49:16.932,1.02135,1.0217,1.00,1.00
2010.08.02 09:49:17.375,1.0213,1.0217,2.40,1.00
2010.08.02 09:49:17.452,1.02125,1.0217,1.00,1.00
2010.08.02 09:49:17.530,1.02125,1.0217,2.40,1.00
2010.08.02 09:49:25.091,1.0213,1.02175,1.00,3.60
2010.08.02 09:49:25.191,1.0213,1.02175,1.00,3.20
2010.08.02 09:49:25.431,1.02135,1.0218,1.00,3.60
2010.08.02 09:49:25.670,1.02135,1.0218,1.00,3.20
2010.08.02 09:49:27.046,1.02135,1.0218,1.00,3.60
2010.08.02 09:49:27.380,1.02135,1.0218,1.00,1.20
2010.08.02 09:49:29.830,1.02135,1.0218,1.00,1.00
2010.08.02 09:49:31.550,1.0213,1.02175,1.20,1.00
2010.08.02 09:49:31.800,1.0213,1.02175,1.00,2.40
2010.08.02 09:49:33.090,1.02125,1.0216,2.00,1.00
2010.08.02 09:49:33.281,1.02115,1.0216,2.40,1.00
2010.08.02 09:49:33.471,1.0213,1.02165,1.00,1.00
2010.08.02 09:49:34.101,1.02125,1.0217,2.40,1.00
2010.08.02 09:49:34.320,1.02125,1.0217,1.00,1.00
2010.08.02 09:49:39.082,1.0213,1.02175,1.00,5.60
2010.08.02 09:49:39.635,1.0213,1.02175,1.00,3.20
2010.08.02 09:49:39.810,1.02135,1.02175,1.00,2.40
2010.08.02 09:49:45.650,1.0213,1.02175,1.20,3.20
2010.08.02 09:49:45.900,1.02135,1.02175,2.40,2.40
2010.08.02 09:49:46.150,1.02135,1.02175,2.40,1.60
2010.08.02 09:49:53.779,1.02135,1.02175,2.80,1.60
2010.08.02 09:49:53.861,1.02145,1.02185,1.60,3.20
2010.08.02 09:49:54.081,1.02135,1.02175,2.80,1.60
2010.08.02 09:49:54.300,1.02135,1.02175,2.40,1.60
2010.08.02 09:49:57.334,1.02135,1.02175,1.60,2.40
2010.08.02 09:49:59.570,1.02135,1.02175,2.40,1.60
2010.08.02 09:50:00.283,1.02135,1.02175,1.60,2.40
2010.08.02 09:50:01.712,1.02135,1.02175,2.40,1.60
2010.08.02 09:50:02.751,1.02135,1.02175,1.60,2.40
2010.08.02 09:50:05.671,1.02135,1.02175,2.40,1.60
2010.08.02 09:50:15.022,1.02145,1.02175,1.00,1.60
2010.08.02 09:50:15.654,1.02145,1.0219,1.00,1.00
2010.08.02 09:50:15.991,1.02155,1.02195,1.00,2.40
2010.08.02 09:50:17.300,1.0215,1.02195,1.20,3.20
2010.08.02 09:50:17.391,1.02155,1.02195,1.00,2.40
2010.08.02 09:50:18.890,1.0215,1.02195,1.20,3.20
2010.08.02 09:50:19.160,1.0215,1.02195,1.00,3.20
2010.08.02 09:50:19.828,1.0215,1.02195,1.00,1.00
2010.08.02 09:50:21.021,1.02145,1.0219,1.00,3.20
2010.08.02 09:50:22.591,1.0214,1.02185,1.00,3.20
2010.08.02 09:50:22.941,1.02135,1.0218,1.20,1.00
2010.08.02 09:50:23.051,1.02135,1.0218,1.00,3.20
2010.08.02 09:50:24.171,1.0214,1.02185,1.00,3.60
2010.08.02 09:50:24.766,1.02145,1.02185,1.00,1.00
2010.08.02 09:50:25.081,1.0216,1.02205,1.00,1.00
2010.08.02 09:50:27.041,1.02165,1.0221,1.00,1.00
2010.08.02 09:50:28.132,1.02155,1.022,1.00,1.00
2010.08.02 09:50:29.277,1.0215,1.02195,3.60,1.00
2010.08.02 09:50:29.562,1.0215,1.02195,1.00,1.00
2010.08.02 09:50:33.041,1.02145,1.0219,1.20,1.00
2010.08.02 09:50:33.502,1.0215,1.02195,1.00,1.20
2010.08.02 09:50:33.790,1.0215,1.02195,1.00,1.00
2010.08.02 09:50:40.790,1.02155,1.022,2.40,2.80
2010.08.02 09:50:40.970,1.02155,1.022,2.40,2.40
2010.08.02 09:50:44.202,1.0216,1.02205,1.00,1.00
2010.08.02 09:51:02.690,1.02155,1.022,2.80,2.40
2010.08.02 09:51:02.850,1.02155,1.022,2.40,2.40
2010.08.02 09:51:09.871,1.0216,1.022,1.00,1.60
2010.08.02 09:51:10.081,1.02165,1.022,1.60,1.60
2010.08.02 09:51:11.991,1.02165,1.02205,1.60,1.00
2010.08.02 09:51:12.171,1.02165,1.022,1.60,1.60
2010.08.02 09:51:12.761,1.02165,1.0221,2.40,2.40
2010.08.02 09:51:14.251,1.0217,1.02215,1.00,1.00
2010.08.02 09:51:14.440,1.0217,1.02215,1.20,1.00
2010.08.02 09:51:15.131,1.0217,1.02215,1.00,1.00
2010.08.02 09:51:15.320,1.02165,1.0221,1.20,1.00
2010.08.02 09:51:15.661,1.02165,1.0221,1.00,1.00
2010.08.02 09:51:21.102,1.02165,1.0221,1.00,2.40
2010.08.02 09:51:21.330,1.0216,1.02205,1.60,1.00
2010.08.02 09:51:21.764,1.0216,1.02205,1.00,1.00
2010.08.02 09:51:33.920,1.02165,1.0221,1.00,5.20
2010.08.02 09:51:34.481,1.02165,1.0221,1.00,1.00
2010.08.02 09:51:36.260,1.02175,1.02215,2.40,1.00
2010.08.02 09:51:36.744,1.0217,1.02215,4.00,1.20
2010.08.02 09:51:37.082,1.0217,1.02215,1.00,1.00
2010.08.02 09:51:37.631,1.02165,1.0221,1.00,1.00
2010.08.02 09:51:38.500,1.02175,1.02215,1.00,1.00
2010.08.02 09:51:38.943,1.02175,1.0222,1.00,2.40
2010.08.02 09:51:39.141,1.02175,1.0222,2.40,2.40
2010.08.02 09:51:42.969,1.02175,1.02215,1.60,1.00
2010.08.02 09:51:43.155,1.0217,1.02215,1.00,1.00
2010.08.02 09:51:43.281,1.02165,1.0221,1.20,1.00
2010.08.02 09:51:43.410,1.0217,1.02215,1.00,1.00
2010.08.02 09:51:43.540,1.0217,1.02215,1.00,1.20
2010.08.02 09:51:43.671,1.0216,1.02205,3.60,1.00
2010.08.02 09:51:43.801,1.0216,1.02205,1.20,1.00
2010.08.02 09:51:44.330,1.0216,1.02205,1.00,1.00
2010.08.02 09:51:45.971,1.02155,1.022,2.40,2.40
2010.08.02 09:51:46.291,1.0216,1.022,1.00,1.60
2010.08.02 09:51:46.610,1.0216,1.02205,1.00,1.00
2010.08.02 09:51:50.402,1.02175,1.02205,1.60,1.00
2010.08.02 09:51:50.642,1.02165,1.022,2.80,2.40
2010.08.02 09:51:50.881,1.02155,1.022,2.40,2.40
2010.08.02 09:51:51.071,1.02155,1.022,2.40,1.00
2010.08.02 09:51:51.261,1.0216,1.02205,1.00,1.20
2010.08.02 09:51:51.767,1.0216,1.02205,1.00,1.00
2010.08.02 09:51:53.813,1.02165,1.0221,1.00,2.80
2010.08.02 09:51:54.416,1.02165,1.0221,2.40,2.40
2010.08.02 09:51:54.521,1.0216,1.02205,1.00,1.00
2010.08.02 09:51:55.344,1.02165,1.0221,1.00,2.80
2010.08.02 09:51:55.657,1.02165,1.0221,1.00,1.00
2010.08.02 09:51:57.072,1.0217,1.02215,1.00,1.20
2010.08.02 09:51:57.471,1.02175,1.0222,1.00,2.80
2010.08.02 09:51:57.610,1.02175,1.0222,1.00,1.00
2010.08.02 09:52:02.194,1.0218,1.02225,1.00,1.20
2010.08.02 09:52:02.308,1.0218,1.02225,1.00,1.00
2010.08.02 09:52:05.834,1.0218,1.0222,1.00,1.60
2010.08.02 09:52:06.160,1.02175,1.0222,1.00,2.40
2010.08.02 09:52:06.645,1.02175,1.0222,1.00,4.80
2010.08.02 09:52:07.243,1.0218,1.0222,1.00,4.00
2010.08.02 09:52:07.361,1.0218,1.0222,1.00,2.40
2010.08.02 09:52:07.480,1.0218,1.02225,1.00,1.00
2010.08.02 09:52:11.771,1.0218,1.0222,1.00,1.60
2010.08.02 09:52:11.973,1.02175,1.0222,1.00,4.80
2010.08.02 09:52:14.416,1.0217,1.02215,1.20,1.00
2010.08.02 09:52:15.070,1.0217,1.02215,1.00,1.00
2010.08.02 09:52:15.381,1.02175,1.0222,1.00,4.80
2010.08.02 09:52:16.422,1.02185,1.0222,1.00,4.00
2010.08.02 09:52:16.692,1.02185,1.0222,1.00,1.60
2010.08.02 09:52:16.961,1.0218,1.0222,1.00,1.60
2010.08.02 09:52:25.111,1.02185,1.0222,1.00,1.60
2010.08.02 09:52:41.705,1.0219,1.0222,1.00,1.60
2010.08.02 09:52:41.931,1.02185,1.0222,1.20,1.60
2010.08.02 09:52:42.161,1.02185,1.0222,1.00,1.60
2010.08.02 09:52:45.324,1.0218,1.0222,1.20,1.60
2010.08.02 09:52:45.531,1.0218,1.0222,1.20,2.40
2010.08.02 09:52:45.741,1.0218,1.0221,1.00,1.60
2010.08.02 09:52:52.821,1.0217,1.0221,1.20,1.60
2010.08.02 09:52:53.051,1.0217,1.0221,1.00,1.60
2010.08.02 09:53:00.741,1.02175,1.0221,1.00,1.60
2010.08.02 09:53:02.150,1.0217,1.0221,1.20,1.60
2010.08.02 09:53:02.381,1.0217,1.0221,1.00,1.60
2010.08.02 09:53:02.473,1.02175,1.0221,1.00,1.60
2010.08.02 09:53:06.128,1.0218,1.0221,1.00,1.60
2010.08.02 09:53:06.452,1.0218,1.02215,1.00,1.60
2010.08.02 09:53:07.917,1.02175,1.02215,2.80,1.60
2010.08.02 09:53:08.111,1.02175,1.02215,2.40,4.80
2010.08.02 09:53:08.300,1.02175,1.0221,1.00,1.60
2010.08.02 09:53:14.423,1.0217,1.02205,1.00,1.00
2010.08.02 09:53:15.031,1.0217,1.0221,1.00,1.60
2010.08.02 09:53:15.663,1.02175,1.0221,1.00,1.60
2010.08.02 09:53:16.001,1.02175,1.0221,1.20,1.60
2010.08.02 09:53:16.781,1.02175,1.0221,1.00,1.60
2010.08.02 09:53:17.196,1.0218,1.0221,1.00,1.60
2010.08.02 09:53:17.941,1.0218,1.02215,1.00,1.60
2010.08.02 09:53:18.872,1.02185,1.0222,2.40,1.60
2010.08.02 09:53:19.151,1.02185,1.0223,2.40,2.40
2010.08.02 09:53:20.241,1.02185,1.0223,5.20,1.00
2010.08.02 09:53:20.580,1.02185,1.0223,2.40,2.40
2010.08.02 09:53:25.012,1.02195,1.02225,1.60,1.00
2010.08.02 09:53:25.494,1.02185,1.02225,2.40,2.40
2010.08.02 09:53:25.632,1.02185,1.02225,2.40,1.60
2010.08.02 09:53:25.771,1.02185,1.0223,2.40,2.40
2010.08.02 09:53:26.112,1.0218,1.0221,1.00,1.60
2010.08.02 09:53:26.451,1.0218,1.02225,1.00,1.00
2010.08.02 09:53:27.650,1.02185,1.0223,2.40,5.20
2010.08.02 09:53:27.860,1.02185,1.0223,2.40,2.40
2010.08.02 09:53:28.371,1.0219,1.0223,1.00,1.60
2010.08.02 09:53:28.530,1.02185,1.0223,5.20,1.00
2010.08.02 09:53:28.691,1.02185,1.0223,2.40,2.40
2010.08.02 09:53:29.156,1.02185,1.02225,1.60,1.00
2010.08.02 09:53:29.421,1.0218,1.02225,1.00,1.00
2010.08.02 09:53:30.361,1.022,1.0223,1.00,4.40
2010.08.02 09:53:30.541,1.02205,1.02245,1.60,2.40
2010.08.02 09:53:30.721,1.02205,1.0224,1.60,1.60
2010.08.02 09:53:31.199,1.02205,1.0224,1.60,2.40
2010.08.02 09:53:31.412,1.02185,1.0223,2.40,2.40
2010.08.02 09:53:31.831,1.02185,1.02225,1.60,1.00
2010.08.02 09:53:32.895,1.0218,1.02225,1.20,1.00
2010.08.02 09:53:33.162,1.0218,1.02225,1.00,1.00
2010.08.02 09:54:15.442,1.02175,1.0222,5.20,1.00
2010.08.02 09:54:16.366,1.02175,1.0222,2.80,1.00
2010.08.02 09:54:16.708,1.02175,1.0221,1.60,1.60
2010.08.02 09:54:17.041,1.02175,1.0221,2.40,1.60
2010.08.02 09:54:17.382,1.0218,1.0222,1.00,1.60
2010.08.02 09:54:18.024,1.0218,1.02225,1.00,1.00
2010.08.02 09:54:19.531,1.02175,1.0222,1.20,1.00
2010.08.02 09:54:20.214,1.02175,1.0222,1.00,1.00
2010.08.02 09:54:28.492,1.02175,1.02215,1.00,1.60
2010.08.02 09:54:28.567,1.0217,1.02215,3.60,2.40
2010.08.02 09:54:28.647,1.0217,1.02215,3.20,2.80
2010.08.02 09:54:28.721,1.0217,1.0221,2.40,1.00
2010.08.02 09:54:28.801,1.02165,1.0221,4.80,1.00
2010.08.02 09:54:28.858,1.02165,1.0221,5.20,1.00
2010.08.02 09:54:28.891,1.02165,1.0221,4.80,1.00
2010.08.02 09:54:28.930,1.02165,1.0221,1.00,1.00
2010.08.02 09:54:30.971,1.0217,1.02215,1.00,1.20
2010.08.02 09:54:31.160,1.0217,1.02215,1.00,1.00
2010.08.02 09:54:37.764,1.02175,1.0222,1.00,1.20
2010.08.02 09:54:38.101,1.02175,1.0222,1.00,1.00
2010.08.02 09:54:38.270,1.0217,1.02215,3.60,1.00
2010.08.02 09:54:38.501,1.0217,1.02215,1.00,1.00
2010.08.02 09:54:44.171,1.02165,1.02205,1.00,1.00
2010.08.02 09:54:44.341,1.0216,1.02205,1.00,1.00
2010.08.02 09:54:46.032,1.02155,1.022,1.00,1.00
2010.08.02 09:54:46.171,1.0216,1.02205,1.00,1.00
2010.08.02 09:54:46.311,1.02165,1.0221,1.00,1.20
2010.08.02 09:54:46.651,1.02165,1.0221,1.00,1.00
2010.08.02 09:54:47.402,1.02155,1.02195,1.00,1.00
2010.08.02 09:54:47.501,1.02155,1.022,1.20,1.00
2010.08.02 09:54:47.601,1.02155,1.022,1.00,1.00
2010.08.02 09:54:48.332,1.0216,1.02205,1.00,1.20
2010.08.02 09:54:48.671,1.0216,1.02205,1.00,1.00
2010.08.02 09:54:50.211,1.02155,1.02195,1.00,1.00
2010.08.02 09:54:50.711,1.02145,1.0219,2.40,1.00
2010.08.02 09:54:50.850,1.02145,1.0219,1.00,1.00
2010.08.02 09:54:55.231,1.0215,1.02195,1.00,1.20
2010.08.02 09:54:55.471,1.0215,1.02195,1.00,1.00
2010.08.02 09:54:58.192,1.02145,1.0219,1.00,1.00
2010.08.02 09:55:00.061,1.0214,1.02185,3.20,1.00
2010.08.02 09:55:00.210,1.0214,1.02185,1.00,1.00
2010.08.02 09:55:00.361,1.02135,1.0218,1.20,1.00
2010.08.02 09:55:00.512,1.02135,1.0218,1.00,1.00
2010.08.02 09:55:01.541,1.02145,1.0218,1.60,1.00
2010.08.02 09:55:01.881,1.02135,1.0218,1.00,1.00
2010.08.02 09:55:02.431,1.02135,1.0218,1.00,1.20
2010.08.02 09:55:05.652,1.02145,1.0218,1.00,1.00
2010.08.02 09:55:05.991,1.02145,1.02185,1.00,1.00
2010.08.02 09:55:10.551,1.02145,1.0218,1.00,1.00
2010.08.02 09:55:12.190,1.02145,1.02185,1.00,1.00
2010.08.02 09:55:15.881,1.02145,1.0219,1.00,1.20
2010.08.02 09:55:16.011,1.02135,1.0218,1.20,1.00
2010.08.02 09:55:16.301,1.0214,1.02185,1.00,1.00
2010.08.02 09:55:21.561,1.02145,1.0219,1.00,1.20
2010.08.02 09:55:21.771,1.02145,1.0219,1.00,1.00
2010.08.02 09:55:24.127,1.02145,1.0219,1.20,1.00
2010.08.02 09:55:24.794,1.0215,1.0219,2.40,1.00
2010.08.02 09:55:25.041,1.02155,1.0219,2.00,1.00
2010.08.02 09:55:25.221,1.02145,1.0219,3.60,1.00
2010.08.02 09:55:25.732,1.0215,1.0219,1.00,1.00
2010.08.02 09:55:27.074,1.02155,1.0219,1.00,1.00
2010.08.02 09:55:27.631,1.02155,1.022,1.20,1.00
2010.08.02 09:55:28.122,1.02155,1.022,1.00,1.00
2010.08.02 09:55:48.111,1.02155,1.022,1.00,1.20
2010.08.02 09:55:51.622,1.02155,1.022,1.00,1.00
2010.08.02 09:56:02.272,1.02155,1.022,2.40,1.00
2010.08.02 09:56:02.351,1.0216,1.02205,1.00,1.00
2010.08.02 09:56:38.921,1.0216,1.02205,3.20,1.00
2010.08.02 09:56:39.742,1.0217,1.02215,1.00,1.00
2010.08.02 09:56:50.301,1.02165,1.0221,1.00,1.00
2010.08.02 09:56:50.961,1.0217,1.02215,1.00,1.20
2010.08.02 09:56:51.589,1.0217,1.02215,1.00,1.00
2010.08.02 09:56:51.871,1.02165,1.0221,5.20,1.00
2010.08.02 09:56:52.042,1.02165,1.0221,3.20,1.00
2010.08.02 09:56:54.761,1.0217,1.02215,3.20,1.00
2010.08.02 09:56:56.601,1.0218,1.0222,1.00,2.00
2010.08.02 09:56:56.791,1.02185,1.0222,1.60,1.60
2010.08.02 09:56:57.347,1.0218,1.0222,1.00,1.60
2010.08.02 09:56:57.583,1.02175,1.0222,1.00,1.00
2010.08.02 09:56:59.870,1.02185,1.02225,1.00,1.00
2010.08.02 09:57:00.100,1.02185,1.02225,2.40,1.00
2010.08.02 09:57:00.578,1.02185,1.0223,2.40,2.80
2010.08.02 09:57:00.782,1.02185,1.0223,1.00,1.00
2010.08.02 09:57:01.711,1.02185,1.0223,3.20,1.00
2010.08.02 09:57:02.821,1.0219,1.02235,1.00,1.20
2010.08.02 09:57:03.021,1.02195,1.02235,1.00,1.00
2010.08.02 09:57:03.221,1.02195,1.0224,1.00,2.80
2010.08.02 09:57:03.642,1.02195,1.0224,1.00,1.00
2010.08.02 09:57:04.282,1.0219,1.02235,1.00,1.00
2010.08.02 09:57:06.349,1.02185,1.0223,1.00,1.00
2010.08.02 09:57:07.022,1.02185,1.0223,3.20,1.00
2010.08.02 09:57:07.241,1.0219,1.02235,1.00,1.00
2010.08.02 09:57:09.863,1.02195,1.0224,5.60,1.00
2010.08.02 09:57:22.835,1.022,1.02245,1.00,1.20
2010.08.02 09:57:23.221,1.022,1.02245,1.00,1.00
2010.08.02 09:57:25.201,1.02205,1.0225,1.00,5.20
2010.08.02 09:57:25.331,1.02205,1.0225,1.00,2.40
2010.08.02 09:57:25.789,1.022,1.0225,3.60,1.00
2010.08.02 09:57:25.921,1.022,1.0225,1.20,1.20
2010.08.02 09:57:26.901,1.022,1.02245,1.00,1.00
2010.08.02 09:57:30.601,1.02205,1.0225,2.40,5.20
2010.08.02 09:57:30.791,1.02205,1.0225,2.40,2.40
2010.08.02 09:57:31.821,1.022,1.02245,1.00,1.00
2010.08.02 09:57:47.291,1.02195,1.0224,4.80,1.00
2010.08.02 09:57:47.401,1.02195,1.0224,2.40,1.00
2010.08.02 09:57:47.511,1.02195,1.0224,2.40,2.40
2010.08.02 09:57:49.031,1.022,1.0224,1.00,1.60
2010.08.02 09:57:49.191,1.02205,1.0224,1.60,1.60
2010.08.02 09:58:04.442,1.02195,1.0224,2.40,2.40
2010.08.02 09:58:06.021,1.02195,1.0224,4.80,2.40
2010.08.02 09:58:09.992,1.02195,1.02235,4.00,1.00
2010.08.02 09:58:10.291,1.02195,1.0223,1.60,1.60
2010.08.02 09:58:11.127,1.02195,1.0224,4.80,2.40
2010.08.02 09:58:12.723,1.02185,1.0223,4.80,2.40
2010.08.02 09:58:13.173,1.0219,1.02235,3.20,1.00
2010.08.02 09:58:20.492,1.02195,1.0224,3.20,2.80
2010.08.02 09:58:20.631,1.02195,1.0223,1.60,1.60
2010.08.02 09:58:21.181,1.0219,1.02235,3.20,1.00
2010.08.02 09:58:26.331,1.02185,1.0223,5.20,1.00
2010.08.02 09:58:26.657,1.0218,1.02225,3.20,1.00
2010.08.02 09:58:27.376,1.0218,1.02225,1.00,1.00
2010.08.02 09:58:30.388,1.0218,1.02225,3.20,1.00
2010.08.02 09:58:32.403,1.0219,1.02235,1.00,1.00
2010.08.02 09:58:34.536,1.02195,1.0224,1.00,2.80
2010.08.02 09:58:34.721,1.02195,1.0224,2.40,2.40
2010.08.02 09:58:35.282,1.0219,1.02235,4.00,1.00
2010.08.02 09:58:35.462,1.0219,1.0223,2.40,2.40
2010.08.02 09:58:36.012,1.02185,1.0223,2.40,2.40
2010.08.02 09:58:36.352,1.02185,1.0222,4.80,1.60
2010.08.02 09:58:36.692,1.02195,1.02225,1.60,1.00
2010.08.02 09:58:37.412,1.02185,1.02225,1.60,1.00
2010.08.02 09:58:37.715,1.02185,1.0223,2.40,2.80
2010.08.02 09:58:39.742,1.02185,1.02225,1.60,1.00
2010.08.02 09:58:42.731,1.02185,1.0223,2.40,2.40
2010.08.02 09:58:58.627,1.02175,1.0222,2.40,2.40
2010.08.02 09:59:00.452,1.0218,1.0222,1.00,1.60
2010.08.02 09:59:00.611,1.0218,1.02225,1.00,1.00
2010.08.02 09:59:14.172,1.02175,1.0222,4.80,1.00
2010.08.02 09:59:14.331,1.02175,1.0222,2.40,2.40
2010.08.02 09:59:24.722,1.02175,1.0221,1.60,1.60
2010.08.02 09:59:25.061,1.02175,1.02215,1.60,1.00
2010.08.02 09:59:25.673,1.02165,1.0221,2.40,2.40
2010.08.02 09:59:26.261,1.02165,1.0221,2.80,2.40
2010.08.02 09:59:26.712,1.02165,1.0221,2.40,2.40
2010.08.02 09:59:27.762,1.02165,1.02205,1.60,1.00
2010.08.02 09:59:28.052,1.0216,1.02205,1.00,1.00
2010.08.02 09:59:37.061,1.02165,1.0221,1.00,2.80
2010.08.02 09:59:37.281,1.02165,1.0221,2.40,2.40
2010.08.02 09:59:41.191,1.02165,1.02205,1.60,1.00
2010.08.02 09:59:41.481,1.0216,1.02205,1.00,1.00
2010.08.02 09:59:43.351,1.0217,1.0221,1.00,1.60
2010.08.02 09:59:43.602,1.02175,1.0221,1.60,1.60
2010.08.02 09:59:51.062,1.02175,1.0221,2.40,1.60
2010.08.02 09:59:51.271,1.02175,1.0222,2.40,2.40
2010.08.02 09:59:54.792,1.02175,1.0222,2.40,4.80
2010.08.02 09:59:58.122,1.02175,1.0222,2.40,2.40
2010.08.02 09:59:58.264,1.0218,1.0222,1.00,1.60
2010.08.02 09:59:58.755,1.0218,1.02225,1.00,3.60
2010.08.02 09:59:58.892,1.0218,1.02225,1.00,3.20
