2012.02.07 08:00:00.552,0.92144,0.92176,2.25,2.25
2012.02.07 08:00:01.168,0.92144,0.92173,2.25,1.50
2012.02.07 08:00:01.287,0.92127,0.92155,2.25,2.25
2012.02.07 08:00:01.454,0.92132,0.9216,2.25,2.25
2012.02.07 08:00:01.735,0.92129,0.92158,2.25,2.25
2012.02.07 08:00:02.070,0.92132,0.92163,2.25,2.25
2012.02.07 08:00:02.130,0.92133,0.92161,2.25,2.25
2012.02.07 08:00:03.027,0.92132,0.92164,2.25,2.25
2012.02.07 08:00:03.247,0.92133,0.92162,2.25,2.25
2012.02.07 08:00:03.803,0.92132,0.92165,2.25,2.25
2012.02.07 08:00:05.049,0.9213,0.92163,2.25,2.25
2012.02.07 08:00:05.960,0.92132,0.92165,2.25,2.63
2012.02.07 08:00:06.191,0.92128,0.92162,2.25,2.25
2012.02.07 08:00:06.250,0.92128,0.92164,2.25,2.25
2012.02.07 08:00:07.539,0.92123,0.92159,2.63,2.25
2012.02.07 08:00:07.896,0.92128,0.92163,2.25,2.25
2012.02.07 08:00:08.225,0.92109,0.92146,2.25,2.25
2012.02.07 08:00:08.904,0.92111,0.92145,3.00,2.25
2012.02.07 08:00:09.033,0.92125,0.92163,2.25,2.63
2012.02.07 08:00:10.530,0.92129,0.92168,2.25,2.63
2012.02.07 08:00:11.222,0.92126,0.92162,2.25,2.25
2012.02.07 08:00:11.811,0.9212,0.92159,2.63,2.25
2012.02.07 08:00:12.911,0.9212,0.92159,2.25,2.25
2012.02.07 08:00:13.940,0.92121,0.92157,2.25,2.25
2012.02.07 08:00:14.331,0.92125,0.92157,2.25,2.25
2012.02.07 08:00:14.653,0.92123,0.92158,2.25,2.25
2012.02.07 08:00:16.211,0.92127,0.92158,2.25,2.25
2012.02.07 08:00:16.656,0.92125,0.92158,2.25,2.25
2012.02.07 08:00:17.070,0.92121,0.92158,2.25,2.25
2012.02.07 08:00:18.109,0.92123,0.92157,2.25,2.25
2012.02.07 08:00:19.067,0.92123,0.92158,2.25,2.63
2012.02.07 08:00:20.470,0.9212,0.92158,2.25,2.63
2012.02.07 08:00:21.030,0.9212,0.92158,2.25,2.63
2012.02.07 08:00:21.944,0.92119,0.92156,2.25,2.63
2012.02.07 08:00:22.356,0.92121,0.92155,2.25,2.63
2012.02.07 08:00:22.950,0.92119,0.92156,2.25,2.63
2012.02.07 08:00:24.023,0.92121,0.92156,2.25,2.63
2012.02.07 08:00:25.558,0.92125,0.92157,2.25,2.63
2012.02.07 08:00:25.621,0.9212,0.92154,2.25,2.63
2012.02.07 08:00:26.764,0.92123,0.92153,2.25,2.25
2012.02.07 08:00:27.975,0.92122,0.92153,2.25,2.25
2012.02.07 08:00:31.046,0.9212,0.92154,2.25,2.25
2012.02.07 08:00:32.252,0.92125,0.92157,2.25,2.63
2012.02.07 08:00:35.054,0.92122,0.92154,2.25,2.25
2012.02.07 08:00:35.992,0.92123,0.92154,2.25,2.25
2012.02.07 08:00:36.977,0.92125,0.92154,2.25,2.25
2012.02.07 08:00:37.032,0.92113,0.92165,3.00,3.00
2012.02.07 08:00:37.650,0.92113,0.92165,3.00,2.25
2012.02.07 08:00:38.829,0.92113,0.92165,3.00,3.00
2012.02.07 08:00:40.696,0.92117,0.92162,1.35,2.10
2012.02.07 08:00:42.234,0.92113,0.92159,3.60,2.10
2012.02.07 08:00:42.879,0.92112,0.92159,1.35,2.48
2012.02.07 08:00:44.950,0.92113,0.92159,1.35,2.10
2012.02.07 08:00:46.143,0.92113,0.92159,1.35,2.48
2012.02.07 08:00:47.808,0.9211,0.9216,1.35,3.23
2012.02.07 08:00:47.872,0.9211,0.9216,1.35,3.23
2012.02.07 08:00:48.544,0.92112,0.92157,1.13,2.25
2012.02.07 08:00:49.218,0.92113,0.92163,2.63,2.10
2012.02.07 08:00:49.281,0.92113,0.92163,3.23,1.50
2012.02.07 08:00:49.339,0.92114,0.92163,1.35,1.13
2012.02.07 08:00:50.025,0.92114,0.9216,1.35,2.25
2012.02.07 08:00:50.294,0.92117,0.92167,3.98,1.35
2012.02.07 08:00:52.699,0.92112,0.92163,7.80,1.13
2012.02.07 08:00:53.619,0.92113,0.92163,1.35,1.13
2012.02.07 08:00:58.040,0.92114,0.92163,1.35,1.13
2012.02.07 08:00:58.898,0.92112,0.92163,5.48,1.13
2012.02.07 08:01:02.182,0.92115,0.92163,1.35,1.13
2012.02.07 08:01:03.451,0.92116,0.92163,1.35,1.13
2012.02.07 08:01:04.542,0.92114,0.92167,1.35,3.60
2012.02.07 08:01:06.618,0.92115,0.92164,1.35,1.73
2012.02.07 08:01:07.524,0.92115,0.92161,1.35,2.48
2012.02.07 08:01:12.825,0.92117,0.92163,2.48,1.73
2012.02.07 08:01:15.559,0.92122,0.92164,1.73,2.10
2012.02.07 08:01:16.523,0.92117,0.92157,2.85,2.10
2012.02.07 08:01:16.892,0.92117,0.92164,1.35,2.85
2012.02.07 08:01:17.993,0.92123,0.92164,2.10,1.35
2012.02.07 08:01:22.309,0.9213,0.92168,2.48,1.35
2012.02.07 08:01:23.164,0.92127,0.92168,1.35,2.10
2012.02.07 08:01:23.221,0.92125,0.92168,1.35,2.10
2012.02.07 08:01:24.186,0.92134,0.92162,2.25,2.25
2012.02.07 08:01:25.998,0.92129,0.92159,2.63,2.25
2012.02.07 08:01:26.742,0.92129,0.92159,2.25,2.25
2012.02.07 08:01:26.941,0.92133,0.92163,2.25,2.25
2012.02.07 08:01:30.025,0.92139,0.92167,2.25,2.85
2012.02.07 08:01:30.152,0.92139,0.92167,2.25,2.25
2012.02.07 08:01:31.215,0.92134,0.92162,2.63,2.25
2012.02.07 08:01:32.761,0.92129,0.92159,3.23,2.25
2012.02.07 08:01:32.886,0.92129,0.92159,2.85,2.25
2012.02.07 08:01:33.105,0.92125,0.92153,2.25,2.25
2012.02.07 08:01:39.339,0.92129,0.92159,2.25,2.25
2012.02.07 08:01:44.297,0.92124,0.92154,2.63,2.25
2012.02.07 08:01:44.621,0.92124,0.92154,2.25,2.25
2012.02.07 08:01:48.804,0.9213,0.92158,2.25,2.25
2012.02.07 08:01:49.514,0.92124,0.92154,2.25,2.25
2012.02.07 08:01:51.645,0.92129,0.92159,2.25,2.25
2012.02.07 08:01:56.891,0.92131,0.92159,2.25,2.85
2012.02.07 08:01:56.957,0.92131,0.92159,2.25,2.85
2012.02.07 08:01:57.022,0.92126,0.92154,3.23,2.25
2012.02.07 08:01:57.330,0.92134,0.92166,2.25,2.25
2012.02.07 08:01:58.034,0.92135,0.92166,2.25,2.25
2012.02.07 08:02:04.690,0.92139,0.9217,2.25,2.25
2012.02.07 08:02:05.480,0.92142,0.92171,2.25,2.25
2012.02.07 08:02:05.562,0.92139,0.92171,2.25,2.25
2012.02.07 08:02:05.721,0.92136,0.92169,2.25,2.25
2012.02.07 08:02:06.083,0.92134,0.9217,2.63,2.25
2012.02.07 08:02:07.641,0.9214,0.92172,2.25,2.25
2012.02.07 08:02:07.706,0.92135,0.92168,2.25,2.25
2012.02.07 08:02:07.895,0.92133,0.92168,2.63,2.25
2012.02.07 08:02:08.139,0.92135,0.92168,2.25,2.25
2012.02.07 08:02:08.501,0.92141,0.9217,2.25,2.25
2012.02.07 08:02:08.887,0.92141,0.92168,2.25,2.25
2012.02.07 08:02:09.582,0.9214,0.92169,2.25,2.25
2012.02.07 08:02:11.750,0.9214,0.92169,4.35,2.25
2012.02.07 08:02:11.873,0.92143,0.92174,2.85,2.25
2012.02.07 08:02:12.221,0.92145,0.9218,2.25,4.73
2012.02.07 08:02:12.514,0.9214,0.92174,4.35,2.25
2012.02.07 08:02:12.571,0.9214,0.92176,4.35,2.25
2012.02.07 08:02:13.334,0.9214,0.92176,2.25,2.25
2012.02.07 08:02:14.077,0.92139,0.92176,2.25,2.25
2012.02.07 08:02:14.663,0.92139,0.92175,2.25,2.25
2012.02.07 08:02:15.303,0.92138,0.92175,2.63,2.25
2012.02.07 08:02:15.367,0.92143,0.92178,2.25,2.25
2012.02.07 08:02:15.702,0.92142,0.92175,2.25,2.25
2012.02.07 08:02:16.510,0.92137,0.9217,3.23,2.25
2012.02.07 08:02:17.140,0.92138,0.9217,2.10,2.25
2012.02.07 08:02:17.214,0.92147,0.92176,2.25,2.25
2012.02.07 08:02:17.376,0.92146,0.92174,2.25,2.25
2012.02.07 08:02:17.503,0.92146,0.92176,2.25,2.25
2012.02.07 08:02:17.705,0.92144,0.92174,3.23,2.25
2012.02.07 08:02:18.156,0.92146,0.92174,2.25,2.25
2012.02.07 08:02:19.055,0.92145,0.92173,2.25,2.25
2012.02.07 08:02:19.585,0.92143,0.92173,2.85,2.25
2012.02.07 08:02:19.950,0.92148,0.92178,2.25,2.85
2012.02.07 08:02:20.241,0.92143,0.92173,2.25,2.25
2012.02.07 08:02:21.296,0.92141,0.92171,2.85,2.25
2012.02.07 08:02:21.360,0.92144,0.92174,2.25,2.25
2012.02.07 08:02:21.944,0.92143,0.92173,2.85,2.25
2012.02.07 08:02:25.492,0.92148,0.92178,2.25,2.25
2012.02.07 08:02:25.832,0.92154,0.92181,2.25,2.63
2012.02.07 08:02:25.894,0.92154,0.92181,2.25,2.25
2012.02.07 08:02:27.871,0.92149,0.92177,2.25,2.25
2012.02.07 08:02:28.901,0.92148,0.92176,2.25,2.25
2012.02.07 08:02:29.234,0.92141,0.92173,2.25,2.25
2012.02.07 08:02:29.821,0.9214,0.92172,2.25,2.25
2012.02.07 08:02:30.663,0.92141,0.92172,2.25,2.25
2012.02.07 08:02:31.337,0.9214,0.92172,2.25,2.25
2012.02.07 08:02:32.681,0.92139,0.92169,2.25,2.25
2012.02.07 08:02:33.285,0.92144,0.92173,2.25,2.25
2012.02.07 08:02:33.589,0.92144,0.92171,2.25,2.63
2012.02.07 08:02:33.722,0.92137,0.92167,2.25,2.25
2012.02.07 08:02:33.872,0.92135,0.92166,2.25,2.25
2012.02.07 08:02:33.930,0.92136,0.92164,2.25,2.25
2012.02.07 08:02:34.371,0.9213,0.92165,2.63,2.25
2012.02.07 08:02:35.529,0.9213,0.92164,2.25,2.25
2012.02.07 08:02:36.286,0.9213,0.92159,2.25,2.25
2012.02.07 08:02:36.351,0.92134,0.92164,2.25,2.25
2012.02.07 08:02:37.304,0.92136,0.92171,2.25,3.23
2012.02.07 08:02:37.525,0.92138,0.92171,2.25,2.85
2012.02.07 08:02:38.796,0.92136,0.92164,2.25,2.25
2012.02.07 08:02:38.862,0.92131,0.92165,2.63,2.25
2012.02.07 08:02:39.219,0.92136,0.92171,2.25,2.85
2012.02.07 08:02:39.782,0.92132,0.92171,2.63,2.85
2012.02.07 08:02:41.002,0.92132,0.92164,2.63,2.25
2012.02.07 08:02:41.480,0.92131,0.92168,2.63,2.25
2012.02.07 08:02:41.856,0.92132,0.92166,2.25,2.25
2012.02.07 08:02:42.965,0.92131,0.92163,2.25,2.25
2012.02.07 08:02:43.287,0.92128,0.92158,2.63,2.25
2012.02.07 08:02:43.423,0.9212,0.92156,2.63,2.25
2012.02.07 08:02:44.196,0.92121,0.92157,2.63,2.25
2012.02.07 08:02:44.933,0.92123,0.92157,2.25,2.25
2012.02.07 08:02:46.055,0.92124,0.92157,2.25,2.25
2012.02.07 08:02:46.616,0.92128,0.92158,2.25,2.25
2012.02.07 08:02:46.672,0.92129,0.92161,2.25,2.63
2012.02.07 08:02:47.343,0.92123,0.92161,2.25,2.63
2012.02.07 08:02:47.401,0.92126,0.9216,2.25,2.63
2012.02.07 08:02:49.003,0.92126,0.92162,2.25,2.85
2012.02.07 08:02:49.998,0.92126,0.92158,2.25,2.25
2012.02.07 08:02:50.061,0.92124,0.9216,2.25,2.25
2012.02.07 08:02:50.500,0.92124,0.92158,2.63,2.25
2012.02.07 08:02:51.091,0.92123,0.92161,2.63,2.25
2012.02.07 08:02:51.771,0.92129,0.92161,2.25,2.25
2012.02.07 08:02:51.879,0.92124,0.92158,2.63,2.25
2012.02.07 08:02:53.959,0.92123,0.92158,2.25,2.25
2012.02.07 08:02:54.602,0.92124,0.92158,2.25,2.25
2012.02.07 08:02:59.159,0.92124,0.9216,2.25,2.25
2012.02.07 08:02:59.222,0.92129,0.92161,2.25,2.25
2012.02.07 08:02:59.372,0.92123,0.92157,2.25,2.25
2012.02.07 08:02:59.433,0.92123,0.92157,2.25,2.85
2012.02.07 08:02:59.651,0.92114,0.92148,2.25,2.25
2012.02.07 08:02:59.852,0.9212,0.92152,2.25,2.25
2012.02.07 08:03:00.182,0.92123,0.92157,2.25,2.63
2012.02.07 08:03:01.129,0.92123,0.92157,2.25,2.25
2012.02.07 08:03:03.330,0.92119,0.92157,2.63,2.25
2012.02.07 08:03:06.250,0.92132,0.9216,2.25,2.25
2012.02.07 08:03:07.665,0.92131,0.92161,2.25,2.25
2012.02.07 08:03:07.731,0.92127,0.92161,2.25,2.25
2012.02.07 08:03:08.324,0.92128,0.92159,2.25,2.25
2012.02.07 08:03:10.304,0.92128,0.92164,2.25,2.63
2012.02.07 08:03:10.361,0.92127,0.92162,2.25,2.25
2012.02.07 08:03:21.851,0.92128,0.92157,2.25,2.25
2012.02.07 08:03:23.211,0.9213,0.92158,2.25,2.25
2012.02.07 08:03:23.296,0.92127,0.92158,2.25,2.25
2012.02.07 08:03:25.282,0.92128,0.92161,2.25,2.25
2012.02.07 08:03:25.530,0.9213,0.92164,2.25,2.25
2012.02.07 08:03:25.595,0.92125,0.92158,2.25,2.25
2012.02.07 08:03:26.163,0.92125,0.92159,2.25,2.25
2012.02.07 08:03:27.917,0.92121,0.92152,2.63,2.25
2012.02.07 08:03:28.629,0.92121,0.92152,2.25,2.25
2012.02.07 08:03:29.270,0.9212,0.92155,2.63,2.25
2012.02.07 08:03:29.460,0.92121,0.92152,2.25,2.25
2012.02.07 08:03:31.219,0.92125,0.92158,2.25,2.25
2012.02.07 08:03:31.784,0.92125,0.92157,2.25,2.25
2012.02.07 08:03:32.321,0.92124,0.92156,2.85,2.25
2012.02.07 08:03:32.936,0.92133,0.92163,2.25,2.25
2012.02.07 08:03:33.878,0.92132,0.92162,2.25,2.25
2012.02.07 08:03:36.040,0.92132,0.9216,2.25,2.25
2012.02.07 08:03:36.104,0.9213,0.9216,2.25,2.25
2012.02.07 08:03:36.547,0.92128,0.92158,2.63,2.25
2012.02.07 08:03:38.109,0.9213,0.92158,2.25,2.25
2012.02.07 08:03:38.641,0.92132,0.92162,2.25,2.25
2012.02.07 08:03:39.392,0.9213,0.9216,2.25,2.25
2012.02.07 08:03:40.036,0.9213,0.9216,2.85,2.25
2012.02.07 08:03:40.101,0.92134,0.92164,2.25,2.25
2012.02.07 08:03:40.725,0.92134,0.92162,2.25,2.25
2012.02.07 08:03:41.591,0.9213,0.92158,2.85,2.25
2012.02.07 08:03:41.709,0.9213,0.92158,2.25,2.25
2012.02.07 08:03:43.480,0.92129,0.92157,2.25,2.25
2012.02.07 08:03:44.030,0.9213,0.92158,2.25,2.25
2012.02.07 08:03:44.343,0.92128,0.92158,2.25,2.25
2012.02.07 08:03:46.423,0.92132,0.92162,2.25,2.25
2012.02.07 08:03:47.245,0.92129,0.92157,2.25,2.25
2012.02.07 08:03:47.949,0.92134,0.92162,2.25,2.63
2012.02.07 08:03:48.603,0.92134,0.92162,2.25,2.25
2012.02.07 08:03:49.203,0.92135,0.92163,2.25,2.25
2012.02.07 08:03:50.383,0.92133,0.92163,2.85,2.25
2012.02.07 08:03:50.831,0.92135,0.92165,2.25,2.25
2012.02.07 08:03:51.251,0.9213,0.92158,2.25,2.25
2012.02.07 08:03:55.084,0.92135,0.92163,2.25,2.63
2012.02.07 08:03:58.979,0.92138,0.92168,2.25,2.25
2012.02.07 08:03:59.280,0.92134,0.92162,2.25,2.25
2012.02.07 08:04:02.131,0.92136,0.92164,2.25,2.25
2012.02.07 08:04:02.562,0.92142,0.9217,2.25,2.85
2012.02.07 08:04:03.721,0.92144,0.92172,2.25,2.25
2012.02.07 08:04:05.712,0.92141,0.92168,2.25,2.25
2012.02.07 08:04:06.551,0.92139,0.92168,2.25,2.25
2012.02.07 08:04:13.339,0.92137,0.92167,2.25,2.25
2012.02.07 08:04:13.403,0.92143,0.92171,2.25,2.25
2012.02.07 08:04:15.474,0.92143,0.92173,2.25,2.25
2012.02.07 08:04:16.482,0.92141,0.92169,2.25,2.25
2012.02.07 08:04:17.757,0.92144,0.92172,2.25,2.25
2012.02.07 08:04:19.820,0.92139,0.92167,2.25,2.25
2012.02.07 08:04:21.659,0.92139,0.92167,2.85,2.25
2012.02.07 08:04:21.782,0.92137,0.92165,2.25,2.25
2012.02.07 08:04:22.413,0.92137,0.92165,4.35,2.25
2012.02.07 08:04:22.555,0.92137,0.92179,2.10,4.80
2012.02.07 08:04:22.761,0.92144,0.92181,2.10,1.35
2012.02.07 08:04:22.931,0.92144,0.92181,2.10,1.35
2012.02.07 08:04:24.062,0.92138,0.92181,2.10,1.35
2012.02.07 08:04:24.194,0.9214,0.92172,2.85,2.25
2012.02.07 08:04:25.121,0.9214,0.92172,2.25,2.85
2012.02.07 08:04:25.241,0.92138,0.92168,2.25,2.25
2012.02.07 08:04:25.794,0.92134,0.92168,2.85,2.25
2012.02.07 08:04:25.857,0.92134,0.92168,2.25,2.85
2012.02.07 08:04:26.960,0.92134,0.92168,2.25,2.63
2012.02.07 08:04:27.640,0.92138,0.92168,2.63,2.25
2012.02.07 08:04:27.726,0.92141,0.92174,2.25,2.85
2012.02.07 08:04:27.971,0.92147,0.92178,2.25,2.25
2012.02.07 08:04:29.923,0.92144,0.92172,2.25,2.25
2012.02.07 08:04:31.140,0.92143,0.92171,2.25,2.25
2012.02.07 08:04:31.472,0.92141,0.92169,2.25,2.25
2012.02.07 08:04:32.179,0.9214,0.92168,2.25,2.25
2012.02.07 08:04:32.583,0.9214,0.9217,2.25,2.25
2012.02.07 08:04:33.631,0.92141,0.92169,2.25,2.25
2012.02.07 08:04:33.757,0.92135,0.92165,2.25,2.25
2012.02.07 08:04:37.337,0.92138,0.92166,2.25,2.63
2012.02.07 08:04:37.428,0.92139,0.92167,2.25,2.63
2012.02.07 08:04:37.493,0.92137,0.92167,2.25,2.63
2012.02.07 08:04:38.077,0.92137,0.92165,2.25,2.25
2012.02.07 08:04:39.335,0.92138,0.92166,2.25,2.25
2012.02.07 08:04:40.345,0.9214,0.92168,2.25,2.25
2012.02.07 08:04:40.487,0.92135,0.92164,2.25,2.25
2012.02.07 08:04:43.663,0.92133,0.9216,2.25,2.25
2012.02.07 08:04:44.461,0.92129,0.92159,2.63,2.25
2012.02.07 08:04:44.566,0.92134,0.92164,2.25,2.25
2012.02.07 08:04:46.647,0.92136,0.92164,2.25,2.25
2012.02.07 08:04:47.090,0.92136,0.92166,2.25,2.25
2012.02.07 08:04:48.122,0.92132,0.92161,2.25,2.25
2012.02.07 08:04:50.554,0.92137,0.92166,2.25,2.25
2012.02.07 08:04:51.156,0.92137,0.92164,2.25,2.25
2012.02.07 08:04:52.959,0.92138,0.92165,2.25,2.25
2012.02.07 08:04:53.021,0.92135,0.92164,2.25,2.25
2012.02.07 08:04:53.411,0.92132,0.92165,2.25,2.25
2012.02.07 08:04:53.653,0.92137,0.92166,2.25,2.25
2012.02.07 08:04:54.125,0.92132,0.92162,2.25,2.25
2012.02.07 08:04:54.849,0.92132,0.9216,2.25,2.25
2012.02.07 08:04:55.438,0.92131,0.92159,2.25,2.25
2012.02.07 08:04:56.219,0.9213,0.92158,2.25,2.25
2012.02.07 08:05:00.509,0.9213,0.9216,2.25,2.25
2012.02.07 08:05:02.595,0.9213,0.92158,2.25,2.25
2012.02.07 08:05:03.313,0.92128,0.92156,2.25,2.25
2012.02.07 08:05:03.533,0.92122,0.92155,2.85,2.25
2012.02.07 08:05:04.292,0.92128,0.92159,2.25,2.25
2012.02.07 08:05:07.302,0.92128,0.9216,2.25,2.25
2012.02.07 08:05:07.764,0.92127,0.92156,2.25,2.25
2012.02.07 08:05:16.411,0.92127,0.92154,2.85,2.25
2012.02.07 08:05:20.972,0.92127,0.92157,2.85,2.25
2012.02.07 08:05:23.591,0.92128,0.92158,2.25,2.25
2012.02.07 08:05:24.671,0.92128,0.92156,2.25,2.25
2012.02.07 08:05:25.712,0.92124,0.92154,2.25,2.25
2012.02.07 08:05:26.017,0.92119,0.92149,2.25,2.25
2012.02.07 08:05:26.574,0.92121,0.92154,2.25,2.85
2012.02.07 08:05:27.951,0.92119,0.92149,2.25,2.25
2012.02.07 08:05:28.820,0.9212,0.9215,2.25,2.25
2012.02.07 08:05:31.844,0.92121,0.92151,2.25,2.25
2012.02.07 08:05:32.431,0.9212,0.9215,2.25,2.25
2012.02.07 08:05:35.599,0.92125,0.92153,2.25,2.63
2012.02.07 08:05:36.133,0.92124,0.92154,2.25,2.25
2012.02.07 08:05:37.189,0.92122,0.92152,2.25,2.25
2012.02.07 08:05:40.210,0.92128,0.92156,2.25,2.25
2012.02.07 08:05:46.004,0.92131,0.92161,2.25,2.85
2012.02.07 08:05:46.383,0.92133,0.92161,2.25,2.25
2012.02.07 08:05:50.333,0.92133,0.92163,2.25,2.25
2012.02.07 08:05:51.244,0.92137,0.92165,2.25,2.63
2012.02.07 08:05:51.731,0.9214,0.92169,2.25,3.00
2012.02.07 08:05:52.350,0.9214,0.92169,2.25,2.25
2012.02.07 08:05:53.295,0.92137,0.92169,2.25,2.25
2012.02.07 08:05:53.856,0.92137,0.92167,2.25,2.25
2012.02.07 08:05:54.841,0.92136,0.92169,2.25,2.25
2012.02.07 08:05:54.933,0.92136,0.92169,2.85,2.25
2012.02.07 08:05:55.544,0.92138,0.9217,2.85,2.25
2012.02.07 08:05:56.924,0.92138,0.9217,2.25,2.85
2012.02.07 08:05:57.690,0.9214,0.9217,2.25,2.85
2012.02.07 08:05:58.442,0.9214,0.92173,2.85,2.25
2012.02.07 08:05:59.135,0.92141,0.92173,2.25,2.25
2012.02.07 08:06:02.184,0.92141,0.92172,2.25,2.25
2012.02.07 08:06:02.438,0.9214,0.9217,2.63,2.25
2012.02.07 08:06:02.984,0.92139,0.92169,2.25,2.25
2012.02.07 08:06:03.408,0.92137,0.92168,2.25,2.25
2012.02.07 08:06:03.959,0.92137,0.92167,2.25,2.25
2012.02.07 08:06:04.023,0.9214,0.92169,2.25,2.25
2012.02.07 08:06:04.416,0.92137,0.92168,2.63,2.25
2012.02.07 08:06:04.954,0.92138,0.9217,2.63,2.25
2012.02.07 08:06:05.701,0.92139,0.9217,2.25,2.25
2012.02.07 08:06:06.363,0.92138,0.92168,2.63,2.25
2012.02.07 08:06:07.171,0.92138,0.92166,2.63,2.25
2012.02.07 08:06:08.141,0.92138,0.92166,2.25,2.85
2012.02.07 08:06:08.682,0.92137,0.92167,2.25,2.85
2012.02.07 08:06:09.140,0.92137,0.92167,2.25,2.63
2012.02.07 08:06:10.371,0.92137,0.92168,2.25,2.25
2012.02.07 08:06:11.378,0.92138,0.9217,2.25,2.63
2012.02.07 08:06:11.953,0.92138,0.9217,2.25,2.63
2012.02.07 08:06:12.502,0.9214,0.92169,2.25,2.25
2012.02.07 08:06:13.543,0.92139,0.92169,2.25,2.25
2012.02.07 08:06:16.925,0.92138,0.92168,2.25,2.25
2012.02.07 08:06:18.025,0.92144,0.92172,2.25,3.23
2012.02.07 08:06:20.170,0.92144,0.92172,2.63,2.85
2012.02.07 08:06:20.234,0.9215,0.92178,2.25,2.25
2012.02.07 08:06:20.470,0.9215,0.92183,2.25,2.25
2012.02.07 08:06:21.388,0.92151,0.92183,2.25,2.25
2012.02.07 08:06:24.788,0.92151,0.92181,2.25,2.25
2012.02.07 08:06:25.317,0.92151,0.92181,2.25,4.35
2012.02.07 08:06:25.523,0.92147,0.92175,2.63,2.25
2012.02.07 08:06:26.000,0.92145,0.92175,2.25,2.25
2012.02.07 08:06:26.845,0.92141,0.9217,3.23,2.25
2012.02.07 08:06:26.972,0.92146,0.92174,2.25,2.25
2012.02.07 08:06:41.131,0.92143,0.92173,2.63,2.25
2012.02.07 08:06:41.253,0.92141,0.92171,2.63,2.25
2012.02.07 08:06:41.844,0.92149,0.92179,2.25,2.25
2012.02.07 08:06:41.902,0.92145,0.92173,2.25,2.25
2012.02.07 08:06:42.354,0.92148,0.92176,2.25,2.25
2012.02.07 08:06:42.781,0.9214,0.9217,2.85,2.25
2012.02.07 08:06:43.546,0.9214,0.92168,2.25,2.25
2012.02.07 08:06:44.376,0.92138,0.92168,2.85,2.63
2012.02.07 08:06:45.641,0.92138,0.92168,2.85,2.63
2012.02.07 08:06:45.792,0.92133,0.92166,2.25,2.63
2012.02.07 08:06:46.334,0.92135,0.92166,2.25,2.63
2012.02.07 08:06:46.695,0.92139,0.9217,2.25,3.00
2012.02.07 08:06:48.320,0.92139,0.9217,2.25,2.63
2012.02.07 08:06:49.206,0.92141,0.92174,2.25,3.00
2012.02.07 08:06:49.272,0.92141,0.92174,2.63,2.25
2012.02.07 08:06:51.759,0.9214,0.92173,2.63,2.25
2012.02.07 08:06:55.432,0.92141,0.92174,2.63,2.25
2012.02.07 08:06:56.632,0.92141,0.92172,2.25,2.25
2012.02.07 08:06:57.406,0.92141,0.92174,2.25,2.25
2012.02.07 08:06:58.440,0.92142,0.92174,2.25,2.25
2012.02.07 08:06:59.180,0.92142,0.92173,2.25,2.25
2012.02.07 08:06:59.233,0.92141,0.92171,2.25,2.25
2012.02.07 08:06:59.862,0.92142,0.92174,2.25,2.25
2012.02.07 08:07:00.178,0.92141,0.92171,2.25,2.25
2012.02.07 08:07:01.162,0.9214,0.9217,2.63,2.25
2012.02.07 08:07:01.521,0.92143,0.92171,2.25,2.25
2012.02.07 08:07:01.640,0.92145,0.92176,2.25,2.25
2012.02.07 08:07:01.849,0.92143,0.92177,2.25,2.63
2012.02.07 08:07:02.766,0.92143,0.92177,2.25,2.63
2012.02.07 08:07:02.833,0.92139,0.92171,2.25,2.25
2012.02.07 08:07:04.023,0.92143,0.92177,2.25,3.00
2012.02.07 08:07:04.674,0.92143,0.92177,2.25,2.63
2012.02.07 08:07:05.514,0.92142,0.92176,2.25,2.63
2012.02.07 08:07:05.651,0.92138,0.92169,2.63,2.25
2012.02.07 08:07:05.757,0.92137,0.92171,2.63,2.25
2012.02.07 08:07:06.041,0.92138,0.92166,2.25,2.25
2012.02.07 08:07:06.359,0.92135,0.92166,2.25,2.25
2012.02.07 08:07:06.742,0.92138,0.92168,2.25,2.25
2012.02.07 08:07:07.424,0.92132,0.92165,2.25,2.25
2012.02.07 08:07:07.926,0.92134,0.92168,2.25,2.63
2012.02.07 08:07:08.232,0.92139,0.92173,2.25,2.25
2012.02.07 08:07:08.672,0.92141,0.92173,2.25,2.25
2012.02.07 08:07:09.311,0.9214,0.92175,2.25,2.63
2012.02.07 08:07:09.636,0.92141,0.92172,2.25,2.25
2012.02.07 08:07:11.651,0.92145,0.92174,2.25,2.63
2012.02.07 08:07:11.713,0.92144,0.92178,2.63,2.85
2012.02.07 08:07:11.971,0.92144,0.92176,2.63,2.25
2012.02.07 08:07:12.794,0.92145,0.92177,2.25,2.25
2012.02.07 08:07:15.096,0.92151,0.92178,2.25,2.25
2012.02.07 08:07:15.163,0.92144,0.92178,2.25,2.25
2012.02.07 08:07:16.867,0.92143,0.92178,2.63,2.25
2012.02.07 08:07:17.020,0.92143,0.92175,2.63,2.25
2012.02.07 08:07:17.834,0.92143,0.92173,2.63,2.25
2012.02.07 08:07:18.950,0.92144,0.92173,2.25,2.25
2012.02.07 08:07:24.012,0.92144,0.92172,2.25,2.25
2012.02.07 08:07:24.783,0.92143,0.92172,2.25,2.25
2012.02.07 08:07:26.216,0.92141,0.9217,2.25,2.25
2012.02.07 08:07:26.733,0.92144,0.92171,2.25,2.25
2012.02.07 08:07:28.013,0.92143,0.92172,2.25,2.25
2012.02.07 08:07:30.763,0.92142,0.92171,2.25,2.25
2012.02.07 08:07:30.887,0.92142,0.92173,2.25,2.25
2012.02.07 08:07:31.111,0.92138,0.92169,2.63,2.25
2012.02.07 08:07:32.147,0.92138,0.92169,2.85,2.25
2012.02.07 08:07:33.133,0.92144,0.92172,2.25,2.25
2012.02.07 08:07:34.369,0.92144,0.92173,2.25,2.85
2012.02.07 08:07:35.390,0.92145,0.92173,2.25,2.85
2012.02.07 08:07:36.170,0.92147,0.92176,2.25,2.25
2012.02.07 08:07:36.349,0.92145,0.92174,2.25,2.25
2012.02.07 08:07:37.306,0.92144,0.92174,2.25,2.25
2012.02.07 08:07:37.768,0.92148,0.92175,2.25,2.25
2012.02.07 08:07:38.657,0.92146,0.92175,2.25,2.25
2012.02.07 08:07:39.287,0.92147,0.92176,2.25,2.25
2012.02.07 08:07:39.607,0.92147,0.92174,2.25,2.25
2012.02.07 08:07:42.792,0.92149,0.92176,2.25,2.25
2012.02.07 08:07:42.850,0.92146,0.92175,2.25,2.25
2012.02.07 08:07:45.863,0.92146,0.92173,2.25,2.25
2012.02.07 08:07:46.406,0.92147,0.92174,2.25,2.25
2012.02.07 08:07:47.639,0.92146,0.92173,2.25,2.25
2012.02.07 08:07:49.100,0.92147,0.92174,2.25,2.25
2012.02.07 08:07:49.622,0.9214,0.92167,2.85,2.25
2012.02.07 08:07:49.740,0.9214,0.92169,2.85,2.25
2012.02.07 08:07:49.952,0.9214,0.92167,2.25,2.25
2012.02.07 08:07:50.058,0.92144,0.92172,2.25,2.25
2012.02.07 08:07:50.666,0.92142,0.9217,2.25,2.25
2012.02.07 08:07:51.691,0.92147,0.92175,2.25,3.23
2012.02.07 08:07:52.286,0.92144,0.92174,2.25,2.85
2012.02.07 08:07:53.163,0.92145,0.92173,2.25,2.25
2012.02.07 08:07:55.086,0.92146,0.92176,2.25,2.85
2012.02.07 08:07:55.142,0.92146,0.92176,2.25,2.25
2012.02.07 08:07:58.303,0.92144,0.92174,2.25,2.25
2012.02.07 08:07:58.743,0.92143,0.92171,2.25,2.25
2012.02.07 08:08:00.673,0.92143,0.92173,2.25,2.25
2012.02.07 08:08:00.828,0.92146,0.92174,2.25,2.63
2012.02.07 08:08:01.452,0.92146,0.92174,2.25,2.63
2012.02.07 08:08:01.578,0.9214,0.9217,2.85,2.25
2012.02.07 08:08:01.784,0.92145,0.92175,2.25,2.63
2012.02.07 08:08:03.117,0.92146,0.92175,2.25,2.63
2012.02.07 08:08:03.182,0.92146,0.92175,2.25,2.63
2012.02.07 08:08:03.702,0.92147,0.92175,2.25,2.63
2012.02.07 08:08:04.462,0.92146,0.92177,2.25,2.63
2012.02.07 08:08:04.520,0.92145,0.92173,2.25,2.25
2012.02.07 08:08:04.933,0.92147,0.92175,2.25,2.25
2012.02.07 08:08:05.512,0.92146,0.92174,2.25,2.25
2012.02.07 08:08:05.929,0.92146,0.92177,2.25,2.25
2012.02.07 08:08:11.301,0.92145,0.92176,2.25,2.25
2012.02.07 08:08:11.542,0.9215,0.92178,2.25,2.85
2012.02.07 08:08:11.610,0.9214,0.92173,2.63,2.25
2012.02.07 08:08:12.254,0.92145,0.92176,2.25,3.23
2012.02.07 08:08:12.596,0.9214,0.92172,2.25,2.25
2012.02.07 08:08:13.076,0.9214,0.92172,2.25,2.63
2012.02.07 08:08:13.391,0.9214,0.92172,2.25,4.73
2012.02.07 08:08:13.722,0.92136,0.92166,2.25,2.25
2012.02.07 08:08:14.227,0.92141,0.92171,2.25,3.23
2012.02.07 08:08:17.075,0.9214,0.92171,2.25,2.25
2012.02.07 08:08:17.133,0.92145,0.92177,2.25,2.85
2012.02.07 08:08:17.675,0.92143,0.92176,2.25,3.23
2012.02.07 08:08:17.741,0.92143,0.92176,2.25,2.25
2012.02.07 08:08:17.922,0.92149,0.9218,2.25,4.73
2012.02.07 08:08:17.997,0.92143,0.92176,2.25,2.85
2012.02.07 08:08:18.689,0.92144,0.92176,2.25,2.85
2012.02.07 08:08:19.612,0.9214,0.92176,2.25,2.85
2012.02.07 08:08:20.432,0.9214,0.92176,2.63,2.25
2012.02.07 08:08:23.414,0.92146,0.92175,2.25,2.25
2012.02.07 08:08:23.592,0.92147,0.9218,2.25,2.63
2012.02.07 08:08:23.989,0.92143,0.92181,2.25,2.63
2012.02.07 08:08:24.080,0.92143,0.92181,2.25,2.63
2012.02.07 08:08:24.461,0.92144,0.92176,2.25,2.25
2012.02.07 08:08:24.544,0.92142,0.92177,2.25,2.25
2012.02.07 08:08:24.602,0.92142,0.92179,2.25,2.63
2012.02.07 08:08:25.108,0.92142,0.92178,2.25,2.25
2012.02.07 08:08:25.656,0.92145,0.92179,2.25,2.63
2012.02.07 08:08:26.550,0.92145,0.92179,2.25,2.63
2012.02.07 08:08:28.922,0.92145,0.92179,2.25,2.63
2012.02.07 08:08:29.131,0.92141,0.92179,2.63,2.63
2012.02.07 08:08:29.774,0.92142,0.92176,2.63,2.25
2012.02.07 08:08:30.263,0.9214,0.92174,2.63,2.25
2012.02.07 08:08:30.745,0.92139,0.92174,2.63,2.25
2012.02.07 08:08:30.892,0.9214,0.92171,2.25,2.25
2012.02.07 08:08:31.562,0.92131,0.92167,2.25,2.63
2012.02.07 08:08:32.306,0.92131,0.92167,2.25,2.25
2012.02.07 08:08:32.372,0.92136,0.92167,2.25,2.25
2012.02.07 08:08:33.517,0.92137,0.9217,2.25,2.63
2012.02.07 08:08:34.187,0.92137,0.92165,2.25,2.25
2012.02.07 08:08:34.301,0.92137,0.92171,2.25,2.25
2012.02.07 08:08:36.181,0.92137,0.9217,2.25,2.25
2012.02.07 08:08:37.006,0.92135,0.92164,2.63,2.25
2012.02.07 08:08:37.264,0.92137,0.92166,2.25,2.25
2012.02.07 08:08:37.421,0.92138,0.92168,2.25,2.25
2012.02.07 08:08:37.999,0.9214,0.92171,2.25,2.63
2012.02.07 08:08:38.212,0.9214,0.92171,2.25,2.25
2012.02.07 08:08:38.474,0.92141,0.92174,2.25,2.25
2012.02.07 08:08:39.051,0.92137,0.92169,2.25,2.25
2012.02.07 08:08:39.284,0.9214,0.92175,2.25,2.63
2012.02.07 08:08:40.898,0.92145,0.92176,2.25,2.63
2012.02.07 08:08:42.910,0.92145,0.92176,2.25,2.25
2012.02.07 08:08:44.391,0.92141,0.9217,2.63,2.25
2012.02.07 08:08:45.279,0.9214,0.9217,2.25,2.25
2012.02.07 08:08:45.812,0.92145,0.92174,2.25,2.25
2012.02.07 08:08:47.353,0.92144,0.92174,2.25,2.25
2012.02.07 08:08:49.576,0.92145,0.92174,2.25,2.25
2012.02.07 08:08:49.825,0.92149,0.92184,2.25,3.23
2012.02.07 08:08:50.236,0.92145,0.92178,2.25,2.25
2012.02.07 08:08:50.907,0.92147,0.92177,2.25,2.25
2012.02.07 08:08:51.438,0.92144,0.92174,2.25,2.25
2012.02.07 08:08:51.697,0.92142,0.92175,2.25,2.85
2012.02.07 08:08:52.061,0.9215,0.92177,2.25,2.85
2012.02.07 08:08:52.181,0.92145,0.92175,2.25,2.85
2012.02.07 08:08:52.607,0.92148,0.92175,2.25,2.85
2012.02.07 08:08:53.812,0.92149,0.92176,2.25,2.25
2012.02.07 08:08:53.943,0.92151,0.92181,2.25,2.63
2012.02.07 08:08:54.060,0.92149,0.92182,2.25,2.85
2012.02.07 08:08:54.929,0.92153,0.92187,2.25,2.63
2012.02.07 08:08:55.172,0.92158,0.92191,2.25,2.25
2012.02.07 08:08:55.341,0.92157,0.92187,2.63,2.25
2012.02.07 08:08:56.765,0.9215,0.92186,3.00,2.25
2012.02.07 08:08:57.302,0.92156,0.92185,2.25,2.25
2012.02.07 08:08:57.362,0.92158,0.92188,2.25,2.25
2012.02.07 08:08:57.774,0.92157,0.92191,2.25,2.63
2012.02.07 08:08:58.645,0.92157,0.92191,2.85,2.63
2012.02.07 08:08:58.734,0.92148,0.92185,2.25,2.25
2012.02.07 08:08:59.204,0.92147,0.92178,2.85,2.25
2012.02.07 08:08:59.539,0.92152,0.92183,2.25,2.25
2012.02.07 08:09:00.397,0.92152,0.92187,2.25,2.25
2012.02.07 08:09:00.522,0.92151,0.92185,2.25,2.25
2012.02.07 08:09:06.573,0.9215,0.92185,2.25,2.25
2012.02.07 08:09:07.118,0.92155,0.92189,2.25,2.25
2012.02.07 08:09:07.969,0.9216,0.92193,2.25,2.85
2012.02.07 08:09:10.479,0.9216,0.92188,2.25,2.25
2012.02.07 08:09:10.947,0.92157,0.92184,2.25,2.25
2012.02.07 08:09:11.490,0.92158,0.92185,2.25,2.25
2012.02.07 08:09:13.066,0.92156,0.92183,2.25,2.25
2012.02.07 08:09:13.431,0.92154,0.92183,2.25,2.25
2012.02.07 08:09:13.492,0.92148,0.9218,2.63,2.25
2012.02.07 08:09:14.373,0.92148,0.92179,2.63,2.25
2012.02.07 08:09:14.494,0.92148,0.92179,3.23,2.25
2012.02.07 08:09:14.572,0.92152,0.92184,2.25,2.25
2012.02.07 08:09:14.796,0.92158,0.92187,2.25,2.25
2012.02.07 08:09:17.027,0.92157,0.92185,2.25,2.25
2012.02.07 08:09:17.684,0.92155,0.92183,2.63,2.25
2012.02.07 08:09:18.942,0.92151,0.92179,1.35,2.25
2012.02.07 08:09:19.001,0.92149,0.92179,3.23,2.25
2012.02.07 08:09:19.350,0.92146,0.92173,3.00,2.25
2012.02.07 08:09:19.473,0.92146,0.92173,2.25,2.25
2012.02.07 08:09:19.531,0.92141,0.92169,2.25,2.25
2012.02.07 08:09:19.854,0.92136,0.92164,3.23,2.25
2012.02.07 08:09:20.073,0.92141,0.92169,2.25,2.25
2012.02.07 08:09:20.550,0.92136,0.92164,2.85,2.25
2012.02.07 08:09:21.144,0.92136,0.92164,2.25,2.25
2012.02.07 08:09:23.733,0.92136,0.92166,2.25,2.25
2012.02.07 08:09:24.315,0.92133,0.92161,2.25,2.25
2012.02.07 08:09:27.576,0.92134,0.92162,2.25,2.25
2012.02.07 08:09:27.642,0.92134,0.92164,2.25,2.25
2012.02.07 08:09:27.700,0.92134,0.92164,2.25,2.85
2012.02.07 08:09:31.101,0.92136,0.92164,2.25,2.85
2012.02.07 08:09:31.635,0.92137,0.92166,2.25,2.10
2012.02.07 08:09:32.165,0.92137,0.92167,2.25,2.25
2012.02.07 08:09:32.419,0.92137,0.92165,2.25,2.25
2012.02.07 08:09:34.513,0.92137,0.92167,2.85,2.25
2012.02.07 08:09:35.067,0.92144,0.92172,2.25,2.25
2012.02.07 08:09:35.410,0.92138,0.92172,2.63,2.25
2012.02.07 08:09:35.942,0.92135,0.92168,2.48,2.25
2012.02.07 08:09:36.039,0.92139,0.92174,1.50,2.25
2012.02.07 08:09:36.163,0.92139,0.92174,1.50,4.35
2012.02.07 08:09:36.799,0.92133,0.92161,1.35,2.25
2012.02.07 08:09:37.043,0.92135,0.92165,2.63,2.25
2012.02.07 08:09:39.495,0.92133,0.92161,3.00,2.25
2012.02.07 08:09:40.274,0.92131,0.92161,2.63,2.25
2012.02.07 08:09:41.081,0.9213,0.9216,2.63,2.25
2012.02.07 08:09:41.350,0.9213,0.9216,2.63,2.25
2012.02.07 08:09:41.662,0.92132,0.9216,2.25,2.25
2012.02.07 08:09:43.406,0.92126,0.92156,2.63,2.25
2012.02.07 08:09:43.471,0.92126,0.92156,2.25,2.25
2012.02.07 08:09:43.532,0.92128,0.92156,2.25,2.25
2012.02.07 08:09:44.156,0.92127,0.92155,2.25,2.25
2012.02.07 08:09:44.220,0.92118,0.92154,3.23,2.25
2012.02.07 08:09:45.723,0.92121,0.92153,2.25,2.25
2012.02.07 08:09:46.398,0.92126,0.92158,2.25,2.63
2012.02.07 08:09:46.612,0.9212,0.92154,2.25,2.25
2012.02.07 08:09:53.774,0.92118,0.92148,2.25,2.25
2012.02.07 08:09:54.295,0.9212,0.92149,2.25,2.25
2012.02.07 08:09:54.481,0.92121,0.92154,2.25,2.25
2012.02.07 08:09:55.817,0.92122,0.92153,2.25,2.25
2012.02.07 08:09:57.182,0.92122,0.92154,2.25,2.25
2012.02.07 08:09:57.422,0.92124,0.92159,2.25,2.63
2012.02.07 08:09:57.953,0.92123,0.92156,2.25,2.63
2012.02.07 08:09:59.149,0.92123,0.92156,2.25,2.25
2012.02.07 08:10:05.906,0.92125,0.92156,2.25,2.25
2012.02.07 08:10:06.364,0.92125,0.92157,2.85,2.25
2012.02.07 08:10:06.904,0.92126,0.92159,2.85,2.25
2012.02.07 08:10:06.996,0.92127,0.92162,2.85,2.63
2012.02.07 08:10:07.191,0.92127,0.92164,3.23,2.25
2012.02.07 08:10:07.814,0.92129,0.92163,2.63,2.25
2012.02.07 08:10:08.102,0.92132,0.92168,2.25,3.23
2012.02.07 08:10:09.070,0.92132,0.92167,2.25,2.63
2012.02.07 08:10:09.194,0.92131,0.92159,2.25,2.25
2012.02.07 08:10:09.331,0.92135,0.92168,2.25,3.23
2012.02.07 08:10:09.544,0.92138,0.92168,2.25,2.63
2012.02.07 08:10:09.964,0.92137,0.92165,2.25,2.25
2012.02.07 08:10:10.393,0.92138,0.92169,2.25,2.25
2012.02.07 08:10:11.492,0.92137,0.92165,2.25,2.25
2012.02.07 08:10:13.982,0.92136,0.92166,2.63,2.25
2012.02.07 08:10:14.984,0.92138,0.92168,2.25,2.63
2012.02.07 08:10:16.864,0.92139,0.92167,2.25,2.25
2012.02.07 08:10:17.221,0.92136,0.92166,2.25,2.25
2012.02.07 08:10:21.510,0.92138,0.92166,2.25,2.25
2012.02.07 08:10:22.249,0.92134,0.92162,3.23,2.25
2012.02.07 08:10:22.685,0.92135,0.92165,2.25,2.25
2012.02.07 08:10:23.171,0.92136,0.92164,2.85,2.25
2012.02.07 08:10:23.236,0.9214,0.92168,2.25,2.25
2012.02.07 08:10:24.021,0.92141,0.92169,2.25,2.25
2012.02.07 08:10:24.690,0.92141,0.92171,2.25,2.25
2012.02.07 08:10:25.652,0.92141,0.92171,2.85,2.25
2012.02.07 08:10:27.332,0.92141,0.92169,2.85,2.25
2012.02.07 08:10:27.633,0.92141,0.92171,2.85,2.25
2012.02.07 08:10:28.836,0.92143,0.92173,2.25,3.60
2012.02.07 08:10:28.922,0.92147,0.92174,2.25,1.35
2012.02.07 08:10:29.201,0.92139,0.92166,2.63,2.25
2012.02.07 08:10:29.655,0.92135,0.92164,4.73,2.25
2012.02.07 08:10:29.755,0.9214,0.92168,2.25,2.25
2012.02.07 08:10:30.992,0.92136,0.92163,2.63,2.25
2012.02.07 08:10:32.013,0.92136,0.92163,2.25,2.25
2012.02.07 08:10:33.066,0.92137,0.92164,2.25,2.25
2012.02.07 08:10:33.686,0.92137,0.92164,2.85,2.25
2012.02.07 08:10:33.916,0.9214,0.9217,2.85,2.25
2012.02.07 08:10:38.112,0.9214,0.92168,2.85,2.25
2012.02.07 08:10:41.665,0.92139,0.92169,2.25,2.25
2012.02.07 08:10:41.782,0.9214,0.92171,2.25,2.25
2012.02.07 08:10:42.514,0.92139,0.92169,2.25,2.25
2012.02.07 08:10:42.980,0.92136,0.92163,2.25,2.25
2012.02.07 08:10:45.139,0.92136,0.92165,2.25,2.25
2012.02.07 08:10:45.258,0.92138,0.92167,2.25,2.25
2012.02.07 08:10:45.871,0.92137,0.92164,2.25,2.25
2012.02.07 08:10:47.129,0.92136,0.92167,2.25,2.25
2012.02.07 08:10:49.012,0.92146,0.92173,2.85,2.25
2012.02.07 08:10:49.129,0.92151,0.9218,2.25,2.25
2012.02.07 08:10:49.560,0.92156,0.92194,2.10,1.50
2012.02.07 08:10:49.699,0.92156,0.92194,2.10,1.13
2012.02.07 08:10:49.759,0.9215,0.92194,2.85,3.23
2012.02.07 08:10:50.731,0.92159,0.92186,2.25,2.25
2012.02.07 08:10:51.237,0.92159,0.92186,2.85,2.25
2012.02.07 08:10:51.612,0.92157,0.92186,2.25,2.25
2012.02.07 08:10:52.496,0.92158,0.92187,2.25,2.25
2012.02.07 08:10:54.984,0.92159,0.92191,2.25,2.85
2012.02.07 08:10:55.040,0.9216,0.92191,2.10,2.25
2012.02.07 08:10:55.703,0.92159,0.92191,2.85,2.25
2012.02.07 08:10:56.681,0.92159,0.92191,3.23,2.25
2012.02.07 08:10:56.813,0.92165,0.92195,2.25,2.85
2012.02.07 08:10:58.450,0.92165,0.92195,2.25,2.25
2012.02.07 08:11:00.514,0.92159,0.92191,2.63,2.25
2012.02.07 08:11:00.573,0.92155,0.92186,2.63,2.25
2012.02.07 08:11:00.677,0.92159,0.92191,2.63,2.25
2012.02.07 08:11:01.313,0.92165,0.92195,2.25,2.85
2012.02.07 08:11:01.911,0.9216,0.9219,2.25,2.25
2012.02.07 08:11:02.749,0.92165,0.92195,2.25,2.85
2012.02.07 08:11:02.813,0.92163,0.92195,2.25,2.85
2012.02.07 08:11:06.631,0.92163,0.92191,2.25,2.25
2012.02.07 08:11:06.933,0.92165,0.92195,2.25,2.85
2012.02.07 08:11:09.600,0.9216,0.9219,2.63,2.25
2012.02.07 08:11:10.486,0.9216,0.9219,2.25,2.25
2012.02.07 08:11:12.173,0.92166,0.9219,2.10,2.25
2012.02.07 08:11:12.716,0.92168,0.92195,3.23,2.25
2012.02.07 08:11:12.858,0.92177,0.92204,2.25,2.25
2012.02.07 08:11:12.929,0.92178,0.92206,2.25,2.25
2012.02.07 08:11:13.531,0.92182,0.92212,2.25,2.63
2012.02.07 08:11:13.772,0.92184,0.92212,2.25,2.63
2012.02.07 08:11:14.847,0.92183,0.92211,2.25,2.25
2012.02.07 08:11:17.815,0.92184,0.92212,2.25,2.25
2012.02.07 08:11:18.143,0.92182,0.9221,2.25,2.25
2012.02.07 08:11:18.255,0.92183,0.92213,2.25,2.25
2012.02.07 08:11:20.680,0.92179,0.92207,2.25,2.25
2012.02.07 08:11:21.711,0.92174,0.92213,2.10,1.50
2012.02.07 08:11:22.903,0.92179,0.92207,2.25,2.25
2012.02.07 08:11:24.552,0.92177,0.92207,2.85,2.25
2012.02.07 08:11:25.415,0.92169,0.92211,2.48,2.48
2012.02.07 08:11:25.544,0.92173,0.92201,2.25,2.25
2012.02.07 08:11:27.056,0.92177,0.92206,2.25,2.25
2012.02.07 08:11:30.786,0.92173,0.922,2.25,2.25
2012.02.07 08:11:33.169,0.92171,0.922,2.85,2.25
2012.02.07 08:11:33.712,0.92169,0.92198,4.35,2.25
2012.02.07 08:11:33.960,0.92167,0.92196,2.25,2.25
2012.02.07 08:11:34.240,0.9217,0.92197,2.25,2.25
2012.02.07 08:11:36.084,0.92169,0.92196,2.25,2.25
2012.02.07 08:11:38.081,0.92164,0.92194,2.85,2.25
2012.02.07 08:11:40.101,0.92162,0.9219,2.85,2.25
2012.02.07 08:11:40.175,0.92163,0.92193,2.85,2.25
2012.02.07 08:11:44.990,0.92173,0.92203,2.25,2.63
2012.02.07 08:11:45.563,0.92173,0.92203,2.25,2.63
2012.02.07 08:11:49.868,0.92173,0.92203,2.25,2.25
2012.02.07 08:11:50.642,0.92174,0.92204,2.25,2.63
2012.02.07 08:11:51.604,0.92174,0.92204,2.85,2.25
2012.02.07 08:11:52.367,0.92178,0.92206,2.25,2.25
2012.02.07 08:11:53.274,0.92178,0.92206,2.25,2.85
2012.02.07 08:12:00.822,0.92173,0.92202,2.25,2.25
2012.02.07 08:12:01.207,0.92171,0.922,2.85,2.25
2012.02.07 08:12:02.206,0.92172,0.92201,2.25,2.25
2012.02.07 08:12:03.606,0.92172,0.92199,2.25,2.25
2012.02.07 08:12:05.620,0.92171,0.92198,2.25,2.25
2012.02.07 08:12:06.174,0.9217,0.92199,2.25,2.25
2012.02.07 08:12:06.631,0.92172,0.92199,2.25,2.25
2012.02.07 08:12:06.920,0.92172,0.92201,2.25,2.63
2012.02.07 08:12:07.606,0.92173,0.92202,2.25,2.63
2012.02.07 08:12:08.222,0.92173,0.922,2.25,2.25
2012.02.07 08:12:10.380,0.92173,0.92202,2.25,2.25
2012.02.07 08:12:17.033,0.92173,0.92202,2.25,2.63
2012.02.07 08:12:17.569,0.92172,0.92201,2.25,2.63
2012.02.07 08:12:18.108,0.92172,0.922,2.25,2.25
2012.02.07 08:12:18.632,0.92171,0.92199,2.25,2.25
2012.02.07 08:12:20.474,0.92165,0.92197,2.25,2.25
2012.02.07 08:12:20.732,0.92167,0.92195,2.25,2.25
2012.02.07 08:12:21.584,0.92161,0.92191,2.25,2.25
2012.02.07 08:12:24.912,0.92161,0.92191,2.25,2.63
2012.02.07 08:12:25.181,0.92158,0.92185,2.25,2.25
2012.02.07 08:12:25.300,0.92161,0.92191,2.25,2.63
2012.02.07 08:12:25.832,0.92161,0.92191,2.25,2.25
2012.02.07 08:12:25.972,0.92161,0.92189,2.25,2.25
2012.02.07 08:12:27.982,0.92161,0.92191,2.25,2.25
2012.02.07 08:12:30.366,0.9216,0.9219,2.25,2.25
2012.02.07 08:12:30.490,0.92162,0.9219,2.25,2.25
2012.02.07 08:12:32.131,0.92157,0.92186,2.63,2.25
2012.02.07 08:12:32.991,0.92157,0.92186,2.25,2.85
2012.02.07 08:12:34.473,0.92159,0.92186,2.25,2.25
2012.02.07 08:12:41.445,0.92159,0.92188,2.25,2.25
2012.02.07 08:12:41.783,0.92159,0.92188,2.85,2.25
2012.02.07 08:12:41.906,0.92163,0.92193,2.25,2.25
2012.02.07 08:12:42.914,0.92162,0.92193,2.25,2.25
2012.02.07 08:12:44.142,0.92163,0.92191,2.25,2.25
2012.02.07 08:12:51.370,0.92159,0.92189,2.85,2.25
2012.02.07 08:12:51.906,0.92162,0.9219,2.25,2.25
2012.02.07 08:12:52.004,0.92162,0.92192,2.25,2.25
2012.02.07 08:12:57.342,0.92161,0.92191,2.25,2.25
2012.02.07 08:12:57.987,0.92162,0.92192,2.25,2.25
2012.02.07 08:13:09.687,0.92161,0.92191,2.25,2.25
2012.02.07 08:13:10.636,0.92162,0.92192,2.25,2.25
2012.02.07 08:13:10.947,0.9216,0.92188,2.25,2.25
2012.02.07 08:13:11.168,0.92161,0.92191,2.25,2.25
2012.02.07 08:13:11.783,0.92163,0.92191,2.25,2.25
2012.02.07 08:13:12.154,0.92161,0.92189,2.25,2.25
2012.02.07 08:13:22.072,0.92161,0.92191,2.25,2.25
2012.02.07 08:13:22.870,0.92163,0.92197,2.25,3.60
2012.02.07 08:13:23.574,0.92162,0.92192,2.63,2.25
2012.02.07 08:13:30.082,0.92163,0.92198,2.25,2.25
2012.02.07 08:13:30.442,0.92171,0.92199,2.25,2.85
2012.02.07 08:13:31.295,0.92171,0.92201,2.25,2.25
2012.02.07 08:13:31.663,0.92174,0.92205,2.25,2.25
2012.02.07 08:13:31.802,0.92169,0.922,2.63,2.25
2012.02.07 08:13:33.981,0.92169,0.922,2.25,4.35
2012.02.07 08:13:34.574,0.92163,0.92196,2.25,2.85
2012.02.07 08:13:38.538,0.92162,0.92192,3.23,2.25
2012.02.07 08:13:38.601,0.92164,0.92195,2.25,2.25
2012.02.07 08:13:39.364,0.92163,0.92195,2.85,2.25
2012.02.07 08:13:39.421,0.92163,0.92195,3.23,2.25
2012.02.07 08:13:39.558,0.92168,0.92199,2.25,2.25
2012.02.07 08:13:39.885,0.92172,0.92204,2.25,2.63
2012.02.07 08:13:43.131,0.92172,0.92204,2.25,2.25
2012.02.07 08:13:44.383,0.92173,0.92206,2.25,3.23
2012.02.07 08:13:45.001,0.92174,0.92204,2.25,2.25
2012.02.07 08:13:49.459,0.92174,0.92205,2.25,3.23
2012.02.07 08:13:51.202,0.92172,0.92205,2.25,3.23
2012.02.07 08:13:55.101,0.92173,0.92203,2.25,2.25
2012.02.07 08:13:56.811,0.92172,0.92202,2.25,2.25
2012.02.07 08:13:57.643,0.92172,0.92202,2.25,2.63
2012.02.07 08:13:57.819,0.92168,0.92197,2.25,2.25
2012.02.07 08:13:57.961,0.92168,0.92195,2.25,2.25
2012.02.07 08:13:58.253,0.92167,0.92198,2.25,2.25
2012.02.07 08:13:58.420,0.92167,0.92196,2.25,2.25
2012.02.07 08:14:00.513,0.92168,0.92197,2.25,2.25
2012.02.07 08:14:01.982,0.92168,0.92195,2.25,2.25
2012.02.07 08:14:02.826,0.92167,0.92193,2.10,2.25
2012.02.07 08:14:05.112,0.92167,0.92194,4.35,2.25
2012.02.07 08:14:07.654,0.92165,0.92194,2.85,2.25
2012.02.07 08:14:07.925,0.92164,0.92191,3.23,2.25
2012.02.07 08:14:09.482,0.92166,0.92193,2.85,2.25
2012.02.07 08:14:10.137,0.92166,0.92195,2.85,2.25
2012.02.07 08:14:13.435,0.92165,0.92192,4.73,2.25
2012.02.07 08:14:22.123,0.92167,0.92194,2.85,2.25
2012.02.07 08:14:22.182,0.92167,0.92196,2.25,2.25
2012.02.07 08:14:22.485,0.9217,0.92198,2.25,2.25
2012.02.07 08:14:22.583,0.9217,0.92201,2.25,2.25
2012.02.07 08:14:22.702,0.92172,0.92203,2.25,2.25
2012.02.07 08:14:23.519,0.92173,0.92202,1.35,2.25
2012.02.07 08:14:23.649,0.92182,0.92212,2.25,2.25
2012.02.07 08:14:24.185,0.92183,0.92213,2.25,2.25
2012.02.07 08:14:24.270,0.92183,0.92213,2.85,2.25
2012.02.07 08:14:26.903,0.92184,0.92216,2.85,2.25
2012.02.07 08:14:27.563,0.92185,0.92216,2.85,2.25
2012.02.07 08:14:27.686,0.92185,0.92218,2.85,2.25
2012.02.07 08:14:27.752,0.92183,0.92214,2.48,2.25
2012.02.07 08:14:28.296,0.92181,0.92214,3.23,2.25
2012.02.07 08:14:28.363,0.92181,0.92211,3.23,2.25
2012.02.07 08:14:28.734,0.92182,0.92211,1.35,2.25
2012.02.07 08:14:28.803,0.92187,0.92215,2.63,2.25
2012.02.07 08:14:30.423,0.92187,0.92215,3.23,2.25
2012.02.07 08:14:32.165,0.92188,0.92216,3.23,2.25
2012.02.07 08:14:32.543,0.92189,0.92219,2.85,2.25
2012.02.07 08:14:33.555,0.9219,0.9222,2.85,2.25
2012.02.07 08:14:33.624,0.92186,0.92213,2.48,2.25
2012.02.07 08:14:33.742,0.92185,0.92213,3.23,2.25
2012.02.07 08:14:34.056,0.92185,0.92213,3.23,2.25
2012.02.07 08:14:34.623,0.92186,0.92214,2.25,2.25
2012.02.07 08:14:35.568,0.92185,0.92215,3.23,2.25
2012.02.07 08:14:36.080,0.92191,0.92219,2.25,2.25
2012.02.07 08:14:36.514,0.92187,0.92215,2.63,2.25
2012.02.07 08:14:37.771,0.92182,0.92209,1.35,2.25
2012.02.07 08:14:38.132,0.92182,0.92211,3.60,2.25
2012.02.07 08:14:40.523,0.92183,0.9221,3.23,2.25
2012.02.07 08:14:40.763,0.92186,0.92216,2.63,2.25
2012.02.07 08:14:43.168,0.92189,0.92218,2.25,2.25
2012.02.07 08:14:43.528,0.92185,0.92212,2.85,2.25
2012.02.07 08:14:43.747,0.9219,0.92222,2.25,2.63
2012.02.07 08:14:43.966,0.92185,0.92218,2.85,2.25
2012.02.07 08:14:44.378,0.92185,0.92215,2.85,2.25
2012.02.07 08:14:44.970,0.92185,0.92212,2.85,2.25
2012.02.07 08:14:46.652,0.92184,0.92217,3.23,2.25
2012.02.07 08:14:49.854,0.92185,0.92213,2.85,2.25
2012.02.07 08:14:50.792,0.92185,0.92212,2.85,2.25
2012.02.07 08:14:52.802,0.92185,0.92214,2.85,2.25
2012.02.07 08:14:53.131,0.92185,0.92212,2.85,2.25
2012.02.07 08:14:56.956,0.92185,0.92214,2.85,2.25
2012.02.07 08:15:01.818,0.92186,0.92214,2.25,2.25
2012.02.07 08:15:04.709,0.92185,0.92214,2.85,2.25
2012.02.07 08:15:05.753,0.92185,0.92213,2.85,2.25
2012.02.07 08:15:07.750,0.92185,0.92212,2.85,2.25
2012.02.07 08:15:08.250,0.92184,0.92215,3.23,2.25
2012.02.07 08:15:08.420,0.92184,0.92213,3.23,2.25
2012.02.07 08:15:13.122,0.9218,0.9221,3.23,2.25
2012.02.07 08:15:13.301,0.9218,0.92208,3.23,2.25
2012.02.07 08:15:13.611,0.92176,0.92205,1.35,2.25
2012.02.07 08:15:13.717,0.9218,0.9221,3.23,2.25
2012.02.07 08:15:14.655,0.9218,0.9221,2.85,2.25
2012.02.07 08:15:17.872,0.92185,0.92215,2.25,2.63
2012.02.07 08:15:18.359,0.9218,0.9221,2.25,2.25
2012.02.07 08:15:18.544,0.92182,0.92213,2.25,2.25
2012.02.07 08:15:18.601,0.92181,0.92209,2.25,2.25
2012.02.07 08:15:18.886,0.92181,0.92212,2.25,2.25
2012.02.07 08:15:20.200,0.92181,0.92213,2.25,2.63
2012.02.07 08:15:23.500,0.92176,0.92206,2.63,2.25
2012.02.07 08:15:23.562,0.92176,0.92206,2.63,2.25
2012.02.07 08:15:23.692,0.92181,0.92212,2.25,2.25
2012.02.07 08:15:26.122,0.92179,0.92207,2.25,2.25
2012.02.07 08:15:26.366,0.92181,0.92212,2.25,2.25
2012.02.07 08:15:26.804,0.92181,0.92214,2.25,2.25
2012.02.07 08:15:27.463,0.9218,0.92213,2.25,2.25
2012.02.07 08:15:28.069,0.92181,0.92211,2.25,2.25
2012.02.07 08:15:29.880,0.9218,0.92213,2.25,2.63
2012.02.07 08:15:31.767,0.9218,0.92212,2.25,2.25
2012.02.07 08:15:32.631,0.92181,0.92212,2.63,2.25
2012.02.07 08:15:33.725,0.92182,0.92213,2.25,2.25
2012.02.07 08:15:34.701,0.92181,0.92212,2.63,2.25
2012.02.07 08:15:34.759,0.92181,0.92214,2.63,2.25
2012.02.07 08:15:37.954,0.92179,0.92207,3.23,2.25
2012.02.07 08:15:38.016,0.92181,0.92211,2.25,2.25
2012.02.07 08:15:39.027,0.9218,0.92211,3.23,2.25
2012.02.07 08:15:41.455,0.9218,0.92211,3.23,2.25
2012.02.07 08:15:41.842,0.92186,0.92214,2.25,2.25
2012.02.07 08:15:46.607,0.92185,0.92213,2.25,2.25
2012.02.07 08:15:47.785,0.92186,0.92214,2.25,2.25
2012.02.07 08:15:48.340,0.92183,0.92213,2.25,2.25
2012.02.07 08:15:48.980,0.92183,0.92213,2.25,2.63
2012.02.07 08:15:49.043,0.92177,0.92207,2.25,2.25
2012.02.07 08:15:50.095,0.92177,0.92207,2.63,2.25
2012.02.07 08:15:50.160,0.92183,0.92211,2.25,2.25
2012.02.07 08:15:51.161,0.92175,0.92203,2.63,2.25
2012.02.07 08:15:51.712,0.92175,0.92203,2.25,2.25
2012.02.07 08:16:00.840,0.92171,0.92201,2.63,2.25
2012.02.07 08:16:01.531,0.92174,0.92202,2.25,2.25
2012.02.07 08:16:05.331,0.92179,0.92207,2.25,2.25
2012.02.07 08:16:05.728,0.92179,0.92207,2.25,2.63
2012.02.07 08:16:05.792,0.92174,0.92204,2.25,2.63
2012.02.07 08:16:06.004,0.92176,0.92204,2.63,2.25
2012.02.07 08:16:06.182,0.92182,0.92213,2.25,2.25
2012.02.07 08:16:06.240,0.92178,0.92208,3.23,2.25
2012.02.07 08:16:07.892,0.92179,0.92214,3.23,2.25
2012.02.07 08:16:08.012,0.92182,0.92214,2.10,2.25
2012.02.07 08:16:08.860,0.92194,0.92221,2.25,2.25
2012.02.07 08:16:09.763,0.92193,0.92224,2.25,2.25
2012.02.07 08:16:10.663,0.92195,0.92226,2.25,2.63
2012.02.07 08:16:10.723,0.92189,0.92222,2.63,2.25
2012.02.07 08:16:10.841,0.92188,0.92217,2.63,2.25
2012.02.07 08:16:11.203,0.92183,0.92213,3.60,2.25
2012.02.07 08:16:11.383,0.92185,0.92219,3.00,2.25
2012.02.07 08:16:11.478,0.92196,0.92228,2.25,4.73
2012.02.07 08:16:11.796,0.92193,0.92224,2.25,3.23
2012.02.07 08:16:11.907,0.92187,0.9222,2.25,2.25
2012.02.07 08:16:12.423,0.92185,0.9222,2.63,2.25
2012.02.07 08:16:12.514,0.922,0.92227,2.25,1.35
2012.02.07 08:16:12.633,0.922,0.92228,2.25,2.25
2012.02.07 08:16:12.843,0.922,0.9223,2.25,2.25
2012.02.07 08:16:12.962,0.92202,0.9223,2.25,2.25
2012.02.07 08:16:13.344,0.92199,0.92227,2.25,2.25
2012.02.07 08:16:14.113,0.92196,0.92224,2.25,2.25
2012.02.07 08:16:14.330,0.922,0.9223,2.25,2.63
2012.02.07 08:16:14.451,0.92202,0.92232,2.25,2.63
2012.02.07 08:16:14.798,0.92204,0.92232,2.63,2.25
2012.02.07 08:16:14.863,0.92207,0.92235,2.25,2.25
2012.02.07 08:16:14.929,0.92207,0.92238,2.25,2.25
2012.02.07 08:16:15.705,0.92205,0.92237,2.63,2.25
2012.02.07 08:16:16.214,0.92207,0.92235,2.25,2.25
2012.02.07 08:16:16.741,0.92211,0.92239,2.25,2.25
2012.02.07 08:16:17.469,0.92212,0.9224,2.25,2.25
2012.02.07 08:16:17.536,0.92208,0.92238,2.25,2.25
2012.02.07 08:16:18.040,0.92207,0.92237,2.63,2.25
2012.02.07 08:16:18.743,0.92208,0.92236,2.25,2.25
2012.02.07 08:16:19.633,0.92205,0.92233,2.25,2.25
2012.02.07 08:16:19.752,0.92205,0.92235,2.25,2.25
2012.02.07 08:16:19.983,0.92201,0.92229,2.63,2.25
2012.02.07 08:16:20.076,0.92203,0.92233,2.63,2.25
2012.02.07 08:16:20.307,0.92201,0.92229,2.63,2.25
2012.02.07 08:16:20.403,0.92201,0.92231,2.63,2.25
2012.02.07 08:16:20.465,0.92201,0.92231,2.25,2.25
2012.02.07 08:16:21.097,0.922,0.9223,2.25,2.25
2012.02.07 08:16:21.948,0.92202,0.92232,2.25,2.25
2012.02.07 08:16:22.390,0.92198,0.92228,2.63,2.25
2012.02.07 08:16:23.322,0.92202,0.9223,2.25,2.25
2012.02.07 08:16:24.005,0.92201,0.92229,2.25,2.25
2012.02.07 08:16:26.202,0.922,0.9223,2.25,2.25
2012.02.07 08:16:26.531,0.922,0.9223,2.25,2.63
2012.02.07 08:16:26.743,0.92195,0.92225,2.25,2.25
2012.02.07 08:16:26.846,0.92193,0.92226,2.25,2.25
2012.02.07 08:16:27.669,0.92192,0.92226,2.25,2.63
2012.02.07 08:16:27.734,0.92198,0.92226,2.25,2.63
2012.02.07 08:16:33.607,0.92194,0.92226,2.25,2.63
2012.02.07 08:16:34.731,0.92193,0.92225,2.25,2.63
2012.02.07 08:16:35.143,0.92195,0.92227,2.25,2.63
2012.02.07 08:16:35.806,0.92193,0.92221,2.25,2.25
2012.02.07 08:16:37.880,0.92192,0.9222,2.25,2.25
2012.02.07 08:16:41.221,0.92187,0.92216,2.63,2.25
2012.02.07 08:16:41.753,0.92187,0.92216,2.25,2.25
2012.02.07 08:16:42.484,0.92191,0.92221,2.25,2.63
2012.02.07 08:16:42.609,0.92188,0.92218,2.25,2.25
2012.02.07 08:16:43.034,0.92188,0.92216,2.25,2.25
2012.02.07 08:16:43.834,0.92183,0.92213,2.63,2.25
2012.02.07 08:16:44.100,0.92183,0.92213,2.25,2.25
2012.02.07 08:16:44.683,0.92184,0.92214,2.25,2.25
2012.02.07 08:16:46.480,0.92183,0.92211,2.25,2.25
2012.02.07 08:16:46.554,0.92178,0.92207,2.63,2.25
2012.02.07 08:16:46.923,0.9218,0.92207,2.25,2.25
2012.02.07 08:16:47.042,0.92186,0.92215,2.25,2.63
2012.02.07 08:16:47.252,0.92188,0.92215,2.25,2.63
2012.02.07 08:16:48.051,0.92189,0.92218,2.25,3.00
2012.02.07 08:16:48.112,0.92184,0.92214,3.23,2.25
2012.02.07 08:16:48.811,0.92184,0.92214,2.85,2.25
2012.02.07 08:16:50.344,0.92184,0.92214,2.25,2.25
2012.02.07 08:16:50.916,0.92188,0.92216,2.25,2.25
2012.02.07 08:16:51.398,0.92186,0.92214,2.25,2.25
2012.02.07 08:16:51.507,0.92186,0.92216,2.25,2.25
2012.02.07 08:16:51.745,0.92186,0.92214,2.25,2.25
2012.02.07 08:16:52.386,0.92186,0.92216,2.25,2.25
2012.02.07 08:16:53.228,0.92185,0.92215,2.63,2.25
2012.02.07 08:16:54.353,0.92185,0.92215,3.00,2.25
2012.02.07 08:16:54.615,0.92191,0.92221,2.25,2.25
2012.02.07 08:16:55.030,0.92186,0.92216,2.63,2.25
2012.02.07 08:16:55.354,0.92183,0.92211,1.35,2.25
2012.02.07 08:16:55.411,0.92181,0.92211,3.23,2.25
2012.02.07 08:16:55.955,0.92186,0.92216,2.25,2.25
2012.02.07 08:16:56.905,0.92186,0.92214,2.25,2.25
2012.02.07 08:16:59.100,0.92186,0.92216,2.25,2.25
2012.02.07 08:16:59.255,0.92187,0.92216,2.10,2.25
2012.02.07 08:16:59.563,0.92194,0.92222,2.85,2.25
2012.02.07 08:16:59.795,0.92193,0.92217,2.10,2.25
2012.02.07 08:17:00.908,0.92187,0.92217,3.23,2.25
2012.02.07 08:17:01.325,0.92187,0.92215,3.23,2.25
2012.02.07 08:17:02.802,0.92188,0.92215,2.48,2.25
2012.02.07 08:17:03.334,0.92191,0.92221,3.23,2.25
2012.02.07 08:17:04.084,0.92192,0.9222,2.85,2.25
2012.02.07 08:17:04.407,0.92197,0.92227,2.25,2.63
2012.02.07 08:17:04.585,0.92197,0.92227,2.85,2.63
2012.02.07 08:17:05.435,0.92197,0.92225,3.23,2.25
2012.02.07 08:17:06.110,0.92197,0.92225,2.63,2.25
2012.02.07 08:17:06.172,0.92192,0.92221,1.35,2.25
2012.02.07 08:17:06.643,0.92192,0.92219,1.35,2.25
2012.02.07 08:17:07.597,0.92192,0.9222,3.60,2.25
2012.02.07 08:17:07.660,0.92192,0.9222,2.85,2.25
2012.02.07 08:17:08.639,0.92192,0.9222,2.25,2.25
2012.02.07 08:17:08.800,0.92187,0.92217,2.63,2.25
2012.02.07 08:17:09.544,0.92187,0.92215,2.63,2.25
2012.02.07 08:17:10.836,0.92187,0.92215,2.25,2.25
2012.02.07 08:17:11.105,0.92192,0.9222,2.25,2.25
2012.02.07 08:17:11.626,0.92187,0.92215,2.25,2.25
2012.02.07 08:17:12.606,0.92182,0.92209,2.48,2.25
2012.02.07 08:17:13.046,0.92182,0.92214,2.48,2.25
2012.02.07 08:17:13.282,0.92182,0.92211,2.10,2.25
2012.02.07 08:17:13.512,0.92182,0.92214,4.35,2.25
2012.02.07 08:17:15.012,0.92183,0.92214,3.23,2.25
2012.02.07 08:17:15.071,0.9219,0.92218,2.25,2.25
2012.02.07 08:17:15.478,0.92192,0.9222,2.25,2.25
2012.02.07 08:17:15.811,0.92187,0.92216,2.48,2.25
2012.02.07 08:17:16.917,0.92187,0.92217,4.73,2.25
2012.02.07 08:17:17.181,0.92191,0.92219,3.23,2.25
2012.02.07 08:17:17.743,0.92194,0.92222,2.25,2.25
2012.02.07 08:17:17.802,0.92197,0.92226,2.25,2.25
2012.02.07 08:17:18.103,0.92199,0.92226,2.25,2.25
2012.02.07 08:17:18.699,0.922,0.92229,2.25,2.25
2012.02.07 08:17:19.193,0.92201,0.92228,2.25,2.25
2012.02.07 08:17:19.251,0.92197,0.92226,3.23,2.25
2012.02.07 08:17:19.791,0.92197,0.92224,2.25,2.25
2012.02.07 08:17:20.389,0.92193,0.92221,2.63,2.25
2012.02.07 08:17:20.893,0.9219,0.9222,3.23,2.25
2012.02.07 08:17:21.116,0.92193,0.92222,2.63,2.25
2012.02.07 08:17:22.231,0.92194,0.92222,2.25,2.25
2012.02.07 08:17:22.285,0.92197,0.92225,2.25,2.25
2012.02.07 08:17:22.634,0.92197,0.92225,2.85,2.25
2012.02.07 08:17:22.693,0.92197,0.92225,2.25,2.25
2012.02.07 08:17:22.755,0.922,0.9223,2.25,2.25
2012.02.07 08:17:22.942,0.92199,0.92227,2.25,2.25
2012.02.07 08:17:23.282,0.92193,0.92221,2.63,2.25
2012.02.07 08:17:24.172,0.92193,0.92221,3.23,2.25
2012.02.07 08:17:25.761,0.92192,0.9222,2.85,2.25
2012.02.07 08:17:26.320,0.92192,0.9222,2.25,2.25
2012.02.07 08:17:27.579,0.92189,0.92217,3.23,2.25
2012.02.07 08:17:27.817,0.92192,0.92224,2.25,2.25
2012.02.07 08:17:28.080,0.92192,0.9222,2.25,2.25
2012.02.07 08:17:28.464,0.92197,0.92225,2.25,2.25
2012.02.07 08:17:29.304,0.92197,0.92227,2.25,2.25
2012.02.07 08:17:31.004,0.92196,0.92226,2.25,2.25
2012.02.07 08:17:32.842,0.92198,0.92226,2.25,2.25
2012.02.07 08:17:33.430,0.92194,0.92222,2.25,2.25
2012.02.07 08:17:33.634,0.92191,0.92221,2.85,2.25
2012.02.07 08:17:34.292,0.92194,0.92226,2.25,2.25
2012.02.07 08:17:34.980,0.92188,0.92218,3.23,2.25
2012.02.07 08:17:35.510,0.92194,0.92226,2.25,2.63
2012.02.07 08:17:37.079,0.92189,0.92217,2.25,2.25
2012.02.07 08:17:38.493,0.92187,0.92215,2.63,2.25
2012.02.07 08:17:39.035,0.92192,0.9222,2.25,2.25
2012.02.07 08:17:39.691,0.92191,0.92219,2.25,2.85
2012.02.07 08:17:39.900,0.92186,0.92214,2.63,2.25
2012.02.07 08:17:40.020,0.92191,0.92219,2.25,2.85
2012.02.07 08:17:41.408,0.92188,0.92218,2.25,2.25
2012.02.07 08:17:42.887,0.9219,0.92218,2.25,2.25
2012.02.07 08:17:43.432,0.92191,0.92219,2.25,2.85
2012.02.07 08:17:43.704,0.92185,0.92213,2.63,2.25
2012.02.07 08:17:46.376,0.92185,0.92215,2.85,2.25
2012.02.07 08:17:46.504,0.92185,0.92213,2.85,2.25
2012.02.07 08:17:48.061,0.92184,0.92212,2.85,2.25
2012.02.07 08:17:48.673,0.92182,0.92212,2.25,2.25
2012.02.07 08:17:49.358,0.92184,0.92212,2.25,2.25
2012.02.07 08:17:54.693,0.92179,0.92207,2.85,2.25
2012.02.07 08:17:55.824,0.92169,0.92199,2.63,2.25
2012.02.07 08:17:55.936,0.92175,0.92205,2.25,2.25
2012.02.07 08:17:57.771,0.92171,0.92199,2.85,2.25
2012.02.07 08:17:57.922,0.92177,0.92205,2.25,2.25
2012.02.07 08:17:58.158,0.92175,0.92205,2.25,2.25
2012.02.07 08:17:59.115,0.92175,0.92205,2.63,2.25
2012.02.07 08:18:01.128,0.92181,0.92209,2.25,2.25
2012.02.07 08:18:01.192,0.92175,0.92208,2.63,2.25
2012.02.07 08:18:01.358,0.92182,0.92212,2.25,2.85
2012.02.07 08:18:02.495,0.92182,0.92212,2.63,2.25
2012.02.07 08:18:02.922,0.92185,0.92214,2.25,2.25
2012.02.07 08:18:03.374,0.92185,0.92214,2.63,2.25
2012.02.07 08:18:04.525,0.92186,0.92213,2.63,2.25
2012.02.07 08:18:05.581,0.92186,0.92213,2.25,2.25
2012.02.07 08:18:08.406,0.92185,0.92212,2.25,2.25
2012.02.07 08:18:08.951,0.92185,0.92214,2.25,2.25
2012.02.07 08:18:09.062,0.92189,0.92219,2.25,3.23
2012.02.07 08:18:09.571,0.92188,0.92218,2.25,2.25
2012.02.07 08:18:10.573,0.9219,0.92218,2.25,2.25
2012.02.07 08:18:13.548,0.92185,0.92214,2.63,2.25
2012.02.07 08:18:16.432,0.92185,0.92214,2.25,2.25
2012.02.07 08:18:16.825,0.92181,0.92209,2.63,2.25
2012.02.07 08:18:16.990,0.92185,0.92214,2.25,2.25
2012.02.07 08:18:17.290,0.92177,0.92204,1.35,2.25
2012.02.07 08:18:17.788,0.92176,0.92204,2.85,2.25
2012.02.07 08:18:17.862,0.92171,0.92201,2.85,2.25
2012.02.07 08:18:18.043,0.92176,0.92204,2.25,2.25
2012.02.07 08:18:18.559,0.92175,0.92205,2.25,2.25
2012.02.07 08:18:19.222,0.92171,0.92201,2.85,2.25
2012.02.07 08:18:20.848,0.92171,0.92188,2.25,2.10
2012.02.07 08:18:21.383,0.92154,0.92188,1.13,2.10
2012.02.07 08:18:21.466,0.92163,0.92191,2.25,2.25
2012.02.07 08:18:21.527,0.92164,0.92194,2.85,2.25
2012.02.07 08:18:21.691,0.92164,0.92192,2.85,2.25
2012.02.07 08:18:21.907,0.92164,0.92194,2.85,2.25
2012.02.07 08:18:22.491,0.92165,0.92195,2.85,2.25
2012.02.07 08:18:27.758,0.92166,0.92195,2.10,2.25
2012.02.07 08:18:28.073,0.9217,0.922,2.85,2.25
2012.02.07 08:18:28.292,0.92173,0.92201,2.25,2.63
2012.02.07 08:18:40.320,0.92177,0.92205,2.25,2.85
2012.02.07 08:18:46.932,0.92177,0.92205,2.25,2.25
2012.02.07 08:18:47.292,0.9218,0.92208,2.63,3.00
2012.02.07 08:18:47.869,0.92174,0.92204,3.00,2.25
2012.02.07 08:18:47.952,0.92177,0.92206,3.60,2.25
2012.02.07 08:18:48.305,0.92177,0.92206,2.85,2.25
2012.02.07 08:18:52.483,0.92177,0.92207,2.85,2.25
2012.02.07 08:18:54.711,0.92176,0.92204,2.63,2.25
2012.02.07 08:18:54.960,0.92176,0.92208,2.63,2.25
2012.02.07 08:18:59.721,0.92176,0.92208,3.60,2.25
2012.02.07 08:19:00.065,0.92182,0.92212,2.25,2.63
2012.02.07 08:19:00.370,0.92182,0.92212,2.25,2.25
2012.02.07 08:19:00.693,0.92182,0.92212,2.25,2.85
2012.02.07 08:19:00.870,0.92176,0.92208,2.63,2.25
2012.02.07 08:19:05.256,0.92175,0.92208,2.25,2.25
2012.02.07 08:19:05.470,0.92176,0.92206,2.25,2.25
2012.02.07 08:19:05.592,0.92171,0.92206,2.63,2.25
2012.02.07 08:19:05.803,0.9217,0.922,2.63,2.25
2012.02.07 08:19:06.734,0.92169,0.922,2.25,2.25
2012.02.07 08:19:07.255,0.92171,0.92201,2.25,2.63
2012.02.07 08:19:07.689,0.92171,0.92199,2.25,2.25
2012.02.07 08:19:07.902,0.92169,0.922,2.25,2.25
2012.02.07 08:19:08.115,0.9217,0.92198,2.25,2.25
2012.02.07 08:19:11.612,0.9217,0.922,2.25,2.25
2012.02.07 08:19:11.732,0.9218,0.92208,2.25,2.25
2012.02.07 08:19:12.433,0.92177,0.92207,2.25,2.25
2012.02.07 08:19:12.514,0.92173,0.92203,2.25,2.25
2012.02.07 08:19:12.634,0.92175,0.92208,2.25,2.25
2012.02.07 08:19:14.603,0.92175,0.92207,2.85,2.25
2012.02.07 08:19:16.991,0.92179,0.92209,2.25,2.63
2012.02.07 08:19:17.113,0.92179,0.92209,2.25,2.63
2012.02.07 08:19:17.171,0.92174,0.92209,2.85,2.63
2012.02.07 08:19:20.105,0.92175,0.92208,2.85,2.25
2012.02.07 08:19:21.225,0.92173,0.92205,2.25,2.25
2012.02.07 08:19:21.775,0.92173,0.92204,2.25,2.25
2012.02.07 08:19:22.195,0.92171,0.92204,2.25,2.25
2012.02.07 08:19:22.407,0.92169,0.92203,2.63,2.25
2012.02.07 08:19:24.252,0.92168,0.92202,2.63,2.25
2012.02.07 08:19:25.334,0.92168,0.92202,2.25,2.63
2012.02.07 08:19:26.365,0.92167,0.92201,2.25,2.25
2012.02.07 08:19:26.562,0.92166,0.92196,2.25,2.25
2012.02.07 08:19:27.017,0.92167,0.92201,2.25,2.25
2012.02.07 08:19:27.635,0.92166,0.92202,2.25,2.25
2012.02.07 08:19:27.855,0.92162,0.92189,1.13,2.25
2012.02.07 08:19:27.912,0.92167,0.92201,2.25,2.25
2012.02.07 08:19:28.655,0.92166,0.92196,2.85,2.25
2012.02.07 08:19:31.030,0.92166,0.92195,2.85,2.25
2012.02.07 08:19:31.591,0.92166,0.92199,2.85,2.63
2012.02.07 08:19:33.063,0.92161,0.92194,3.23,2.25
2012.02.07 08:19:33.863,0.92161,0.92194,2.85,2.25
2012.02.07 08:19:38.044,0.92166,0.92197,2.25,2.63
2012.02.07 08:19:39.506,0.92161,0.92191,2.85,2.25
2012.02.07 08:19:39.839,0.92163,0.92197,2.25,2.25
2012.02.07 08:19:39.963,0.92169,0.92201,2.25,2.63
2012.02.07 08:19:40.628,0.92162,0.92195,2.63,2.25
2012.02.07 08:19:41.504,0.92164,0.922,2.25,2.63
2012.02.07 08:19:41.808,0.92164,0.92199,2.25,2.63
2012.02.07 08:19:41.940,0.92165,0.92197,2.25,2.25
2012.02.07 08:19:42.276,0.92161,0.92195,2.63,2.25
2012.02.07 08:19:42.989,0.92163,0.92196,2.25,2.25
2012.02.07 08:19:47.500,0.92165,0.92195,2.25,2.25
2012.02.07 08:19:48.416,0.92164,0.92195,2.25,2.25
2012.02.07 08:19:48.911,0.92164,0.92193,2.25,2.25
2012.02.07 08:19:49.512,0.92162,0.92194,2.25,2.25
2012.02.07 08:19:50.395,0.92162,0.92196,2.25,2.25
2012.02.07 08:19:52.403,0.92164,0.92195,2.25,2.25
2012.02.07 08:19:52.780,0.9217,0.922,2.25,2.63
2012.02.07 08:19:52.841,0.92165,0.92195,2.25,2.25
2012.02.07 08:19:53.381,0.92163,0.92194,2.63,2.25
2012.02.07 08:19:56.784,0.92165,0.92195,2.25,2.25
2012.02.07 08:19:58.419,0.92165,0.92193,2.25,2.25
2012.02.07 08:19:59.981,0.92166,0.92194,2.25,2.25
2012.02.07 08:20:07.245,0.92168,0.92196,2.25,2.25
2012.02.07 08:20:07.865,0.92169,0.92196,3.23,2.25
2012.02.07 08:20:07.924,0.92171,0.922,2.85,2.25
2012.02.07 08:20:08.062,0.92177,0.92206,2.25,2.25
2012.02.07 08:20:08.123,0.92179,0.92208,2.25,3.23
2012.02.07 08:20:10.326,0.92174,0.92201,2.25,2.25
2012.02.07 08:20:12.962,0.92172,0.92201,2.25,2.25
2012.02.07 08:20:15.492,0.92174,0.92201,2.10,2.25
2012.02.07 08:20:15.578,0.92179,0.92206,2.25,2.63
2012.02.07 08:20:15.840,0.92176,0.92206,2.85,2.63
2012.02.07 08:20:16.090,0.92176,0.92206,2.85,2.25
2012.02.07 08:20:16.913,0.92178,0.92207,2.25,2.63
2012.02.07 08:20:17.251,0.9218,0.92207,2.25,2.25
2012.02.07 08:20:19.864,0.92178,0.92207,2.25,2.25
2012.02.07 08:20:23.741,0.9218,0.92209,2.25,2.85
2012.02.07 08:20:24.056,0.92186,0.92213,2.25,2.25
2012.02.07 08:20:24.120,0.9218,0.9221,2.25,2.25
2012.02.07 08:20:24.894,0.92186,0.92213,2.25,2.25
2012.02.07 08:20:33.001,0.92182,0.92209,2.25,2.25
2012.02.07 08:20:33.312,0.92182,0.92213,2.25,2.25
2012.02.07 08:20:33.824,0.92181,0.92214,2.63,2.85
2012.02.07 08:20:35.633,0.9218,0.92207,2.63,2.25
2012.02.07 08:20:35.882,0.92178,0.92205,2.25,2.25
2012.02.07 08:20:36.762,0.92173,0.922,2.25,2.25
2012.02.07 08:20:37.714,0.92178,0.92207,2.25,2.63
2012.02.07 08:20:37.831,0.92174,0.92203,2.25,2.25
2012.02.07 08:20:38.137,0.92172,0.92204,2.25,2.25
2012.02.07 08:20:39.101,0.92172,0.92205,2.63,2.85
2012.02.07 08:20:39.164,0.92178,0.92205,2.25,2.85
2012.02.07 08:20:39.231,0.92174,0.92205,2.25,2.85
2012.02.07 08:20:39.680,0.92179,0.92206,2.25,2.85
2012.02.07 08:20:40.214,0.92174,0.92205,2.25,2.85
2012.02.07 08:20:40.932,0.92179,0.92206,2.25,2.85
2012.02.07 08:20:41.745,0.92179,0.92206,2.25,2.25
2012.02.07 08:20:43.292,0.92182,0.92212,2.25,3.23
2012.02.07 08:20:43.503,0.92178,0.92207,2.25,2.25
2012.02.07 08:20:43.942,0.92183,0.92211,2.25,3.23
2012.02.07 08:20:44.708,0.92183,0.92211,2.25,2.85
2012.02.07 08:20:45.635,0.92185,0.92213,2.25,2.85
2012.02.07 08:20:45.892,0.9218,0.92209,2.25,2.25
2012.02.07 08:20:47.595,0.92182,0.92214,2.25,2.48
2012.02.07 08:20:47.912,0.92184,0.92214,2.25,2.48
2012.02.07 08:20:51.432,0.92184,0.92209,2.25,2.10
2012.02.07 08:20:51.671,0.92176,0.92205,2.25,2.10
2012.02.07 08:20:51.793,0.92181,0.92209,2.25,2.10
2012.02.07 08:20:51.912,0.92175,0.92209,2.25,2.10
2012.02.07 08:20:52.031,0.9218,0.92209,2.25,2.10
2012.02.07 08:20:52.793,0.92186,0.92214,2.25,2.48
2012.02.07 08:20:55.838,0.92183,0.92214,2.25,2.48
2012.02.07 08:20:56.183,0.92183,0.92218,2.25,3.60
2012.02.07 08:20:56.242,0.9218,0.92218,2.25,3.60
2012.02.07 08:20:57.848,0.92189,0.92218,2.25,1.35
2012.02.07 08:20:58.171,0.92185,0.92218,2.25,1.35
2012.02.07 08:21:02.392,0.92185,0.92219,2.25,4.35
2012.02.07 08:21:03.780,0.92184,0.92218,2.25,3.23
2012.02.07 08:21:04.404,0.92184,0.92218,2.25,3.60
2012.02.07 08:21:04.463,0.92182,0.92216,2.25,3.23
2012.02.07 08:21:05.334,0.92181,0.92214,2.25,2.63
2012.02.07 08:21:05.878,0.9218,0.92213,2.25,2.63
2012.02.07 08:21:06.286,0.92184,0.92217,2.25,1.35
2012.02.07 08:21:06.793,0.92179,0.92214,2.25,2.63
2012.02.07 08:21:07.385,0.92175,0.9221,2.63,2.25
2012.02.07 08:21:07.441,0.92178,0.92215,2.25,2.63
2012.02.07 08:21:08.353,0.92178,0.92215,2.25,3.00
2012.02.07 08:21:12.274,0.92175,0.9221,2.25,2.63
2012.02.07 08:21:12.795,0.92181,0.92215,2.25,3.00
2012.02.07 08:21:13.862,0.92181,0.92215,2.25,2.63
2012.02.07 08:21:15.991,0.92182,0.92216,2.25,3.23
2012.02.07 08:21:17.594,0.92179,0.92213,2.25,2.63
2012.02.07 08:21:18.033,0.92186,0.92216,2.25,1.35
2012.02.07 08:21:18.381,0.92186,0.9222,2.25,3.23
2012.02.07 08:21:19.083,0.92184,0.92219,2.25,3.23
2012.02.07 08:21:19.824,0.92186,0.92219,2.25,3.23
2012.02.07 08:21:21.631,0.92186,0.92218,2.25,2.48
2012.02.07 08:21:22.396,0.92182,0.92216,2.25,3.23
2012.02.07 08:21:22.462,0.92186,0.92218,2.25,2.48
2012.02.07 08:21:22.521,0.92186,0.92221,2.25,3.60
2012.02.07 08:21:22.623,0.92186,0.92221,2.25,3.23
2012.02.07 08:21:23.354,0.92189,0.92223,2.25,7.80
2012.02.07 08:21:23.883,0.9219,0.92223,2.25,5.48
2012.02.07 08:21:24.746,0.92185,0.9222,2.25,2.85
2012.02.07 08:21:26.934,0.92185,0.92221,2.25,3.23
2012.02.07 08:21:28.782,0.92184,0.9222,2.25,2.63
2012.02.07 08:21:29.529,0.92183,0.92219,2.25,2.63
2012.02.07 08:21:30.522,0.92184,0.92223,2.25,2.10
2012.02.07 08:21:32.817,0.92191,0.92223,2.25,1.35
2012.02.07 08:21:34.162,0.92185,0.92223,2.25,1.35
2012.02.07 08:21:35.928,0.92183,0.92219,2.25,2.63
2012.02.07 08:21:37.390,0.92183,0.92219,2.25,2.63
2012.02.07 08:21:41.065,0.92182,0.92219,2.25,2.63
2012.02.07 08:21:45.348,0.92184,0.92219,2.25,2.63
2012.02.07 08:21:45.961,0.92184,0.92219,2.25,2.63
2012.02.07 08:21:46.645,0.92184,0.92219,2.25,3.00
2012.02.07 08:21:47.352,0.92182,0.92218,2.25,2.63
2012.02.07 08:21:48.845,0.92187,0.92222,2.25,1.35
2012.02.07 08:21:50.404,0.92187,0.92223,2.25,1.35
2012.02.07 08:21:51.960,0.92187,0.92222,2.25,1.35
2012.02.07 08:21:52.172,0.92183,0.92218,2.25,2.63
2012.02.07 08:21:52.604,0.92188,0.92222,2.25,1.35
2012.02.07 08:21:54.383,0.92183,0.92218,2.25,2.63
2012.02.07 08:21:54.443,0.92187,0.92222,2.25,1.35
2012.02.07 08:21:54.865,0.92187,0.92223,2.25,1.73
2012.02.07 08:21:55.861,0.92183,0.92219,2.25,2.63
2012.02.07 08:21:55.922,0.92183,0.92218,2.25,3.00
2012.02.07 08:22:01.894,0.92183,0.92218,2.25,3.23
2012.02.07 08:22:04.262,0.92184,0.92218,2.25,2.48
2012.02.07 08:22:05.131,0.92184,0.92219,2.25,3.23
2012.02.07 08:22:07.544,0.92184,0.92212,2.25,2.10
2012.02.07 08:22:07.810,0.92175,0.92209,2.85,2.63
2012.02.07 08:22:07.952,0.92183,0.92216,2.25,1.35
2012.02.07 08:22:09.622,0.92183,0.92217,2.25,1.35
2012.02.07 08:22:12.838,0.92183,0.92218,2.25,3.23
2012.02.07 08:22:12.970,0.92188,0.92221,2.25,2.85
2012.02.07 08:22:15.168,0.92191,0.92223,2.25,1.35
2012.02.07 08:22:15.233,0.92188,0.92223,2.25,3.60
2012.02.07 08:22:15.291,0.92186,0.92219,2.25,3.00
2012.02.07 08:22:15.880,0.92186,0.9222,2.25,4.73
2012.02.07 08:22:15.943,0.92186,0.9222,2.25,2.63
2012.02.07 08:22:16.062,0.92191,0.92223,2.25,1.35
2012.02.07 08:22:17.428,0.92191,0.92224,2.25,3.23
2012.02.07 08:22:18.571,0.9219,0.92224,2.25,3.23
2012.02.07 08:22:21.604,0.92194,0.92224,2.25,2.48
2012.02.07 08:22:21.667,0.92191,0.92224,2.25,4.73
2012.02.07 08:22:21.992,0.92181,0.92216,2.63,2.85
2012.02.07 08:22:22.313,0.92186,0.92217,2.25,2.48
2012.02.07 08:22:22.783,0.92183,0.92219,2.25,2.63
2012.02.07 08:22:24.982,0.92183,0.92219,2.25,3.00
2012.02.07 08:22:27.362,0.92187,0.9222,2.25,3.60
2012.02.07 08:22:29.024,0.92186,0.92219,2.25,3.00
2012.02.07 08:22:31.462,0.92184,0.92219,2.25,3.00
2012.02.07 08:22:31.680,0.92191,0.9222,2.25,1.35
2012.02.07 08:22:31.953,0.92187,0.92218,2.25,2.85
2012.02.07 08:22:32.689,0.92187,0.92218,2.25,2.48
2012.02.07 08:22:38.607,0.92193,0.92218,2.25,2.48
2012.02.07 08:22:38.733,0.92193,0.92223,2.25,1.35
2012.02.07 08:22:39.128,0.92188,0.92221,2.25,2.63
2012.02.07 08:22:40.059,0.92188,0.9222,2.25,2.48
2012.02.07 08:22:40.676,0.92187,0.9222,2.25,2.48
2012.02.07 08:22:40.783,0.92187,0.92222,2.25,2.63
2012.02.07 08:22:40.841,0.92193,0.92225,2.25,1.35
2012.02.07 08:22:41.835,0.92193,0.92226,2.25,3.23
2012.02.07 08:22:42.871,0.92187,0.92222,2.25,2.63
2012.02.07 08:22:43.044,0.92187,0.92222,2.25,3.00
2012.02.07 08:22:45.880,0.92187,0.92222,2.25,3.00
2012.02.07 08:22:46.496,0.92188,0.92221,2.25,3.00
2012.02.07 08:22:47.115,0.92188,0.92221,2.25,3.00
2012.02.07 08:22:47.801,0.92189,0.92219,2.25,2.10
2012.02.07 08:22:48.368,0.92184,0.92218,2.25,2.85
2012.02.07 08:22:48.502,0.92184,0.92211,2.25,2.10
2012.02.07 08:22:48.606,0.92179,0.92211,2.63,2.10
2012.02.07 08:22:48.843,0.92179,0.92211,2.25,2.48
2012.02.07 08:22:48.959,0.92181,0.92211,2.25,2.48
2012.02.07 08:22:49.794,0.92179,0.92211,2.25,2.48
2012.02.07 08:22:52.281,0.92183,0.92211,2.25,2.48
2012.02.07 08:22:53.603,0.92183,0.92211,2.25,2.48
2012.02.07 08:22:53.661,0.9218,0.92211,2.25,2.48
2012.02.07 08:22:54.681,0.9218,0.92212,2.25,2.85
2012.02.07 08:22:56.323,0.92183,0.92212,2.25,2.48
2012.02.07 08:22:58.331,0.9218,0.92211,2.25,1.35
2012.02.07 08:23:02.322,0.92179,0.92212,2.25,2.85
2012.02.07 08:23:02.382,0.92181,0.92212,2.25,2.85
2012.02.07 08:23:07.665,0.92176,0.92211,2.25,3.23
2012.02.07 08:23:07.733,0.92176,0.92205,2.25,2.10
2012.02.07 08:23:08.483,0.92175,0.92205,2.25,2.48
2012.02.07 08:23:09.023,0.92175,0.92208,2.25,3.60
2012.02.07 08:23:10.523,0.92176,0.92208,2.25,1.35
2012.02.07 08:23:11.134,0.92175,0.92208,2.25,1.35
2012.02.07 08:23:14.254,0.92176,0.92208,2.25,1.35
2012.02.07 08:23:14.975,0.92179,0.92207,2.25,1.35
2012.02.07 08:23:15.105,0.92177,0.92204,2.25,1.35
2012.02.07 08:23:15.247,0.9218,0.92204,2.25,1.35
2012.02.07 08:23:15.945,0.92185,0.92211,2.25,1.35
2012.02.07 08:23:16.039,0.92179,0.92214,2.25,4.73
2012.02.07 08:23:16.697,0.92179,0.92214,2.25,5.48
2012.02.07 08:23:16.924,0.92183,0.92215,2.25,3.60
2012.02.07 08:23:17.794,0.92182,0.92214,2.25,3.23
2012.02.07 08:23:19.344,0.92182,0.92216,2.25,3.23
2012.02.07 08:23:20.080,0.92187,0.92217,2.25,2.85
2012.02.07 08:23:20.147,0.92185,0.92217,2.25,3.60
2012.02.07 08:23:20.453,0.92185,0.92217,2.25,3.23
2012.02.07 08:23:20.856,0.9219,0.92219,2.25,1.13
2012.02.07 08:23:21.100,0.92186,0.9222,2.25,5.10
2012.02.07 08:23:21.435,0.92185,0.92212,2.25,2.10
2012.02.07 08:23:21.625,0.9218,0.92212,2.25,2.10
2012.02.07 08:23:22.163,0.92175,0.9221,2.25,3.23
2012.02.07 08:23:22.452,0.92175,0.9221,2.25,2.63
2012.02.07 08:23:22.523,0.92185,0.92215,2.25,1.35
2012.02.07 08:23:22.595,0.92185,0.92218,2.25,3.23
2012.02.07 08:23:23.522,0.92184,0.92217,2.25,3.23
2012.02.07 08:23:25.102,0.92184,0.92217,2.25,3.60
2012.02.07 08:23:25.713,0.92185,0.92217,2.25,3.60
2012.02.07 08:23:26.813,0.92184,0.92217,2.25,3.60
2012.02.07 08:23:28.102,0.92181,0.92215,2.25,3.23
2012.02.07 08:23:29.137,0.92182,0.92216,2.25,3.23
2012.02.07 08:23:30.761,0.92182,0.92213,2.25,2.10
2012.02.07 08:23:30.875,0.92178,0.92211,2.25,2.63
2012.02.07 08:23:32.660,0.92177,0.9221,2.25,3.23
2012.02.07 08:23:32.889,0.92172,0.92208,2.25,2.63
2012.02.07 08:23:33.134,0.92172,0.92208,2.25,3.00
2012.02.07 08:23:34.847,0.92178,0.92209,2.25,1.35
2012.02.07 08:23:35.277,0.92176,0.92209,2.25,1.35
2012.02.07 08:23:35.525,0.92176,0.9221,2.25,2.25
2012.02.07 08:23:35.581,0.92186,0.92216,2.25,1.35
2012.02.07 08:23:36.291,0.92188,0.92216,2.25,1.35
2012.02.07 08:23:36.475,0.92188,0.9222,2.25,3.60
2012.02.07 08:23:37.598,0.92187,0.92219,2.25,3.23
2012.02.07 08:23:38.705,0.92188,0.9222,2.25,3.60
2012.02.07 08:23:40.014,0.92187,0.92219,2.25,3.23
2012.02.07 08:23:40.211,0.92193,0.9222,2.25,1.35
2012.02.07 08:23:40.942,0.92193,0.92224,2.25,3.23
2012.02.07 08:23:41.663,0.92193,0.92224,2.25,3.23
2012.02.07 08:23:43.073,0.9219,0.92223,2.25,2.85
2012.02.07 08:23:46.487,0.92192,0.92223,2.25,1.73
2012.02.07 08:23:47.884,0.92192,0.92223,2.25,1.73
2012.02.07 08:23:48.224,0.92177,0.92219,1.50,2.48
2012.02.07 08:23:48.912,0.92185,0.92216,2.25,2.85
2012.02.07 08:23:49.703,0.92189,0.92219,2.25,2.10
2012.02.07 08:23:50.425,0.92189,0.92222,2.25,3.23
2012.02.07 08:23:50.482,0.92189,0.92222,2.25,3.23
2012.02.07 08:23:51.909,0.92183,0.92216,2.25,2.25
2012.02.07 08:23:51.976,0.92184,0.92217,2.25,2.85
2012.02.07 08:23:52.494,0.9218,0.92215,2.25,3.23
2012.02.07 08:23:52.766,0.92182,0.92215,2.25,3.23
2012.02.07 08:23:53.042,0.92176,0.92208,2.25,2.25
2012.02.07 08:23:53.104,0.92179,0.92215,2.25,3.23
2012.02.07 08:23:53.769,0.92177,0.92215,2.25,3.23
2012.02.07 08:23:53.903,0.92177,0.92214,2.25,1.35
2012.02.07 08:23:55.011,0.92177,0.92214,2.25,1.35
2012.02.07 08:23:55.412,0.92181,0.92214,2.25,1.35
2012.02.07 08:23:57.516,0.92182,0.92213,2.25,1.35
2012.02.07 08:23:58.733,0.92182,0.92214,2.25,3.23
2012.02.07 08:23:58.842,0.92185,0.92216,2.25,3.23
2012.02.07 08:23:58.904,0.92185,0.92216,2.25,2.63
2012.02.07 08:23:58.963,0.92189,0.92218,2.25,1.13
2012.02.07 08:23:59.558,0.92184,0.92216,2.25,2.63
2012.02.07 08:23:59.624,0.92179,0.92211,2.25,2.25
2012.02.07 08:23:59.933,0.92179,0.92211,2.25,3.00
2012.02.07 08:24:00.023,0.92177,0.92209,2.25,2.63
2012.02.07 08:24:00.475,0.92174,0.92206,2.25,2.63
2012.02.07 08:24:01.478,0.92173,0.92205,2.25,2.25
2012.02.07 08:24:02.047,0.92173,0.92203,2.25,2.25
2012.02.07 08:24:05.423,0.92178,0.92208,2.25,2.63
2012.02.07 08:24:08.076,0.92177,0.92209,2.25,2.63
2012.02.07 08:24:08.594,0.92177,0.92209,2.25,2.25
2012.02.07 08:24:08.781,0.92182,0.92212,2.25,3.23
2012.02.07 08:24:09.728,0.92181,0.92211,2.25,2.63
2012.02.07 08:24:09.951,0.92179,0.92209,2.25,2.25
2012.02.07 08:24:10.585,0.92177,0.92209,2.25,2.25
2012.02.07 08:24:11.227,0.92177,0.92209,2.25,2.63
2012.02.07 08:24:11.855,0.92177,0.92209,2.25,2.63
2012.02.07 08:24:11.912,0.92173,0.92205,2.25,2.63
2012.02.07 08:24:13.273,0.92173,0.92205,2.25,2.63
2012.02.07 08:24:13.587,0.92172,0.92202,2.85,2.25
2012.02.07 08:24:14.354,0.92172,0.92202,2.25,2.63
2012.02.07 08:24:14.442,0.92169,0.92201,2.25,2.63
2012.02.07 08:24:15.473,0.92169,0.92199,2.25,2.63
2012.02.07 08:24:15.591,0.92165,0.92198,2.25,2.63
2012.02.07 08:24:15.769,0.9217,0.92202,2.25,3.60
2012.02.07 08:24:16.322,0.92171,0.92202,2.25,1.35
2012.02.07 08:24:17.771,0.92171,0.92203,2.25,2.63
2012.02.07 08:24:19.175,0.92172,0.92202,2.25,2.63
2012.02.07 08:24:19.311,0.92175,0.92205,2.25,3.00
2012.02.07 08:24:19.371,0.92175,0.92205,2.25,2.63
2012.02.07 08:24:23.708,0.92175,0.92205,2.25,2.63
2012.02.07 08:24:25.974,0.92179,0.9221,2.25,3.00
2012.02.07 08:24:26.046,0.92172,0.92206,2.25,2.63
2012.02.07 08:24:26.228,0.92174,0.92205,2.25,2.63
2012.02.07 08:24:26.743,0.92174,0.92205,2.25,3.23
2012.02.07 08:24:28.847,0.92173,0.92206,2.25,3.23
2012.02.07 08:24:29.194,0.92171,0.92201,2.25,2.63
2012.02.07 08:24:29.252,0.92174,0.92205,2.25,3.23
2012.02.07 08:24:29.561,0.92171,0.92203,2.25,2.63
2012.02.07 08:24:30.944,0.92172,0.92204,2.25,3.23
2012.02.07 08:24:31.302,0.92174,0.92205,2.25,3.60
2012.02.07 08:24:32.135,0.92174,0.92205,2.25,3.23
2012.02.07 08:24:32.387,0.92176,0.92207,2.25,3.60
2012.02.07 08:24:33.474,0.92177,0.92207,2.25,1.35
2012.02.07 08:24:33.868,0.92177,0.92208,2.25,3.23
2012.02.07 08:24:34.127,0.92174,0.92206,2.25,3.23
2012.02.07 08:24:34.192,0.92174,0.92206,2.25,2.63
2012.02.07 08:24:34.666,0.92172,0.92209,2.25,3.23
2012.02.07 08:24:35.446,0.92175,0.92208,2.25,2.63
2012.02.07 08:24:36.644,0.92177,0.92209,2.25,3.23
2012.02.07 08:24:37.412,0.92172,0.92205,2.25,2.25
2012.02.07 08:24:37.547,0.92178,0.92209,2.25,2.63
2012.02.07 08:24:37.952,0.92178,0.92209,2.63,2.25
2012.02.07 08:24:38.493,0.92187,0.92218,2.25,3.38
2012.02.07 08:24:38.553,0.92177,0.92209,2.63,2.25
2012.02.07 08:24:39.644,0.92177,0.92209,2.25,2.63
2012.02.07 08:24:46.003,0.9218,0.92212,2.25,3.23
2012.02.07 08:24:46.785,0.92179,0.92211,2.25,3.23
2012.02.07 08:24:47.856,0.92181,0.92211,2.25,3.23
2012.02.07 08:24:49.807,0.92179,0.92211,2.25,3.23
2012.02.07 08:24:50.713,0.9218,0.9221,2.25,2.25
2012.02.07 08:24:51.258,0.92181,0.92211,2.25,3.23
2012.02.07 08:24:51.373,0.92179,0.92211,2.25,3.23
2012.02.07 08:24:52.431,0.92178,0.9221,2.25,2.25
2012.02.07 08:24:53.037,0.92176,0.92211,2.25,3.23
2012.02.07 08:25:03.846,0.92179,0.9221,2.25,2.25
2012.02.07 08:25:04.364,0.92179,0.9221,2.25,2.63
2012.02.07 08:25:09.552,0.92179,0.9221,2.25,2.63
2012.02.07 08:25:09.612,0.92175,0.92209,2.25,2.25
2012.02.07 08:25:10.259,0.92174,0.92204,2.25,2.25
2012.02.07 08:25:10.384,0.9217,0.92202,2.63,2.25
2012.02.07 08:25:10.445,0.9217,0.92202,2.63,2.85
2012.02.07 08:25:10.645,0.92169,0.92201,2.25,3.23
2012.02.07 08:25:10.922,0.92173,0.92203,2.25,2.48
2012.02.07 08:25:11.030,0.92169,0.92201,2.25,3.23
2012.02.07 08:25:15.638,0.92166,0.92201,2.25,3.23
2012.02.07 08:25:15.738,0.92168,0.922,2.25,3.23
2012.02.07 08:25:16.804,0.92167,0.922,2.25,3.23
2012.02.07 08:25:17.375,0.92169,0.92201,2.25,3.23
2012.02.07 08:25:17.695,0.92167,0.922,2.25,3.23
2012.02.07 08:25:18.452,0.9217,0.922,2.25,3.23
2012.02.07 08:25:25.682,0.9217,0.92197,2.25,2.10
2012.02.07 08:25:25.808,0.9217,0.922,2.25,2.85
2012.02.07 08:25:26.397,0.9217,0.922,2.25,4.35
2012.02.07 08:25:30.585,0.9217,0.922,2.25,2.25
2012.02.07 08:25:30.642,0.92172,0.92204,2.25,2.48
2012.02.07 08:25:33.481,0.9217,0.92204,2.25,2.48
2012.02.07 08:25:33.883,0.92171,0.922,2.25,2.10
2012.02.07 08:25:35.884,0.9217,0.922,2.25,4.35
2012.02.07 08:25:45.573,0.9217,0.922,2.25,2.25
2012.02.07 08:25:45.631,0.92178,0.92206,2.25,2.48
2012.02.07 08:25:45.821,0.92176,0.92206,2.25,2.10
2012.02.07 08:25:45.942,0.92173,0.92203,2.25,2.85
2012.02.07 08:25:47.967,0.92173,0.92203,2.25,2.85
2012.02.07 08:25:48.034,0.92171,0.92201,2.25,2.85
2012.02.07 08:25:48.944,0.9217,0.92203,2.25,2.85
2012.02.07 08:25:49.636,0.9217,0.92202,2.25,3.23
2012.02.07 08:25:50.335,0.92172,0.92202,2.25,3.23
2012.02.07 08:25:51.350,0.92172,0.92202,2.25,3.23
2012.02.07 08:25:53.396,0.92171,0.92201,2.25,3.23
2012.02.07 08:25:54.078,0.92172,0.92202,2.25,3.23
2012.02.07 08:25:55.303,0.9217,0.92202,2.25,2.63
2012.02.07 08:26:01.303,0.92165,0.92198,2.63,2.25
2012.02.07 08:26:05.402,0.92167,0.92198,2.25,2.25
2012.02.07 08:26:05.703,0.92165,0.92198,2.25,2.25
2012.02.07 08:26:06.218,0.92169,0.922,2.25,2.63
2012.02.07 08:26:06.532,0.92175,0.92208,2.25,2.25
2012.02.07 08:26:06.821,0.92177,0.92208,2.25,2.25
2012.02.07 08:26:12.448,0.92176,0.92209,2.25,2.25
2012.02.07 08:26:13.969,0.92176,0.92207,2.25,2.25
2012.02.07 08:26:14.833,0.92175,0.92208,2.25,2.25
2012.02.07 08:26:17.743,0.92176,0.92209,2.25,2.63
2012.02.07 08:26:18.424,0.92169,0.92202,2.63,2.25
2012.02.07 08:26:18.904,0.92175,0.92205,2.25,2.25
2012.02.07 08:26:18.985,0.92175,0.92208,2.25,2.25
2012.02.07 08:26:19.389,0.92175,0.92205,2.25,2.25
2012.02.07 08:26:19.835,0.92169,0.92202,2.63,2.25
2012.02.07 08:26:21.314,0.92169,0.92202,2.25,2.25
2012.02.07 08:26:25.335,0.92169,0.922,2.25,2.25
2012.02.07 08:26:28.464,0.9217,0.92201,2.25,2.25
2012.02.07 08:26:38.864,0.92175,0.92205,2.25,2.63
2012.02.07 08:26:40.591,0.92175,0.92205,2.25,2.25
2012.02.07 08:26:41.083,0.92173,0.92203,2.25,2.25
2012.02.07 08:26:41.207,0.92174,0.92206,2.25,2.25
2012.02.07 08:26:44.817,0.92176,0.92208,2.25,2.25
2012.02.07 08:26:50.120,0.92174,0.92206,2.25,2.25
2012.02.07 08:26:50.897,0.92176,0.92207,2.25,2.25
2012.02.07 08:26:50.962,0.92175,0.92209,2.25,2.25
2012.02.07 08:26:55.191,0.92176,0.92209,2.25,3.00
2012.02.07 08:26:59.151,0.92177,0.9221,2.25,2.25
2012.02.07 08:27:00.038,0.92173,0.92205,2.63,2.25
2012.02.07 08:27:00.161,0.92167,0.92202,2.25,2.25
2012.02.07 08:27:01.623,0.92167,0.92202,3.23,2.25
2012.02.07 08:27:02.382,0.92173,0.92205,2.25,2.25
2012.02.07 08:27:03.364,0.92174,0.92206,2.25,2.25
2012.02.07 08:27:08.690,0.92178,0.92208,2.25,2.25
2012.02.07 08:27:09.026,0.92176,0.92208,2.25,2.25
2012.02.07 08:27:09.653,0.92177,0.92207,2.25,2.25
2012.02.07 08:27:11.025,0.92173,0.92205,2.63,2.25
2012.02.07 08:27:11.347,0.92172,0.92202,2.63,2.25
2012.02.07 08:27:11.493,0.92172,0.92202,2.25,2.25
2012.02.07 08:27:12.161,0.92172,0.92204,2.25,2.63
2012.02.07 08:27:14.579,0.92172,0.92204,2.25,2.25
2012.02.07 08:27:18.873,0.92175,0.92205,2.25,2.63
2012.02.07 08:27:18.935,0.92172,0.92204,2.25,2.25
2012.02.07 08:27:19.167,0.92174,0.92204,2.25,2.25
2012.02.07 08:27:19.675,0.92173,0.92205,2.25,2.85
2012.02.07 08:27:20.277,0.92172,0.92204,2.25,2.25
2012.02.07 08:27:20.708,0.92175,0.92205,2.25,2.85
2012.02.07 08:27:21.456,0.92174,0.92204,2.25,2.25
2012.02.07 08:27:22.023,0.92175,0.92205,2.25,2.85
2012.02.07 08:27:22.371,0.92173,0.92205,2.25,2.85
2012.02.07 08:27:26.735,0.92173,0.92203,2.25,2.25
2012.02.07 08:27:27.672,0.92175,0.92205,2.25,2.85
2012.02.07 08:27:27.746,0.92172,0.92204,2.25,2.25
2012.02.07 08:27:27.814,0.92168,0.92198,2.63,2.25
2012.02.07 08:27:27.993,0.92169,0.92201,2.63,2.25
2012.02.07 08:27:28.066,0.92172,0.92202,2.25,2.25
2012.02.07 08:27:28.380,0.92168,0.92198,2.63,2.25
2012.02.07 08:27:29.458,0.92168,0.92198,2.25,2.63
2012.02.07 08:27:30.243,0.92167,0.92199,2.25,2.63
2012.02.07 08:27:35.115,0.92168,0.92199,2.25,2.63
2012.02.07 08:27:35.419,0.92165,0.92197,2.25,2.63
2012.02.07 08:27:36.611,0.9217,0.92201,2.25,3.23
2012.02.07 08:27:38.506,0.92169,0.922,2.25,3.23
2012.02.07 08:27:38.847,0.92169,0.922,2.25,2.85
2012.02.07 08:27:38.992,0.9217,0.92203,2.25,3.23
2012.02.07 08:27:39.604,0.92169,0.92202,2.25,2.85
2012.02.07 08:27:42.632,0.92166,0.92196,2.85,2.25
2012.02.07 08:27:42.785,0.92169,0.92202,2.25,2.85
2012.02.07 08:27:46.752,0.92168,0.92201,2.25,2.25
2012.02.07 08:27:49.793,0.92165,0.92196,2.85,2.25
2012.02.07 08:27:50.017,0.92168,0.92199,2.25,2.25
2012.02.07 08:27:54.091,0.92168,0.92199,2.25,2.63
2012.02.07 08:27:54.755,0.92166,0.92199,2.25,3.23
2012.02.07 08:27:54.987,0.92168,0.92199,2.25,3.23
2012.02.07 08:27:55.654,0.92169,0.922,2.25,2.63
2012.02.07 08:27:56.599,0.92169,0.922,2.25,3.23
2012.02.07 08:27:57.085,0.92168,0.92199,2.25,3.23
2012.02.07 08:27:57.485,0.92165,0.92196,4.35,2.25
2012.02.07 08:27:57.656,0.92172,0.92202,2.25,3.23
2012.02.07 08:27:58.467,0.9217,0.92202,2.25,3.23
2012.02.07 08:27:59.073,0.92171,0.92203,2.25,3.23
2012.02.07 08:28:01.502,0.92176,0.92204,2.25,1.13
2012.02.07 08:28:01.624,0.92176,0.92208,2.25,3.23
2012.02.07 08:28:01.882,0.92172,0.92202,2.25,2.25
2012.02.07 08:28:03.063,0.92177,0.92207,2.25,4.73
2012.02.07 08:28:03.414,0.92177,0.92207,2.25,3.23
2012.02.07 08:28:03.639,0.92176,0.92203,2.25,2.10
2012.02.07 08:28:03.703,0.92174,0.92203,2.25,2.10
2012.02.07 08:28:03.823,0.9217,0.92202,2.25,2.85
2012.02.07 08:28:05.865,0.92164,0.92196,3.23,2.25
2012.02.07 08:28:05.983,0.92164,0.92196,2.63,2.85
2012.02.07 08:28:06.593,0.92164,0.92196,2.25,3.23
2012.02.07 08:28:06.896,0.92169,0.92198,2.25,2.48
2012.02.07 08:28:07.013,0.92166,0.92198,2.25,3.23
2012.02.07 08:28:07.655,0.92166,0.92202,2.63,2.85
2012.02.07 08:28:07.783,0.92171,0.92204,2.25,2.10
2012.02.07 08:28:08.074,0.92167,0.92203,2.63,2.85
2012.02.07 08:28:08.572,0.92167,0.92203,2.25,3.60
2012.02.07 08:28:08.633,0.92165,0.92197,2.25,2.25
2012.02.07 08:28:08.693,0.92167,0.92197,2.25,2.25
2012.02.07 08:28:09.715,0.92166,0.92196,2.25,2.25
2012.02.07 08:28:11.051,0.92167,0.92197,2.25,2.25
2012.02.07 08:28:11.625,0.92167,0.92202,2.25,3.23
2012.02.07 08:28:12.233,0.92167,0.92202,2.25,3.23
2012.02.07 08:28:12.466,0.92171,0.92201,2.25,3.23
2012.02.07 08:28:12.835,0.92175,0.92204,2.25,2.48
2012.02.07 08:28:13.002,0.92171,0.92201,2.25,3.23
2012.02.07 08:28:14.590,0.92175,0.92204,2.25,2.48
2012.02.07 08:28:15.849,0.92175,0.92207,2.25,3.23
2012.02.07 08:28:16.458,0.92175,0.92204,2.25,1.35
2012.02.07 08:28:16.973,0.92176,0.92208,2.25,3.00
2012.02.07 08:28:17.033,0.92179,0.9221,2.25,1.35
2012.02.07 08:28:17.659,0.92182,0.9221,2.25,1.35
2012.02.07 08:28:17.768,0.92175,0.9221,2.25,2.85
2012.02.07 08:28:19.144,0.92175,0.92211,2.25,2.25
2012.02.07 08:28:19.534,0.92176,0.92209,2.25,2.25
2012.02.07 08:28:20.304,0.92174,0.92206,2.63,2.25
2012.02.07 08:28:20.528,0.92175,0.9221,2.25,2.25
2012.02.07 08:28:21.186,0.9218,0.92215,2.25,3.23
2012.02.07 08:28:22.743,0.92182,0.92215,2.25,3.23
2012.02.07 08:28:23.387,0.92182,0.92215,2.25,3.23
2012.02.07 08:28:23.754,0.9218,0.92212,2.25,2.25
2012.02.07 08:28:24.136,0.9218,0.92216,2.25,3.23
2012.02.07 08:28:24.192,0.92175,0.92211,2.63,2.25
2012.02.07 08:28:24.414,0.92175,0.92211,2.25,2.63
2012.02.07 08:28:25.353,0.92176,0.92209,2.25,2.63
2012.02.07 08:28:25.893,0.92177,0.9221,2.25,2.63
2012.02.07 08:28:26.760,0.92178,0.92208,2.25,2.63
2012.02.07 08:28:33.230,0.92179,0.92214,2.25,1.73
2012.02.07 08:28:33.416,0.92179,0.92212,2.25,2.25
2012.02.07 08:28:33.738,0.92177,0.92209,2.63,2.25
2012.02.07 08:28:34.253,0.92177,0.9221,2.25,3.23
2012.02.07 08:28:35.854,0.92178,0.92208,2.25,2.25
2012.02.07 08:28:36.855,0.92178,0.92208,2.25,2.63
2012.02.07 08:28:38.414,0.92178,0.92208,2.25,2.63
2012.02.07 08:28:38.579,0.92173,0.92204,2.25,2.63
2012.02.07 08:28:38.805,0.92178,0.92208,2.25,2.63
2012.02.07 08:28:39.033,0.92176,0.92208,2.25,2.63
2012.02.07 08:28:39.313,0.92176,0.92208,2.25,2.63
2012.02.07 08:28:40.343,0.92175,0.92207,2.25,3.23
2012.02.07 08:28:40.936,0.92175,0.92207,2.25,2.63
2012.02.07 08:28:43.264,0.92174,0.92206,2.25,2.63
2012.02.07 08:28:47.282,0.9218,0.9221,2.25,3.60
2012.02.07 08:28:48.055,0.9218,0.9221,2.25,3.23
2012.02.07 08:28:49.224,0.9218,0.92209,2.25,1.13
2012.02.07 08:28:49.513,0.92175,0.92207,2.25,2.25
2012.02.07 08:28:50.144,0.92175,0.92207,2.25,2.63
2012.02.07 08:28:50.804,0.92185,0.92211,2.25,1.35
2012.02.07 08:28:51.156,0.92185,0.92216,2.25,2.63
2012.02.07 08:28:51.281,0.92183,0.92216,2.25,2.63
2012.02.07 08:28:52.138,0.92174,0.92206,3.23,2.25
2012.02.07 08:28:52.255,0.92182,0.92214,2.25,2.63
2012.02.07 08:28:52.397,0.92181,0.92213,2.25,2.48
2012.02.07 08:28:52.577,0.92179,0.92213,2.25,2.48
2012.02.07 08:28:53.294,0.92184,0.92213,2.25,2.48
2012.02.07 08:28:54.115,0.92184,0.92216,2.25,2.63
2012.02.07 08:28:54.924,0.92184,0.92216,2.25,3.00
2012.02.07 08:28:55.043,0.9218,0.9221,2.25,2.25
2012.02.07 08:28:55.237,0.92177,0.92207,2.25,2.25
2012.02.07 08:28:55.344,0.92177,0.92209,2.25,2.25
2012.02.07 08:28:55.494,0.92183,0.92213,2.25,3.23
2012.02.07 08:28:56.349,0.92183,0.92213,2.25,3.23
2012.02.07 08:28:56.753,0.92178,0.92208,2.25,2.25
2012.02.07 08:29:00.735,0.92176,0.92208,2.25,2.25
2012.02.07 08:29:00.956,0.92179,0.92209,2.25,2.63
2012.02.07 08:29:01.332,0.92174,0.92204,2.25,2.25
2012.02.07 08:29:05.703,0.92177,0.92208,2.25,2.48
2012.02.07 08:29:07.018,0.92175,0.92208,2.25,4.73
2012.02.07 08:29:07.224,0.92179,0.92213,2.25,3.00
2012.02.07 08:29:08.123,0.92179,0.92213,2.25,2.63
2012.02.07 08:29:08.964,0.92181,0.92216,2.25,3.60
2012.02.07 08:29:09.371,0.92181,0.92213,2.25,2.63
2012.02.07 08:29:09.737,0.92179,0.92214,2.25,3.23
2012.02.07 08:29:10.444,0.92179,0.92214,2.25,2.85
2012.02.07 08:29:10.631,0.92185,0.92217,2.25,2.63
2012.02.07 08:29:13.141,0.92184,0.92217,2.25,2.63
2012.02.07 08:29:14.557,0.92185,0.92215,2.25,2.25
2012.02.07 08:29:16.000,0.92185,0.92215,2.25,2.63
2012.02.07 08:29:20.175,0.92185,0.92215,2.25,2.25
2012.02.07 08:29:20.476,0.92185,0.92215,2.25,2.85
2012.02.07 08:29:20.855,0.92181,0.92213,2.25,2.85
2012.02.07 08:29:20.915,0.92184,0.92216,2.25,3.23
2012.02.07 08:29:24.384,0.92185,0.92215,2.25,3.23
2012.02.07 08:29:24.502,0.92182,0.92212,2.25,2.25
2012.02.07 08:29:24.603,0.92185,0.92215,2.25,3.23
2012.02.07 08:29:34.817,0.92186,0.92216,2.25,3.23
2012.02.07 08:29:35.048,0.9218,0.92212,2.25,2.25
2012.02.07 08:29:35.664,0.92186,0.92216,2.25,3.23
2012.02.07 08:29:35.724,0.92184,0.92216,2.25,3.23
2012.02.07 08:29:44.295,0.92182,0.92212,2.25,2.25
2012.02.07 08:29:44.879,0.92185,0.92215,2.25,3.23
2012.02.07 08:29:45.862,0.92184,0.92216,2.25,3.23
2012.02.07 08:29:46.495,0.92181,0.92213,2.25,2.85
2012.02.07 08:29:46.808,0.92176,0.92209,2.25,2.25
2012.02.07 08:29:47.039,0.92178,0.92209,2.25,2.63
2012.02.07 08:29:48.337,0.92177,0.92209,2.25,2.63
2012.02.07 08:29:49.117,0.92176,0.92209,2.25,2.63
2012.02.07 08:29:50.540,0.92177,0.92213,2.25,4.35
2012.02.07 08:29:50.876,0.92172,0.92209,2.25,2.63
2012.02.07 08:29:51.594,0.92172,0.92209,2.25,2.63
2012.02.07 08:29:52.124,0.92173,0.92209,2.25,2.63
2012.02.07 08:29:52.502,0.92177,0.92211,2.25,1.35
2012.02.07 08:29:52.562,0.92177,0.92214,2.25,3.60
2012.02.07 08:29:53.516,0.9218,0.92213,2.25,3.23
2012.02.07 08:29:55.597,0.9218,0.92213,2.25,3.23
2012.02.07 08:29:56.045,0.92177,0.92214,2.25,3.23
2012.02.07 08:29:56.732,0.92177,0.9221,2.25,2.25
2012.02.07 08:29:58.703,0.92176,0.92214,2.25,3.60
2012.02.07 08:30:00.237,0.92176,0.92212,2.25,1.35
2012.02.07 08:30:01.508,0.9218,0.92214,2.25,3.00
2012.02.07 08:30:01.890,0.92177,0.92208,2.25,2.63
2012.02.07 08:30:01.953,0.9218,0.9221,2.25,2.63
2012.02.07 08:30:03.611,0.92183,0.92215,2.25,1.35
2012.02.07 08:30:03.741,0.92183,0.92217,2.25,3.23
2012.02.07 08:30:05.579,0.92183,0.9222,2.25,2.48
2012.02.07 08:30:05.643,0.92185,0.9222,2.25,2.48
2012.02.07 08:30:06.146,0.92184,0.9222,2.25,2.63
2012.02.07 08:30:06.606,0.92186,0.9222,2.25,2.63
2012.02.07 08:30:07.155,0.92183,0.92221,2.25,3.00
2012.02.07 08:30:07.641,0.92183,0.92219,2.25,3.00
2012.02.07 08:30:13.791,0.92182,0.92218,2.25,3.00
2012.02.07 08:30:16.685,0.92182,0.92218,2.25,2.63
2012.02.07 08:30:17.196,0.92184,0.9222,2.25,3.00
2012.02.07 08:30:18.611,0.92183,0.92222,2.25,3.00
2012.02.07 08:30:19.604,0.92183,0.92222,2.25,3.00
2012.02.07 08:30:22.131,0.92185,0.92223,2.25,3.00
2012.02.07 08:30:23.566,0.92184,0.92221,2.25,3.00
2012.02.07 08:30:23.863,0.92182,0.92218,2.25,3.00
2012.02.07 08:30:25.002,0.92178,0.9221,2.25,2.25
2012.02.07 08:30:25.312,0.92175,0.92207,3.23,2.25
2012.02.07 08:30:25.561,0.92176,0.9221,2.63,2.25
2012.02.07 08:30:26.076,0.92176,0.92214,2.63,2.63
2012.02.07 08:30:27.215,0.92176,0.92214,2.25,3.00
2012.02.07 08:30:31.191,0.92177,0.92213,2.25,3.00
2012.02.07 08:30:31.593,0.92179,0.92215,2.25,1.35
2012.02.07 08:30:33.228,0.92178,0.92215,2.25,1.35
2012.02.07 08:30:33.285,0.92178,0.92215,2.25,1.35
2012.02.07 08:30:33.499,0.92174,0.92208,2.63,2.25
2012.02.07 08:30:33.709,0.92177,0.92213,2.25,2.63
2012.02.07 08:30:34.098,0.92176,0.92213,2.25,3.00
2012.02.07 08:30:34.902,0.92178,0.92212,2.25,3.00
2012.02.07 08:30:35.469,0.92177,0.92212,2.25,3.00
2012.02.07 08:30:37.998,0.92175,0.92211,2.25,2.63
2012.02.07 08:30:40.248,0.92175,0.92211,2.25,3.00
2012.02.07 08:30:40.382,0.92172,0.92209,2.25,2.63
2012.02.07 08:30:40.453,0.92179,0.92213,2.25,2.63
2012.02.07 08:30:41.079,0.92179,0.92209,2.25,2.10
2012.02.07 08:30:41.373,0.92175,0.92209,2.25,2.48
2012.02.07 08:30:41.434,0.92175,0.92211,2.25,3.00
2012.02.07 08:30:41.493,0.92173,0.92211,2.25,3.00
2012.02.07 08:30:42.134,0.92174,0.92207,2.25,2.63
2012.02.07 08:30:42.250,0.92171,0.92204,2.25,2.25
2012.02.07 08:30:42.815,0.9217,0.92204,2.25,2.63
2012.02.07 08:30:43.302,0.92168,0.92203,2.25,3.23
2012.02.07 08:30:44.437,0.92168,0.92202,2.25,2.63
2012.02.07 08:30:44.817,0.92167,0.92202,2.25,2.63
2012.02.07 08:30:45.872,0.92166,0.92202,2.25,2.25
2012.02.07 08:30:45.997,0.92171,0.92201,2.25,2.25
2012.02.07 08:30:46.096,0.92173,0.92205,2.25,2.63
2012.02.07 08:30:46.705,0.92173,0.92205,2.25,2.25
2012.02.07 08:30:47.702,0.92175,0.92205,2.25,2.25
2012.02.07 08:30:48.572,0.92175,0.92209,2.25,3.23
2012.02.07 08:30:49.487,0.92177,0.92209,2.25,2.63
2012.02.07 08:30:49.553,0.92177,0.92209,2.25,2.63
2012.02.07 08:30:51.262,0.92177,0.92207,2.25,2.25
2012.02.07 08:30:52.323,0.92177,0.92207,2.25,2.85
2012.02.07 08:30:54.512,0.92176,0.92208,2.25,3.23
2012.02.07 08:30:59.153,0.92176,0.92208,2.25,2.25
2012.02.07 08:31:02.631,0.92176,0.92206,2.25,2.25
2012.02.07 08:31:02.914,0.92172,0.92204,2.63,2.25
2012.02.07 08:31:03.035,0.92169,0.92204,2.63,2.85
2012.02.07 08:31:03.726,0.9217,0.92205,2.25,3.00
2012.02.07 08:31:04.112,0.9217,0.92205,2.25,2.63
2012.02.07 08:31:06.938,0.92169,0.92205,2.25,2.63
2012.02.07 08:31:07.046,0.92173,0.92204,2.25,2.63
2012.02.07 08:31:07.513,0.92168,0.92204,2.25,2.63
2012.02.07 08:31:08.046,0.92169,0.92204,2.25,2.63
2012.02.07 08:31:09.189,0.92169,0.92204,2.25,3.00
2012.02.07 08:31:09.793,0.92168,0.92204,2.25,3.00
2012.02.07 08:31:10.146,0.92164,0.92202,2.25,2.63
2012.02.07 08:31:10.310,0.92164,0.92202,2.25,3.00
2012.02.07 08:31:12.343,0.92168,0.92205,2.25,3.00
2012.02.07 08:31:12.493,0.92164,0.92203,2.25,3.00
2012.02.07 08:31:12.687,0.92164,0.92203,2.25,2.63
2012.02.07 08:31:13.344,0.92165,0.92206,2.25,3.00
2012.02.07 08:31:13.434,0.92175,0.92211,2.25,3.00
2012.02.07 08:31:13.997,0.92171,0.92212,2.25,1.35
2012.02.07 08:31:14.051,0.92171,0.92212,2.25,1.35
2012.02.07 08:31:15.010,0.92172,0.92206,2.25,2.63
2012.02.07 08:31:15.074,0.9217,0.92207,2.25,2.63
2012.02.07 08:31:15.505,0.9217,0.92207,2.25,3.00
2012.02.07 08:31:16.046,0.92176,0.92206,2.25,3.00
2012.02.07 08:31:19.929,0.9218,0.92206,2.25,1.35
2012.02.07 08:31:20.091,0.92176,0.92206,2.25,1.35
2012.02.07 08:31:20.152,0.92179,0.92206,2.25,1.35
2012.02.07 08:31:20.535,0.92179,0.92208,2.25,3.23
2012.02.07 08:31:20.810,0.92176,0.92204,2.25,1.35
2012.02.07 08:31:22.282,0.92176,0.92204,2.25,1.35
2012.02.07 08:31:22.941,0.9218,0.92204,2.25,1.35
2012.02.07 08:31:23.003,0.9218,0.92208,2.25,1.73
2012.02.07 08:31:23.061,0.92177,0.92208,2.25,1.73
2012.02.07 08:31:23.893,0.92172,0.92205,3.23,2.25
2012.02.07 08:31:23.951,0.92172,0.92205,2.63,2.85
2012.02.07 08:31:25.845,0.92175,0.92207,2.25,2.48
2012.02.07 08:31:26.066,0.92175,0.92208,2.25,2.63
2012.02.07 08:31:26.309,0.92178,0.92211,2.25,3.60
2012.02.07 08:31:26.869,0.92178,0.92211,2.25,3.23
2012.02.07 08:31:27.963,0.92177,0.92211,2.25,3.23
2012.02.07 08:31:29.896,0.92179,0.9221,2.25,2.25
2012.02.07 08:31:32.707,0.92179,0.9221,2.25,2.63
2012.02.07 08:31:36.695,0.92179,0.9221,2.25,2.63
2012.02.07 08:31:37.389,0.92178,0.92211,2.25,3.23
2012.02.07 08:31:37.908,0.92177,0.9221,2.25,2.63
2012.02.07 08:31:38.663,0.92177,0.9221,2.25,2.63
2012.02.07 08:31:42.193,0.92175,0.92209,2.25,2.63
2012.02.07 08:31:42.997,0.92175,0.92209,2.25,2.63
2012.02.07 08:31:47.114,0.92173,0.92206,2.25,2.25
2012.02.07 08:31:47.172,0.92173,0.92206,2.25,2.85
2012.02.07 08:31:47.713,0.92173,0.92203,2.25,1.35
2012.02.07 08:31:47.779,0.92165,0.922,2.25,2.63
2012.02.07 08:31:48.289,0.9217,0.92203,2.25,1.35
2012.02.07 08:31:49.564,0.9217,0.92205,2.25,3.23
2012.02.07 08:31:51.192,0.9217,0.92205,2.25,3.00
2012.02.07 08:31:51.496,0.92168,0.92203,2.25,2.63
2012.02.07 08:31:51.842,0.92166,0.92199,2.25,2.63
2012.02.07 08:31:52.373,0.92166,0.92199,2.25,2.63
2012.02.07 08:31:53.346,0.92168,0.92199,2.25,2.63
2012.02.07 08:31:53.414,0.92166,0.92198,2.25,2.63
2012.02.07 08:31:53.883,0.92166,0.92198,2.25,3.23
2012.02.07 08:31:55.115,0.92166,0.92198,2.25,3.60
2012.02.07 08:31:55.687,0.92166,0.92198,2.25,3.23
2012.02.07 08:31:57.396,0.92166,0.92198,2.25,2.63
2012.02.07 08:31:59.204,0.92167,0.92198,2.25,2.63
2012.02.07 08:31:59.855,0.92169,0.922,2.25,2.63
2012.02.07 08:32:01.140,0.9217,0.92202,2.25,3.23
2012.02.07 08:32:01.488,0.92172,0.92203,2.25,3.23
2012.02.07 08:32:01.887,0.92174,0.92205,2.25,2.63
2012.02.07 08:32:02.073,0.9217,0.922,2.25,2.25
2012.02.07 08:32:02.355,0.92165,0.92195,2.25,2.25
2012.02.07 08:32:03.234,0.92163,0.92195,2.25,2.63
2012.02.07 08:32:03.810,0.92167,0.92197,2.25,2.63
2012.02.07 08:32:03.927,0.92163,0.92195,2.25,2.63
2012.02.07 08:32:05.984,0.92165,0.92197,2.25,2.63
2012.02.07 08:32:06.555,0.92168,0.92198,2.25,2.63
2012.02.07 08:32:06.733,0.92168,0.92198,2.25,2.25
2012.02.07 08:32:07.442,0.92169,0.92201,2.25,2.63
2012.02.07 08:32:07.652,0.92167,0.92199,2.25,2.63
2012.02.07 08:32:07.712,0.9217,0.922,2.25,2.63
2012.02.07 08:32:08.220,0.9217,0.922,2.25,2.63
2012.02.07 08:32:12.767,0.92171,0.92203,2.25,3.60
2012.02.07 08:32:12.956,0.92171,0.92203,2.25,3.23
2012.02.07 08:32:15.363,0.92174,0.92204,2.25,3.23
2012.02.07 08:32:16.751,0.92174,0.92204,2.25,3.23
2012.02.07 08:32:19.184,0.92174,0.92204,2.25,3.23
2012.02.07 08:32:19.323,0.92171,0.92201,2.25,2.25
2012.02.07 08:32:21.264,0.9217,0.92202,2.25,2.63
2012.02.07 08:32:21.605,0.9217,0.92202,2.25,3.00
2012.02.07 08:32:22.226,0.92169,0.92199,2.25,2.63
2012.02.07 08:32:22.783,0.92169,0.92199,2.25,2.63
2012.02.07 08:32:23.884,0.9217,0.922,2.25,2.63
2012.02.07 08:32:25.353,0.92169,0.92199,2.25,2.63
2012.02.07 08:32:25.483,0.92166,0.92198,2.85,2.25
2012.02.07 08:32:25.688,0.92164,0.92196,2.85,2.25
2012.02.07 08:32:25.753,0.92164,0.92196,2.25,2.25
2012.02.07 08:32:25.813,0.92164,0.92196,2.25,2.63
2012.02.07 08:32:26.828,0.92164,0.92194,2.25,3.00
2012.02.07 08:32:28.380,0.92164,0.92194,2.25,2.63
2012.02.07 08:32:30.541,0.9216,0.92192,2.25,2.63
2012.02.07 08:32:32.420,0.9216,0.92192,2.25,2.63
2012.02.07 08:32:32.482,0.92158,0.92193,2.85,2.63
2012.02.07 08:32:33.021,0.92158,0.92193,2.25,2.63
2012.02.07 08:32:33.263,0.9216,0.92192,2.25,2.63
2012.02.07 08:32:35.577,0.92163,0.92195,2.25,3.23
2012.02.07 08:32:36.288,0.92163,0.92195,2.25,3.60
2012.02.07 08:32:36.714,0.9216,0.92193,2.25,3.23
2012.02.07 08:32:37.681,0.92166,0.92196,2.25,3.00
2012.02.07 08:32:37.841,0.92168,0.92198,2.25,2.25
2012.02.07 08:32:38.236,0.92166,0.92198,2.25,2.25
2012.02.07 08:32:39.531,0.92167,0.92199,2.25,3.23
2012.02.07 08:32:40.659,0.92166,0.92198,2.25,2.25
2012.02.07 08:32:41.192,0.92168,0.92198,2.25,2.25
2012.02.07 08:32:42.053,0.92166,0.92198,2.25,2.25
2012.02.07 08:32:42.202,0.92169,0.92201,2.25,3.23
2012.02.07 08:32:47.139,0.92165,0.92197,2.25,2.25
2012.02.07 08:32:47.263,0.92169,0.92201,2.25,3.23
2012.02.07 08:32:48.025,0.92169,0.92201,2.25,3.23
2012.02.07 08:32:48.943,0.92169,0.92201,2.25,4.73
2012.02.07 08:32:49.536,0.92171,0.92201,2.25,2.63
2012.02.07 08:32:49.951,0.9217,0.922,2.25,2.25
2012.02.07 08:32:50.777,0.9217,0.92202,2.25,2.25
2012.02.07 08:32:53.171,0.9217,0.92202,2.25,2.85
2012.02.07 08:32:53.983,0.92171,0.92203,2.25,3.23
2012.02.07 08:32:57.274,0.9217,0.922,2.25,2.85
2012.02.07 08:32:57.594,0.92174,0.92204,2.25,3.23
2012.02.07 08:32:57.712,0.9217,0.922,2.25,2.85
2012.02.07 08:32:58.391,0.92169,0.92201,2.25,2.85
2012.02.07 08:32:58.574,0.92174,0.92204,2.25,3.23
2012.02.07 08:32:58.924,0.92174,0.92202,2.25,1.35
2012.02.07 08:32:59.061,0.92169,0.92201,2.25,3.23
2012.02.07 08:32:59.563,0.92173,0.92202,2.25,1.35
2012.02.07 08:32:59.764,0.92169,0.92201,2.25,3.23
2012.02.07 08:33:01.366,0.92169,0.92201,2.25,3.23
2012.02.07 08:33:02.165,0.92175,0.92206,2.25,1.35
2012.02.07 08:33:02.636,0.92175,0.92207,2.25,3.23
2012.02.07 08:33:03.802,0.92171,0.92203,2.25,2.25
2012.02.07 08:33:04.487,0.92171,0.92201,2.25,2.25
2012.02.07 08:33:05.167,0.92172,0.92202,2.25,2.63
2012.02.07 08:33:05.287,0.9217,0.92202,2.25,2.63
2012.02.07 08:33:05.626,0.92172,0.92204,2.25,2.63
2012.02.07 08:33:06.373,0.92169,0.92201,2.25,2.63
2012.02.07 08:33:07.521,0.92169,0.92201,2.25,2.63
2012.02.07 08:33:10.470,0.92169,0.92201,2.25,2.63
2012.02.07 08:33:11.533,0.92169,0.92201,2.25,2.63
2012.02.07 08:33:12.771,0.92173,0.92203,2.25,2.63
2012.02.07 08:33:13.684,0.92173,0.92203,2.25,2.63
2012.02.07 08:33:13.822,0.92177,0.92207,2.25,2.63
2012.02.07 08:33:13.979,0.92173,0.92203,2.25,2.63
2012.02.07 08:33:24.068,0.92173,0.92203,2.25,2.63
2012.02.07 08:33:25.434,0.92173,0.92203,2.25,2.63
2012.02.07 08:33:26.470,0.92173,0.92203,2.25,2.63
2012.02.07 08:33:29.764,0.92173,0.92203,2.25,2.63
2012.02.07 08:33:30.138,0.92178,0.92208,2.25,3.00
2012.02.07 08:33:36.081,0.92178,0.92208,2.25,3.00
2012.02.07 08:33:46.629,0.92172,0.92204,2.25,2.63
2012.02.07 08:33:47.634,0.92169,0.92201,2.25,2.25
2012.02.07 08:33:48.056,0.92171,0.92201,2.25,2.25
2012.02.07 08:33:48.560,0.9217,0.922,2.25,2.25
2012.02.07 08:33:48.704,0.92173,0.92205,2.25,2.63
2012.02.07 08:33:49.364,0.92174,0.9221,2.25,3.00
2012.02.07 08:33:49.878,0.92176,0.92211,2.25,3.00
2012.02.07 08:33:49.934,0.92177,0.92211,2.63,2.25
2012.02.07 08:33:51.301,0.92179,0.92211,2.25,2.25
2012.02.07 08:33:53.254,0.92178,0.92211,2.25,2.25
2012.02.07 08:33:55.011,0.92179,0.92209,2.25,2.25
2012.02.07 08:33:55.190,0.92178,0.92211,2.25,2.63
2012.02.07 08:33:56.249,0.92173,0.9221,2.63,2.25
2012.02.07 08:33:56.303,0.92173,0.9221,2.25,2.63
2012.02.07 08:33:58.187,0.92178,0.92213,2.25,3.00
2012.02.07 08:33:59.285,0.92179,0.92213,2.25,3.00
2012.02.07 08:33:59.494,0.92179,0.92213,2.25,2.63
2012.02.07 08:34:02.592,0.92178,0.92213,2.25,2.63
2012.02.07 08:34:03.201,0.92177,0.92211,2.25,2.63
2012.02.07 08:34:03.453,0.92179,0.92212,2.25,2.63
2012.02.07 08:34:07.844,0.92174,0.92207,2.25,2.25
2012.02.07 08:34:09.091,0.92174,0.92207,2.25,2.63
2012.02.07 08:34:09.597,0.92178,0.9221,2.25,1.35
2012.02.07 08:34:09.944,0.92178,0.9221,2.25,1.35
2012.02.07 08:34:10.063,0.92174,0.92206,2.25,2.63
2012.02.07 08:34:12.035,0.92174,0.92206,2.25,2.63
2012.02.07 08:34:13.222,0.92173,0.92208,2.25,2.63
2012.02.07 08:34:13.723,0.92173,0.92208,2.25,2.63
2012.02.07 08:34:13.803,0.92168,0.92204,2.63,2.25
2012.02.07 08:34:14.654,0.92168,0.92204,2.25,2.63
2012.02.07 08:34:16.340,0.9217,0.92203,2.25,2.63
2012.02.07 08:34:16.934,0.9217,0.92203,2.25,2.63
2012.02.07 08:34:17.864,0.92171,0.92203,2.25,2.63
2012.02.07 08:34:20.332,0.92171,0.92206,2.63,2.25
2012.02.07 08:34:22.809,0.92173,0.92206,2.25,2.25
2012.02.07 08:34:23.050,0.92169,0.92206,2.63,2.25
2012.02.07 08:34:23.924,0.92171,0.92206,2.63,2.25
2012.02.07 08:34:24.573,0.92175,0.92206,2.25,2.25
2012.02.07 08:34:24.694,0.92176,0.92208,2.25,2.63
2012.02.07 08:34:25.353,0.92177,0.92209,2.25,3.00
2012.02.07 08:34:25.518,0.92184,0.92215,2.63,2.25
2012.02.07 08:34:25.964,0.92187,0.92219,2.25,3.00
2012.02.07 08:34:26.147,0.92181,0.92214,2.63,2.25
2012.02.07 08:34:26.885,0.92182,0.92213,2.63,2.25
2012.02.07 08:34:28.471,0.92186,0.92216,2.25,2.25
2012.02.07 08:34:29.304,0.92184,0.92216,2.25,2.63
2012.02.07 08:34:29.368,0.9218,0.92211,2.25,2.25
2012.02.07 08:34:32.312,0.92182,0.92213,2.25,3.00
2012.02.07 08:34:32.860,0.92184,0.92215,2.25,3.00
2012.02.07 08:34:33.507,0.92182,0.92213,2.25,3.00
2012.02.07 08:34:36.117,0.92182,0.92216,2.25,2.85
2012.02.07 08:34:36.268,0.92183,0.92214,2.25,2.25
2012.02.07 08:34:36.579,0.92181,0.92214,2.25,3.00
2012.02.07 08:34:37.273,0.92183,0.92214,2.25,3.00
2012.02.07 08:34:38.166,0.92182,0.92213,2.25,2.25
2012.02.07 08:34:41.782,0.92182,0.92213,2.85,2.25
2012.02.07 08:34:41.844,0.92182,0.92216,2.85,2.25
2012.02.07 08:34:44.104,0.92183,0.92216,3.23,2.25
2012.02.07 08:34:45.364,0.92185,0.92216,2.25,2.25
2012.02.07 08:34:49.414,0.92185,0.92216,2.63,2.85
2012.02.07 08:34:54.341,0.92185,0.92216,3.23,2.25
2012.02.07 08:34:54.403,0.92185,0.92216,3.60,2.25
2012.02.07 08:34:55.359,0.9219,0.9222,2.63,2.85
2012.02.07 08:34:55.891,0.92189,0.92221,2.63,4.35
2012.02.07 08:35:07.322,0.92189,0.92221,2.25,2.25
2012.02.07 08:35:07.383,0.92191,0.92221,2.25,2.25
2012.02.07 08:35:12.767,0.92185,0.92218,3.23,2.25
2012.02.07 08:35:12.834,0.92185,0.92218,2.85,2.25
2012.02.07 08:35:15.405,0.9219,0.92222,2.25,2.85
2012.02.07 08:35:16.877,0.9219,0.92222,2.25,3.23
2012.02.07 08:35:17.061,0.92185,0.92218,2.25,2.25
2012.02.07 08:35:19.194,0.92185,0.92218,2.25,4.35
2012.02.07 08:35:21.793,0.92187,0.92218,2.25,4.35
2012.02.07 08:35:22.703,0.92188,0.92218,2.25,2.10
2012.02.07 08:35:23.692,0.92188,0.92219,2.25,1.35
2012.02.07 08:35:23.758,0.92194,0.92219,2.25,2.10
2012.02.07 08:35:23.829,0.9219,0.92219,2.25,2.10
2012.02.07 08:35:23.998,0.92187,0.92219,2.25,5.10
2012.02.07 08:35:24.125,0.92182,0.92214,3.23,2.25
2012.02.07 08:35:24.455,0.92184,0.92216,2.25,2.85
2012.02.07 08:35:24.632,0.92184,0.92216,2.25,2.25
2012.02.07 08:35:30.666,0.92184,0.92217,2.25,2.25
2012.02.07 08:35:30.786,0.92189,0.9222,2.25,2.25
2012.02.07 08:35:34.769,0.92189,0.92221,2.25,2.85
2012.02.07 08:35:35.423,0.9219,0.92222,2.25,2.85
2012.02.07 08:35:37.040,0.9219,0.92222,3.23,2.25
2012.02.07 08:35:37.164,0.92194,0.92229,2.25,2.48
2012.02.07 08:35:37.401,0.92194,0.92225,2.25,2.10
2012.02.07 08:35:37.464,0.92192,0.92224,2.25,2.85
2012.02.07 08:35:38.504,0.92186,0.92221,2.63,2.25
2012.02.07 08:35:39.599,0.92187,0.92221,2.25,2.63
2012.02.07 08:35:39.774,0.92184,0.92215,2.25,2.25
2012.02.07 08:35:39.938,0.92183,0.92217,2.25,2.25
2012.02.07 08:35:40.064,0.92185,0.92216,2.25,2.25
2012.02.07 08:35:43.555,0.92184,0.92213,2.25,2.25
2012.02.07 08:35:47.984,0.92179,0.92208,2.25,2.25
2012.02.07 08:35:50.492,0.92179,0.92208,2.63,2.25
2012.02.07 08:35:50.600,0.92184,0.92213,2.25,2.25
2012.02.07 08:35:55.426,0.92184,0.92213,2.85,2.25
2012.02.07 08:35:55.717,0.92192,0.92222,2.25,3.00
2012.02.07 08:35:56.144,0.92192,0.92222,2.25,2.25
2012.02.07 08:36:01.614,0.92193,0.92222,2.25,2.25
2012.02.07 08:36:01.851,0.9219,0.9222,2.25,2.25
2012.02.07 08:36:01.914,0.92189,0.92217,2.25,2.25
2012.02.07 08:36:02.232,0.92185,0.92213,2.85,2.25
2012.02.07 08:36:02.353,0.92186,0.9222,2.25,2.25
2012.02.07 08:36:02.416,0.92186,0.92217,2.25,2.25
2012.02.07 08:36:02.994,0.92186,0.92218,2.25,2.25
2012.02.07 08:36:03.425,0.92181,0.92212,2.25,2.25
2012.02.07 08:36:04.225,0.92182,0.92213,2.25,2.25
2012.02.07 08:36:07.523,0.92186,0.92214,2.25,2.25
2012.02.07 08:36:07.634,0.92186,0.92216,2.25,2.63
2012.02.07 08:36:08.081,0.92181,0.92215,2.25,2.25
2012.02.07 08:36:10.272,0.92184,0.92216,2.25,2.63
2012.02.07 08:36:10.564,0.92181,0.92214,2.85,2.25
2012.02.07 08:36:11.821,0.92182,0.92214,2.25,2.25
2012.02.07 08:36:16.082,0.92181,0.92214,2.85,2.25
2012.02.07 08:36:17.116,0.9218,0.92212,2.85,2.25
2012.02.07 08:36:17.998,0.92181,0.92213,2.85,2.25
2012.02.07 08:36:20.452,0.92182,0.92214,2.25,2.25
2012.02.07 08:36:21.031,0.92182,0.92216,2.25,2.63
2012.02.07 08:36:22.803,0.92182,0.92216,2.25,2.25
2012.02.07 08:36:23.483,0.92182,0.92214,2.25,2.25
2012.02.07 08:36:28.352,0.92183,0.92215,2.25,2.25
2012.02.07 08:36:29.166,0.92187,0.92217,2.25,2.63
2012.02.07 08:36:29.562,0.92191,0.92221,2.25,3.23
2012.02.07 08:36:29.623,0.92191,0.92221,2.25,2.63
2012.02.07 08:36:29.681,0.92194,0.92222,2.25,3.23
2012.02.07 08:36:30.568,0.92194,0.92222,2.25,2.85
2012.02.07 08:36:31.365,0.9219,0.9222,2.63,2.25
2012.02.07 08:36:31.575,0.92187,0.92215,2.63,2.25
2012.02.07 08:36:31.692,0.92183,0.92215,3.00,2.25
2012.02.07 08:36:31.857,0.92184,0.92219,3.00,2.25
2012.02.07 08:36:32.389,0.92184,0.9222,3.00,2.25
2012.02.07 08:36:33.413,0.92184,0.92219,3.00,2.25
2012.02.07 08:36:35.249,0.92187,0.92221,2.63,2.25
2012.02.07 08:36:36.144,0.92187,0.92221,2.63,2.25
2012.02.07 08:36:36.912,0.92191,0.92221,2.25,2.25
2012.02.07 08:36:37.416,0.92193,0.92221,2.25,2.25
2012.02.07 08:36:37.472,0.92191,0.92221,2.25,2.25
2012.02.07 08:36:39.538,0.92191,0.92219,2.25,2.25
2012.02.07 08:36:41.200,0.92192,0.9222,2.25,2.25
2012.02.07 08:36:41.648,0.92188,0.92219,2.63,2.25
2012.02.07 08:36:42.719,0.92189,0.92219,2.25,2.25
2012.02.07 08:36:42.962,0.92191,0.92219,2.25,2.25
2012.02.07 08:36:43.023,0.92192,0.92222,2.25,2.85
2012.02.07 08:36:46.708,0.92192,0.9222,2.25,2.25
2012.02.07 08:36:46.779,0.92189,0.9222,2.25,2.25
2012.02.07 08:36:48.763,0.92189,0.92219,2.25,2.25
2012.02.07 08:36:49.478,0.92189,0.9222,2.25,2.25
2012.02.07 08:36:51.244,0.92188,0.9222,2.63,2.25
2012.02.07 08:36:52.173,0.92188,0.92219,2.63,2.25
2012.02.07 08:36:52.833,0.92187,0.92217,2.63,2.25
2012.02.07 08:36:54.147,0.92187,0.92217,2.63,2.25
2012.02.07 08:36:56.369,0.92188,0.92218,2.25,2.25
2012.02.07 08:36:57.454,0.92188,0.92219,2.25,2.25
2012.02.07 08:36:58.559,0.92188,0.92218,2.25,2.25
2012.02.07 08:37:01.446,0.92186,0.92218,2.63,2.25
2012.02.07 08:37:02.845,0.92188,0.92218,2.25,2.25
2012.02.07 08:37:03.725,0.92189,0.92218,2.25,2.25
2012.02.07 08:37:04.304,0.92187,0.92219,2.63,2.25
2012.02.07 08:37:05.607,0.92185,0.92213,2.63,2.25
2012.02.07 08:37:10.961,0.92186,0.92214,2.25,2.25
2012.02.07 08:37:11.235,0.92183,0.92211,2.63,2.25
2012.02.07 08:37:11.623,0.92182,0.92212,2.25,2.25
2012.02.07 08:37:13.376,0.92182,0.92212,2.63,2.25
2012.02.07 08:37:13.542,0.92188,0.92216,2.25,2.25
2012.02.07 08:37:15.436,0.92191,0.92222,2.25,2.25
2012.02.07 08:37:17.820,0.92192,0.9222,2.25,2.25
2012.02.07 08:37:20.465,0.92191,0.92222,2.25,2.25
2012.02.07 08:37:25.471,0.92191,0.92219,2.25,2.25
2012.02.07 08:37:25.585,0.92184,0.92213,2.25,2.25
2012.02.07 08:37:25.706,0.92185,0.92217,2.25,2.25
2012.02.07 08:37:25.872,0.92191,0.9222,2.25,2.25
2012.02.07 08:37:25.995,0.92194,0.92226,2.25,2.25
2012.02.07 08:37:26.974,0.92194,0.92225,2.25,2.25
2012.02.07 08:37:29.376,0.92194,0.92223,2.25,2.25
2012.02.07 08:37:32.343,0.9219,0.92221,2.25,2.25
2012.02.07 08:37:33.522,0.92186,0.92216,2.25,2.25
2012.02.07 08:37:34.022,0.92181,0.92216,3.23,2.25
2012.02.07 08:37:34.654,0.92182,0.92215,2.85,2.25
2012.02.07 08:37:35.474,0.92181,0.92216,2.85,2.25
2012.02.07 08:37:36.224,0.92181,0.92216,3.23,2.25
2012.02.07 08:37:37.126,0.92182,0.92217,3.23,2.25
2012.02.07 08:37:39.183,0.92184,0.92216,2.63,2.25
2012.02.07 08:37:41.492,0.92183,0.92217,2.63,2.25
2012.02.07 08:37:41.857,0.92183,0.92217,2.25,2.25
2012.02.07 08:37:42.072,0.92179,0.92213,3.23,2.25
2012.02.07 08:37:42.591,0.92183,0.92217,2.25,2.25
2012.02.07 08:37:43.742,0.92183,0.92217,2.63,2.25
2012.02.07 08:37:46.995,0.92185,0.92216,2.63,2.25
2012.02.07 08:37:47.837,0.92185,0.92216,2.63,2.25
2012.02.07 08:37:48.135,0.92189,0.92221,2.25,2.85
2012.02.07 08:37:48.454,0.92189,0.92219,2.25,2.25
2012.02.07 08:37:50.937,0.92189,0.92221,2.25,2.85
2012.02.07 08:37:51.834,0.92189,0.92219,2.25,2.25
2012.02.07 08:37:53.132,0.9219,0.9222,2.25,2.25
2012.02.07 08:37:54.161,0.92187,0.92219,2.63,2.25
2012.02.07 08:37:55.158,0.92189,0.92219,2.85,2.25
2012.02.07 08:37:55.259,0.92191,0.92224,2.48,2.25
2012.02.07 08:37:55.325,0.92191,0.92222,2.48,2.25
2012.02.07 08:37:55.604,0.92191,0.92225,2.48,2.25
2012.02.07 08:37:55.873,0.92188,0.92225,3.23,2.25
2012.02.07 08:37:55.941,0.92187,0.9222,3.60,2.25
2012.02.07 08:37:56.249,0.92185,0.92218,3.00,2.25
2012.02.07 08:37:56.777,0.92184,0.92216,1.35,2.25
2012.02.07 08:37:57.018,0.92183,0.92216,3.23,2.25
2012.02.07 08:37:57.344,0.92189,0.9222,2.25,2.25
2012.02.07 08:37:59.345,0.92186,0.9222,2.63,2.25
2012.02.07 08:38:01.372,0.92186,0.9222,2.63,2.25
2012.02.07 08:38:09.358,0.92185,0.92221,2.63,2.25
2012.02.07 08:38:09.747,0.92185,0.92221,3.00,2.25
2012.02.07 08:38:11.571,0.92185,0.92221,2.63,2.25
2012.02.07 08:38:14.954,0.92186,0.92224,2.63,2.85
2012.02.07 08:38:15.592,0.92186,0.92224,2.63,2.85
2012.02.07 08:38:16.528,0.92185,0.92221,2.63,2.25
2012.02.07 08:38:16.854,0.92187,0.92223,2.63,2.25
2012.02.07 08:38:17.974,0.92186,0.9222,3.23,2.25
2012.02.07 08:38:18.525,0.92188,0.9222,2.63,2.25
2012.02.07 08:38:20.068,0.92184,0.92216,3.23,2.25
2012.02.07 08:38:21.055,0.92184,0.92214,3.23,2.25
2012.02.07 08:38:21.276,0.92189,0.92219,2.25,2.25
2012.02.07 08:38:22.036,0.92188,0.92219,2.63,2.25
2012.02.07 08:38:22.792,0.92188,0.9222,2.63,2.25
2012.02.07 08:38:23.718,0.92188,0.92223,2.25,2.25
2012.02.07 08:38:26.145,0.92188,0.92223,2.25,2.85
2012.02.07 08:38:26.430,0.92183,0.92219,3.23,2.25
2012.02.07 08:38:26.645,0.92183,0.92219,3.23,2.25
2012.02.07 08:38:29.217,0.92186,0.92219,2.25,2.25
2012.02.07 08:38:29.731,0.92183,0.92219,3.23,2.25
2012.02.07 08:38:30.656,0.92183,0.92219,3.23,2.25
2012.02.07 08:38:32.883,0.92183,0.92219,2.85,2.25
2012.02.07 08:38:34.246,0.92183,0.92219,3.60,2.25
2012.02.07 08:38:34.325,0.92187,0.92221,2.25,2.63
2012.02.07 08:38:34.404,0.92187,0.92221,4.35,2.63
2012.02.07 08:38:36.942,0.92188,0.92219,2.85,2.25
2012.02.07 08:38:41.061,0.92188,0.9222,2.85,2.25
2012.02.07 08:38:41.324,0.92188,0.9222,2.25,2.25
2012.02.07 08:38:41.402,0.92185,0.92219,2.85,2.25
2012.02.07 08:38:43.338,0.92185,0.92219,3.23,2.25
2012.02.07 08:38:43.480,0.92188,0.92221,2.25,2.25
2012.02.07 08:38:44.019,0.92192,0.92222,2.25,2.25
2012.02.07 08:38:45.159,0.92192,0.9222,2.25,2.25
2012.02.07 08:38:45.383,0.92192,0.92222,2.25,2.85
2012.02.07 08:38:48.651,0.92192,0.9222,2.25,2.25
2012.02.07 08:38:49.257,0.92191,0.92219,2.25,2.25
2012.02.07 08:38:49.844,0.92189,0.92218,2.85,2.25
2012.02.07 08:38:49.905,0.92194,0.92223,2.25,2.25
2012.02.07 08:38:50.417,0.92193,0.92224,2.25,2.25
2012.02.07 08:38:50.861,0.92189,0.92218,2.63,2.25
2012.02.07 08:38:51.444,0.92189,0.92219,2.25,2.25
2012.02.07 08:38:52.686,0.92189,0.92216,2.25,2.25
2012.02.07 08:38:52.831,0.92189,0.92219,2.25,2.25
2012.02.07 08:38:54.876,0.92188,0.92217,2.25,2.25
2012.02.07 08:38:54.948,0.92186,0.92217,2.63,2.25
2012.02.07 08:38:57.009,0.92186,0.92216,2.25,2.25
2012.02.07 08:38:57.283,0.92191,0.9222,2.25,2.25
2012.02.07 08:39:00.215,0.9219,0.92221,2.25,2.85
2012.02.07 08:39:00.618,0.92188,0.92219,2.63,2.25
2012.02.07 08:39:01.233,0.92187,0.92215,2.25,2.25
2012.02.07 08:39:01.818,0.92184,0.92214,2.85,2.25
2012.02.07 08:39:01.885,0.92188,0.92218,2.25,2.25
2012.02.07 08:39:02.524,0.92188,0.92219,2.25,2.25
2012.02.07 08:39:07.857,0.92188,0.92219,2.63,2.25
2012.02.07 08:39:08.043,0.92193,0.92223,2.25,2.25
2012.02.07 08:39:08.435,0.92189,0.92218,2.63,2.25
2012.02.07 08:39:09.004,0.92187,0.92219,2.63,2.25
2012.02.07 08:39:09.340,0.92187,0.92219,2.25,2.25
2012.02.07 08:39:09.569,0.92185,0.92215,3.23,2.25
2012.02.07 08:39:10.274,0.92183,0.92212,2.63,2.25
2012.02.07 08:39:11.254,0.92183,0.92212,2.25,2.25
2012.02.07 08:39:14.285,0.92184,0.92214,2.25,2.25
2012.02.07 08:39:15.153,0.92186,0.92217,2.25,2.63
2012.02.07 08:39:15.942,0.92186,0.92217,2.25,2.25
2012.02.07 08:39:16.519,0.92192,0.9222,2.25,2.63
2012.02.07 08:39:18.095,0.92192,0.92222,2.25,2.63
2012.02.07 08:39:19.586,0.92192,0.92222,2.25,2.63
2012.02.07 08:39:20.867,0.92189,0.92217,2.25,2.25
2012.02.07 08:39:21.213,0.92192,0.92222,2.25,2.63
2012.02.07 08:39:22.081,0.92194,0.92224,2.25,2.63
2012.02.07 08:39:22.412,0.92193,0.92221,2.25,2.25
2012.02.07 08:39:22.535,0.92193,0.92223,2.25,2.25
2012.02.07 08:39:23.120,0.92194,0.92224,2.25,2.63
2012.02.07 08:39:23.874,0.92193,0.92223,2.25,2.63
2012.02.07 08:39:23.932,0.92189,0.92221,2.85,2.25
2012.02.07 08:39:30.033,0.92197,0.92228,2.25,3.23
2012.02.07 08:39:30.285,0.92188,0.92225,2.63,2.63
2012.02.07 08:39:30.666,0.92188,0.92219,2.63,2.25
2012.02.07 08:39:31.377,0.92181,0.92218,2.10,2.25
2012.02.07 08:39:31.427,0.92189,0.92227,2.25,2.63
2012.02.07 08:39:31.533,0.92184,0.92223,3.23,2.25
2012.02.07 08:39:32.667,0.92184,0.92223,3.23,2.25
2012.02.07 08:39:33.473,0.9219,0.92226,2.25,2.63
2012.02.07 08:39:34.498,0.92192,0.92228,2.25,2.63
2012.02.07 08:39:34.639,0.92191,0.92227,2.63,2.25
2012.02.07 08:39:35.666,0.9219,0.92226,2.63,2.25
2012.02.07 08:39:36.936,0.9219,0.92226,2.25,2.63
2012.02.07 08:39:37.034,0.92184,0.92223,2.63,2.25
2012.02.07 08:39:39.556,0.92184,0.92221,2.63,2.25
2012.02.07 08:39:41.218,0.92184,0.92219,2.63,2.25
2012.02.07 08:39:41.771,0.92188,0.92219,2.10,2.25
2012.02.07 08:39:41.833,0.92191,0.92224,2.85,2.63
2012.02.07 08:39:41.894,0.92188,0.92219,2.10,2.25
2012.02.07 08:39:41.952,0.92184,0.92219,3.23,2.25
2012.02.07 08:39:42.493,0.92184,0.92218,2.63,2.25
2012.02.07 08:39:42.608,0.92185,0.92216,2.25,2.25
2012.02.07 08:39:44.760,0.92182,0.92213,2.63,2.25
2012.02.07 08:39:44.965,0.92182,0.92216,2.63,2.25
2012.02.07 08:39:45.607,0.9218,0.92216,2.85,2.25
2012.02.07 08:39:45.675,0.92177,0.92208,3.23,2.25
2012.02.07 08:39:46.583,0.92176,0.92206,2.48,2.25
2012.02.07 08:39:46.644,0.92175,0.92206,3.23,2.25
2012.02.07 08:39:46.705,0.92173,0.92207,2.85,2.25
2012.02.07 08:39:48.131,0.92172,0.92206,2.85,2.25
2012.02.07 08:39:49.915,0.92174,0.92207,3.23,2.25
2012.02.07 08:39:50.135,0.92173,0.92204,3.23,2.25
2012.02.07 08:39:50.694,0.92174,0.92207,3.23,2.25
2012.02.07 08:39:50.768,0.92175,0.92206,3.23,2.25
2012.02.07 08:39:51.557,0.92175,0.92206,3.23,2.25
2012.02.07 08:39:51.623,0.92177,0.92208,2.63,2.25
2012.02.07 08:39:52.633,0.92182,0.92216,2.25,2.25
2012.02.07 08:39:52.696,0.92182,0.92216,2.63,2.25
2012.02.07 08:39:53.647,0.9218,0.92211,3.23,2.25
2012.02.07 08:39:54.471,0.9218,0.92211,3.23,2.25
2012.02.07 08:39:57.183,0.92178,0.92212,3.23,2.25
2012.02.07 08:39:57.714,0.92178,0.92209,3.23,2.25
2012.02.07 08:39:57.812,0.92173,0.92206,2.85,2.25
2012.02.07 08:39:58.376,0.92176,0.92207,2.25,2.25
2012.02.07 08:39:58.724,0.92176,0.92209,2.63,2.25
2012.02.07 08:39:58.782,0.9218,0.92211,2.25,2.25
2012.02.07 08:40:00.267,0.9218,0.92211,2.63,2.25
2012.02.07 08:40:00.705,0.92189,0.92221,2.25,2.63
2012.02.07 08:40:01.145,0.9218,0.92211,3.23,2.25
2012.02.07 08:40:08.732,0.92181,0.92212,3.23,2.25
2012.02.07 08:40:12.254,0.92182,0.92213,3.23,2.25
2012.02.07 08:40:12.513,0.92182,0.92215,3.23,2.25
2012.02.07 08:40:13.683,0.92182,0.92215,3.23,2.25
2012.02.07 08:40:14.110,0.92186,0.92217,2.25,2.25
2012.02.07 08:40:14.474,0.92182,0.92213,2.63,2.25
2012.02.07 08:40:15.934,0.92182,0.92213,3.23,2.25
2012.02.07 08:40:16.406,0.9218,0.9221,2.48,2.25
2012.02.07 08:40:16.873,0.9218,0.92213,4.73,2.25
2012.02.07 08:40:17.294,0.9218,0.92209,2.48,2.25
2012.02.07 08:40:18.924,0.92177,0.9221,3.23,2.25
2012.02.07 08:40:19.606,0.9218,0.92213,2.25,2.25
2012.02.07 08:40:20.805,0.9218,0.92213,2.63,2.25
2012.02.07 08:40:21.144,0.92178,0.92211,3.23,2.25
2012.02.07 08:40:21.828,0.92176,0.9221,3.00,2.25
2012.02.07 08:40:22.402,0.92176,0.92209,3.00,2.25
2012.02.07 08:40:22.464,0.92176,0.92209,2.63,2.25
2012.02.07 08:40:23.239,0.92175,0.92208,3.23,2.25
2012.02.07 08:40:25.630,0.92175,0.92208,3.60,2.25
2012.02.07 08:40:27.564,0.92175,0.92208,3.60,2.25
2012.02.07 08:40:28.190,0.92176,0.92209,2.63,2.25
2012.02.07 08:40:29.853,0.92176,0.92207,2.63,2.25
2012.02.07 08:40:30.278,0.92176,0.92209,2.63,2.25
2012.02.07 08:40:30.596,0.92176,0.92207,2.63,2.25
2012.02.07 08:40:35.635,0.92177,0.92208,2.63,2.25
2012.02.07 08:40:38.426,0.92176,0.9221,2.63,2.25
2012.02.07 08:40:39.792,0.92175,0.92211,3.60,2.25
2012.02.07 08:40:40.297,0.92177,0.9221,3.23,2.25
2012.02.07 08:40:41.233,0.92175,0.92209,3.23,2.25
2012.02.07 08:40:44.195,0.92184,0.92215,2.25,2.25
2012.02.07 08:40:44.311,0.92174,0.92205,1.35,2.25
2012.02.07 08:40:45.003,0.92177,0.9221,2.63,2.25
2012.02.07 08:40:49.703,0.92178,0.9221,2.63,2.25
2012.02.07 08:40:55.692,0.92178,0.92209,2.63,2.25
2012.02.07 08:40:56.595,0.92177,0.92208,3.23,2.25
2012.02.07 08:40:58.559,0.92175,0.92207,3.23,2.25
2012.02.07 08:40:58.629,0.92175,0.92207,3.23,2.25
2012.02.07 08:40:58.692,0.92174,0.92209,3.23,2.25
2012.02.07 08:40:59.646,0.92176,0.92208,3.23,2.25
2012.02.07 08:40:59.924,0.92175,0.92206,3.23,2.25
2012.02.07 08:41:00.450,0.92172,0.92205,3.60,2.25
2012.02.07 08:41:01.095,0.92172,0.92205,3.60,2.25
2012.02.07 08:41:02.064,0.92171,0.92204,2.48,2.25
2012.02.07 08:41:02.542,0.92177,0.92212,2.25,2.63
2012.02.07 08:41:03.111,0.92177,0.92212,2.63,2.25
2012.02.07 08:41:03.253,0.92176,0.92206,3.23,2.25
2012.02.07 08:41:03.585,0.92175,0.92204,1.35,2.25
2012.02.07 08:41:03.644,0.92174,0.92204,2.85,2.25
2012.02.07 08:41:04.272,0.92171,0.92203,2.63,2.25
2012.02.07 08:41:05.749,0.92169,0.92199,3.23,2.25
2012.02.07 08:41:06.169,0.92171,0.92201,2.63,2.25
2012.02.07 08:41:07.294,0.92174,0.92204,2.25,2.25
2012.02.07 08:41:08.311,0.92176,0.92206,2.25,2.25
2012.02.07 08:41:09.634,0.92176,0.92208,2.25,2.25
2012.02.07 08:41:09.753,0.92178,0.92208,2.25,2.25
2012.02.07 08:41:11.339,0.92177,0.92207,2.25,2.25
2012.02.07 08:41:12.598,0.92177,0.92208,2.25,2.25
2012.02.07 08:41:13.113,0.92177,0.92208,2.63,2.25
2012.02.07 08:41:13.526,0.92176,0.92206,2.63,2.25
2012.02.07 08:41:13.703,0.92176,0.92208,2.63,2.25
2012.02.07 08:41:14.926,0.92176,0.92207,2.63,2.25
2012.02.07 08:41:15.548,0.92176,0.92207,2.63,2.25
2012.02.07 08:41:16.077,0.9217,0.92203,3.00,2.25
2012.02.07 08:41:16.405,0.92176,0.92207,2.63,2.25
2012.02.07 08:41:17.849,0.92177,0.92209,2.25,2.25
2012.02.07 08:41:18.952,0.92175,0.92207,2.63,2.25
2012.02.07 08:41:22.670,0.92174,0.92206,2.63,2.25
2012.02.07 08:41:23.206,0.92172,0.92205,3.98,2.25
2012.02.07 08:41:23.464,0.92175,0.92205,2.25,2.25
2012.02.07 08:41:23.677,0.92171,0.92206,3.23,2.25
2012.02.07 08:41:23.789,0.92175,0.92205,2.25,2.25
2012.02.07 08:41:23.900,0.92171,0.92206,3.23,2.25
2012.02.07 08:41:25.881,0.92172,0.92207,2.63,2.25
2012.02.07 08:41:26.443,0.92176,0.92208,2.25,2.25
2012.02.07 08:41:29.206,0.92176,0.92208,2.25,2.63
2012.02.07 08:41:29.368,0.92168,0.92199,3.23,2.25
2012.02.07 08:41:31.204,0.92168,0.92199,3.23,2.25
2012.02.07 08:41:31.346,0.92168,0.92202,3.23,2.25
2012.02.07 08:41:32.043,0.9217,0.92203,2.63,2.25
2012.02.07 08:41:32.313,0.92172,0.92205,2.25,2.25
2012.02.07 08:41:33.173,0.92172,0.92203,2.25,2.25
2012.02.07 08:41:33.235,0.92169,0.92202,3.23,2.25
2012.02.07 08:41:33.484,0.92179,0.92209,2.25,2.63
2012.02.07 08:41:33.803,0.92177,0.92209,2.25,2.63
2012.02.07 08:41:34.163,0.92174,0.92207,2.25,2.63
2012.02.07 08:41:35.092,0.92176,0.92206,2.25,2.25
2012.02.07 08:41:35.161,0.92171,0.92204,2.63,2.25
2012.02.07 08:41:35.233,0.92171,0.92201,2.63,2.25
2012.02.07 08:41:36.845,0.9217,0.92202,2.63,2.25
2012.02.07 08:41:37.006,0.9217,0.92202,2.63,2.25
2012.02.07 08:41:37.068,0.92173,0.92203,2.25,2.25
2012.02.07 08:41:38.423,0.92175,0.92206,2.25,2.25
2012.02.07 08:41:41.582,0.9217,0.92201,2.63,2.25
2012.02.07 08:41:41.659,0.92173,0.92204,2.25,2.25
2012.02.07 08:41:41.752,0.92175,0.92207,2.25,2.25
2012.02.07 08:41:42.293,0.92174,0.92207,2.25,2.25
2012.02.07 08:41:42.355,0.92169,0.92203,2.63,2.25
2012.02.07 08:41:42.932,0.92169,0.92202,2.63,2.25
2012.02.07 08:41:43.735,0.92168,0.92202,2.63,2.25
2012.02.07 08:41:47.249,0.9217,0.92202,2.25,2.25
2012.02.07 08:41:48.205,0.9217,0.92202,2.63,2.25
2012.02.07 08:41:49.615,0.92172,0.92207,2.25,2.25
2012.02.07 08:41:53.960,0.92174,0.92207,2.25,2.25
2012.02.07 08:41:54.762,0.92179,0.92209,2.25,2.25
2012.02.07 08:41:54.940,0.92175,0.92206,2.25,2.25
2012.02.07 08:41:55.722,0.92174,0.92205,2.63,2.25
2012.02.07 08:41:55.845,0.92174,0.92207,2.25,2.63
2012.02.07 08:41:56.127,0.92174,0.92205,2.25,2.25
2012.02.07 08:41:56.801,0.92177,0.92209,2.25,3.23
2012.02.07 08:41:58.136,0.92179,0.92211,2.25,3.23
2012.02.07 08:41:58.344,0.92179,0.92211,2.25,2.25
2012.02.07 08:41:59.652,0.92181,0.92211,2.25,2.25
2012.02.07 08:42:00.381,0.92175,0.92208,2.63,2.25
2012.02.07 08:42:03.315,0.92173,0.92209,2.63,2.25
2012.02.07 08:42:03.837,0.92174,0.92208,2.63,2.25
2012.02.07 08:42:04.727,0.92177,0.92208,2.25,2.25
2012.02.07 08:42:05.482,0.92178,0.92213,2.25,2.63
2012.02.07 08:42:05.845,0.92175,0.9221,2.63,2.25
2012.02.07 08:42:06.326,0.92178,0.92213,2.25,2.63
2012.02.07 08:42:07.181,0.92178,0.92213,2.63,2.25
2012.02.07 08:42:08.862,0.92178,0.92213,3.00,2.25
2012.02.07 08:42:11.158,0.92178,0.92213,3.00,2.25
2012.02.07 08:42:11.318,0.92185,0.92216,2.63,2.25
2012.02.07 08:42:11.421,0.92185,0.92218,2.63,2.25
2012.02.07 08:42:12.071,0.92184,0.92216,2.63,2.25
2012.02.07 08:42:14.281,0.92182,0.92213,1.35,2.25
2012.02.07 08:42:14.924,0.92178,0.92213,3.23,2.25
2012.02.07 08:42:16.145,0.92178,0.92212,3.23,2.25
2012.02.07 08:42:17.378,0.92178,0.92212,3.23,2.25
2012.02.07 08:42:18.176,0.92178,0.92212,3.23,2.25
2012.02.07 08:42:19.630,0.92184,0.92215,2.25,2.63
2012.02.07 08:42:19.987,0.92182,0.92215,2.25,2.63
2012.02.07 08:42:20.306,0.92182,0.92215,2.85,2.25
2012.02.07 08:42:20.923,0.92183,0.92216,2.85,2.25
2012.02.07 08:42:24.515,0.92184,0.92217,2.85,2.25
2012.02.07 08:42:25.247,0.9218,0.92211,2.63,2.25
2012.02.07 08:42:28.064,0.92185,0.92216,2.25,2.25
2012.02.07 08:42:39.409,0.92182,0.92215,2.63,2.25
2012.02.07 08:42:39.477,0.9218,0.92212,1.35,2.25
2012.02.07 08:42:40.943,0.92179,0.92212,2.85,2.25
2012.02.07 08:42:41.578,0.92182,0.92213,2.25,2.25
2012.02.07 08:42:41.723,0.92182,0.92215,2.25,2.63
2012.02.07 08:42:44.903,0.92183,0.92216,2.25,2.63
2012.02.07 08:42:45.154,0.92186,0.92217,2.25,2.63
2012.02.07 08:42:45.293,0.92184,0.92215,2.25,2.63
2012.02.07 08:42:45.476,0.92176,0.92208,2.48,2.25
2012.02.07 08:42:48.340,0.92185,0.92208,2.10,2.25
2012.02.07 08:42:48.428,0.92183,0.92213,3.23,2.25
2012.02.07 08:42:48.613,0.92186,0.92218,2.25,2.25
2012.02.07 08:42:48.708,0.92186,0.92216,2.25,2.25
2012.02.07 08:42:49.386,0.92187,0.92217,2.25,2.25
2012.02.07 08:42:49.834,0.92183,0.92215,2.85,2.25
2012.02.07 08:42:52.115,0.9218,0.92212,3.23,2.25
2012.02.07 08:42:52.767,0.92182,0.92212,3.23,2.25
2012.02.07 08:42:52.953,0.92185,0.92217,2.63,2.25
2012.02.07 08:42:53.802,0.92183,0.92216,3.23,2.25
2012.02.07 08:42:54.390,0.92183,0.92216,3.23,2.25
2012.02.07 08:42:57.704,0.92183,0.92216,3.23,2.25
2012.02.07 08:42:58.591,0.92185,0.92216,3.23,2.25
2012.02.07 08:43:00.601,0.92183,0.92217,5.10,2.25
2012.02.07 08:43:01.554,0.92184,0.92217,1.35,2.25
2012.02.07 08:43:01.809,0.92184,0.92219,3.60,2.25
2012.02.07 08:43:02.692,0.92184,0.92219,3.23,2.25
2012.02.07 08:43:03.625,0.92186,0.92226,3.23,2.63
2012.02.07 08:43:04.275,0.92188,0.92226,4.73,2.63
2012.02.07 08:43:04.713,0.92187,0.92218,1.35,2.25
2012.02.07 08:43:04.773,0.92187,0.92221,1.35,2.25
2012.02.07 08:43:04.834,0.92187,0.92225,1.35,2.25
2012.02.07 08:43:05.435,0.92185,0.92225,1.35,2.25
2012.02.07 08:43:08.713,0.92187,0.92225,3.23,2.25
2012.02.07 08:43:10.213,0.92188,0.92226,3.23,2.63
2012.02.07 08:43:10.477,0.9219,0.92226,2.25,2.63
2012.02.07 08:43:10.797,0.92188,0.92226,3.23,2.63
2012.02.07 08:43:10.908,0.9219,0.92225,2.25,2.25
2012.02.07 08:43:11.655,0.9219,0.92225,2.63,2.25
2012.02.07 08:43:13.524,0.9219,0.92225,2.63,2.25
2012.02.07 08:43:13.838,0.92194,0.92227,2.25,2.25
2012.02.07 08:43:15.350,0.92194,0.92227,2.63,2.25
2012.02.07 08:43:17.261,0.92195,0.92229,2.63,2.25
2012.02.07 08:43:19.391,0.92198,0.92228,2.25,2.25
2012.02.07 08:43:21.479,0.92197,0.92229,2.63,2.25
2012.02.07 08:43:23.770,0.92203,0.92237,2.25,2.63
2012.02.07 08:43:24.014,0.92206,0.92239,2.25,2.63
2012.02.07 08:43:24.255,0.92203,0.92238,2.25,2.63
2012.02.07 08:43:24.822,0.92203,0.92238,2.63,2.25
2012.02.07 08:43:25.545,0.92202,0.92238,1.35,2.25
2012.02.07 08:43:25.606,0.92202,0.92243,1.35,2.25
2012.02.07 08:43:29.185,0.92207,0.92244,2.63,2.63
2012.02.07 08:43:29.445,0.92202,0.92241,1.35,2.25
2012.02.07 08:43:30.071,0.92202,0.9224,1.35,2.25
2012.02.07 08:43:30.746,0.92202,0.92231,1.35,2.25
2012.02.07 08:43:30.845,0.92199,0.92231,3.23,2.25
2012.02.07 08:43:31.271,0.92204,0.92236,2.25,2.25
2012.02.07 08:43:31.544,0.9221,0.9224,2.25,2.63
2012.02.07 08:43:32.193,0.92204,0.92238,2.25,2.25
2012.02.07 08:43:32.258,0.92204,0.92238,2.63,2.25
2012.02.07 08:43:34.085,0.92204,0.92238,2.63,2.25
2012.02.07 08:43:34.585,0.92204,0.92236,2.63,2.25
2012.02.07 08:43:36.319,0.92204,0.92236,2.63,2.25
2012.02.07 08:43:36.537,0.92204,0.92238,2.63,2.25
2012.02.07 08:43:36.645,0.92204,0.92236,2.63,2.25
2012.02.07 08:43:38.532,0.92204,0.92238,2.63,2.25
2012.02.07 08:43:41.157,0.92203,0.92232,1.35,2.25
2012.02.07 08:43:46.502,0.922,0.92232,2.85,2.25
2012.02.07 08:43:46.564,0.922,0.92232,2.25,2.25
2012.02.07 08:43:47.481,0.92199,0.92231,2.25,2.25
2012.02.07 08:43:49.195,0.92199,0.92231,2.63,2.25
2012.02.07 08:43:49.396,0.92203,0.92235,2.63,2.25
2012.02.07 08:43:49.935,0.92205,0.92235,2.25,2.25
2012.02.07 08:43:50.927,0.92204,0.92234,2.63,2.25
2012.02.07 08:43:51.261,0.92204,0.92234,2.25,2.25
2012.02.07 08:43:51.605,0.92207,0.92237,2.25,2.25
2012.02.07 08:43:52.136,0.92204,0.92236,2.25,2.25
2012.02.07 08:43:52.821,0.92205,0.92236,2.25,2.25
2012.02.07 08:43:53.284,0.92205,0.92236,2.63,2.25
2012.02.07 08:43:54.872,0.92205,0.92236,2.63,2.25
2012.02.07 08:43:55.423,0.92205,0.92235,2.63,2.25
2012.02.07 08:43:55.482,0.92204,0.92237,2.63,2.25
2012.02.07 08:43:56.412,0.92204,0.92237,2.25,2.25
2012.02.07 08:43:58.074,0.922,0.92231,3.23,2.25
2012.02.07 08:44:00.863,0.92204,0.92236,2.25,2.25
2012.02.07 08:44:00.985,0.92205,0.92236,3.60,2.25
2012.02.07 08:44:01.154,0.92209,0.92241,2.63,2.25
2012.02.07 08:44:02.049,0.92205,0.92235,3.60,2.25
2012.02.07 08:44:02.112,0.92205,0.92235,2.85,2.25
2012.02.07 08:44:02.628,0.92205,0.92235,2.25,2.25
2012.02.07 08:44:05.812,0.92205,0.92235,2.63,2.25
2012.02.07 08:44:06.319,0.92198,0.92227,1.35,2.25
2012.02.07 08:44:06.579,0.92205,0.92236,2.63,2.25
2012.02.07 08:44:06.825,0.92201,0.92232,1.35,2.25
2012.02.07 08:44:06.883,0.92199,0.92232,3.23,2.25
2012.02.07 08:44:07.119,0.92198,0.9223,4.73,2.25
2012.02.07 08:44:07.364,0.92202,0.92234,2.85,2.25
2012.02.07 08:44:07.559,0.92207,0.92239,2.25,2.63
2012.02.07 08:44:08.132,0.92207,0.92239,2.63,2.25
2012.02.07 08:44:08.434,0.92203,0.92233,2.63,2.25
2012.02.07 08:44:10.453,0.92203,0.92233,2.25,2.25
2012.02.07 08:44:10.614,0.92193,0.92225,2.63,2.25
2012.02.07 08:44:11.292,0.92197,0.92229,2.85,2.25
2012.02.07 08:44:11.353,0.92203,0.92233,2.25,2.25
2012.02.07 08:44:12.081,0.92197,0.92229,3.60,2.25
2012.02.07 08:44:12.197,0.922,0.92231,2.63,2.25
2012.02.07 08:44:12.525,0.92197,0.92226,1.35,2.25
2012.02.07 08:44:12.676,0.92196,0.92226,3.23,2.25
2012.02.07 08:44:12.817,0.92199,0.92231,3.23,2.25
2012.02.07 08:44:14.502,0.92196,0.92226,3.23,2.25
2012.02.07 08:44:14.846,0.92196,0.92226,2.85,2.25
2012.02.07 08:44:15.668,0.92196,0.92226,2.85,2.25
2012.02.07 08:44:16.312,0.92197,0.92227,2.63,2.25
2012.02.07 08:44:16.665,0.92198,0.92227,2.48,2.25
2012.02.07 08:44:17.453,0.92198,0.92227,2.85,2.25
2012.02.07 08:44:17.655,0.922,0.92232,3.23,2.25
2012.02.07 08:44:18.802,0.922,0.92232,3.23,2.25
2012.02.07 08:44:21.396,0.922,0.92232,2.63,4.35
2012.02.07 08:44:21.454,0.922,0.92228,2.25,1.35
2012.02.07 08:44:21.665,0.92189,0.92219,1.35,2.25
2012.02.07 08:44:21.787,0.92189,0.92222,1.35,2.25
2012.02.07 08:44:21.970,0.92192,0.92228,2.63,2.85
2012.02.07 08:44:22.035,0.92192,0.92228,4.73,2.25
2012.02.07 08:44:22.640,0.92192,0.92228,2.25,2.63
2012.02.07 08:44:22.707,0.92184,0.92219,2.85,2.25
2012.02.07 08:44:25.916,0.92188,0.92223,2.63,2.25
2012.02.07 08:44:26.453,0.92188,0.92223,2.63,2.25
2012.02.07 08:44:27.343,0.92191,0.92221,2.63,2.25
2012.02.07 08:44:29.252,0.92186,0.92217,2.63,2.25
2012.02.07 08:44:30.882,0.9219,0.92222,2.25,2.25
2012.02.07 08:44:31.810,0.9219,0.92222,2.63,2.25
2012.02.07 08:44:34.475,0.92191,0.92223,2.63,2.25
2012.02.07 08:44:34.535,0.92186,0.92217,3.60,2.25
2012.02.07 08:44:34.938,0.92186,0.92217,2.85,2.25
2012.02.07 08:44:35.257,0.92183,0.92212,2.10,2.25
2012.02.07 08:44:36.374,0.92183,0.92214,2.10,2.25
2012.02.07 08:44:37.182,0.92183,0.92217,4.73,2.25
2012.02.07 08:44:37.706,0.92183,0.92217,3.23,2.25
2012.02.07 08:44:37.807,0.92188,0.92221,2.25,2.63
2012.02.07 08:44:38.751,0.92188,0.92221,2.63,2.25
2012.02.07 08:44:41.063,0.92186,0.92219,2.63,2.25
2012.02.07 08:44:41.374,0.92186,0.92219,2.25,2.25
2012.02.07 08:44:41.573,0.92178,0.92208,2.63,2.25
2012.02.07 08:44:41.894,0.92182,0.92217,2.63,2.25
2012.02.07 08:44:41.953,0.92182,0.92217,3.23,2.25
2012.02.07 08:44:42.077,0.92187,0.92221,2.25,2.63
2012.02.07 08:44:42.810,0.92188,0.92222,2.25,2.63
2012.02.07 08:44:43.792,0.92187,0.92221,2.25,2.63
2012.02.07 08:44:44.686,0.92186,0.92217,2.63,2.25
2012.02.07 08:44:45.325,0.9219,0.9222,2.25,2.25
2012.02.07 08:44:46.315,0.92189,0.92221,2.63,2.25
2012.02.07 08:44:48.164,0.92188,0.9222,2.63,2.25
2012.02.07 08:44:48.864,0.92187,0.92217,3.23,2.25
2012.02.07 08:44:48.922,0.92189,0.92219,2.63,2.25
2012.02.07 08:44:51.403,0.92189,0.92219,4.35,2.25
2012.02.07 08:44:51.462,0.9219,0.92222,2.85,2.25
2012.02.07 08:44:52.099,0.92189,0.92219,4.35,2.25
2012.02.07 08:44:52.224,0.92189,0.92219,2.25,2.25
2012.02.07 08:44:52.284,0.92186,0.92216,3.23,2.25
2012.02.07 08:44:52.613,0.92182,0.92214,3.75,2.25
2012.02.07 08:44:53.464,0.92176,0.92208,2.85,2.25
2012.02.07 08:44:53.583,0.92173,0.92206,4.73,2.25
2012.02.07 08:44:53.704,0.92173,0.92206,2.25,2.25
2012.02.07 08:44:54.284,0.92171,0.92201,3.23,2.25
2012.02.07 08:44:54.614,0.92169,0.92201,3.23,2.25
2012.02.07 08:44:54.934,0.92173,0.92202,2.48,2.25
2012.02.07 08:44:54.996,0.92182,0.92212,2.63,2.25
2012.02.07 08:44:55.532,0.92178,0.92214,1.35,2.25
2012.02.07 08:44:56.127,0.92177,0.92214,3.23,2.25
2012.02.07 08:44:57.655,0.92177,0.9221,2.85,2.25
2012.02.07 08:44:57.816,0.92177,0.92214,2.85,2.25
2012.02.07 08:45:01.794,0.92177,0.92216,2.85,2.63
2012.02.07 08:45:02.339,0.9218,0.92216,2.25,2.63
2012.02.07 08:45:02.966,0.9218,0.92216,2.63,2.25
2012.02.07 08:45:05.073,0.9218,0.92218,3.23,2.25
2012.02.07 08:45:06.135,0.9218,0.92218,3.23,2.25
2012.02.07 08:45:06.705,0.92181,0.92219,3.23,2.25
2012.02.07 08:45:07.115,0.92182,0.92219,1.35,2.25
2012.02.07 08:45:08.920,0.92186,0.92218,2.63,2.25
2012.02.07 08:45:11.113,0.92186,0.92218,2.63,2.25
2012.02.07 08:45:11.909,0.92188,0.92224,2.63,2.25
2012.02.07 08:45:12.164,0.92188,0.92224,2.63,2.25
2012.02.07 08:45:15.538,0.92193,0.92225,2.25,2.25
2012.02.07 08:45:16.814,0.92188,0.92224,2.63,2.25
2012.02.07 08:45:20.786,0.9219,0.92223,2.63,2.25
2012.02.07 08:45:21.104,0.92188,0.9222,2.63,2.25
2012.02.07 08:45:21.294,0.92188,0.9222,2.25,2.85
2012.02.07 08:45:21.475,0.92184,0.92216,2.25,2.25
2012.02.07 08:45:22.198,0.92188,0.92218,2.25,2.25
2012.02.07 08:45:22.265,0.92181,0.92215,2.63,2.25
2012.02.07 08:45:23.395,0.9218,0.92214,2.63,2.25
2012.02.07 08:45:23.513,0.9218,0.92214,3.00,2.25
2012.02.07 08:45:32.756,0.92182,0.92215,2.63,2.25
2012.02.07 08:45:33.433,0.92184,0.92214,2.63,2.25
2012.02.07 08:45:34.348,0.92184,0.92214,2.63,2.25
2012.02.07 08:45:37.445,0.92185,0.92215,2.63,2.25
2012.02.07 08:45:38.354,0.92184,0.9222,2.63,2.25
2012.02.07 08:45:42.626,0.92184,0.92221,2.63,2.25
2012.02.07 08:45:43.855,0.92184,0.92221,2.25,2.63
2012.02.07 08:45:44.183,0.92182,0.92216,1.13,2.25
2012.02.07 08:45:46.597,0.92185,0.9222,2.25,2.63
2012.02.07 08:45:47.216,0.92185,0.9222,2.63,2.25
2012.02.07 08:45:47.929,0.92191,0.92221,2.25,2.25
2012.02.07 08:45:48.047,0.92188,0.92221,2.25,2.25
2012.02.07 08:45:48.380,0.92183,0.9222,2.63,2.25
2012.02.07 08:45:49.366,0.92183,0.9222,2.25,2.63
2012.02.07 08:45:49.565,0.92179,0.92216,3.23,2.25
2012.02.07 08:45:52.761,0.92181,0.92215,2.63,2.25
2012.02.07 08:45:53.312,0.92181,0.92216,2.63,2.25
2012.02.07 08:45:54.037,0.9218,0.92215,3.23,2.25
2012.02.07 08:45:54.626,0.92184,0.9222,2.25,2.63
2012.02.07 08:45:54.743,0.92186,0.9222,2.48,2.25
2012.02.07 08:45:55.295,0.92185,0.92219,3.60,2.25
2012.02.07 08:45:59.716,0.92185,0.9222,1.35,2.25
2012.02.07 08:46:01.451,0.92183,0.9222,2.63,2.25
2012.02.07 08:46:02.325,0.92188,0.92225,2.25,2.63
2012.02.07 08:46:02.437,0.92188,0.92225,2.63,2.25
2012.02.07 08:46:03.867,0.9219,0.92224,2.63,2.25
2012.02.07 08:46:04.180,0.92189,0.92224,2.63,2.25
2012.02.07 08:46:04.738,0.92188,0.92224,3.23,2.25
2012.02.07 08:46:05.663,0.92185,0.92213,2.48,2.25
2012.02.07 08:46:05.723,0.92189,0.92223,3.23,2.25
2012.02.07 08:46:09.485,0.92189,0.92224,3.23,2.25
2012.02.07 08:46:11.004,0.92191,0.92224,2.25,2.25
2012.02.07 08:46:12.018,0.92185,0.9222,4.73,2.25
2012.02.07 08:46:12.571,0.92185,0.9222,2.63,2.25
2012.02.07 08:46:12.693,0.92185,0.9222,2.63,2.25
2012.02.07 08:46:12.817,0.92191,0.92221,2.25,2.25
2012.02.07 08:46:12.928,0.9219,0.92225,2.25,2.63
2012.02.07 08:46:13.037,0.92192,0.92223,2.25,2.63
2012.02.07 08:46:13.365,0.92187,0.92219,2.25,2.25
2012.02.07 08:46:14.097,0.92187,0.92219,3.60,2.25
2012.02.07 08:46:15.755,0.92187,0.92219,3.23,2.25
2012.02.07 08:46:16.744,0.92188,0.92219,1.35,2.25
2012.02.07 08:46:16.986,0.92191,0.92225,2.63,2.25
2012.02.07 08:46:21.964,0.92191,0.92225,3.00,2.25
2012.02.07 08:46:22.024,0.92192,0.92228,2.63,2.25
2012.02.07 08:46:24.161,0.92188,0.92225,1.35,2.25
2012.02.07 08:46:24.954,0.9219,0.92231,3.00,2.25
2012.02.07 08:46:25.697,0.9219,0.92231,3.00,2.25
2012.02.07 08:46:25.879,0.92192,0.92233,3.00,2.25
2012.02.07 08:46:26.570,0.92189,0.92228,3.00,2.25
2012.02.07 08:46:28.161,0.9219,0.92227,3.00,2.25
2012.02.07 08:46:28.792,0.9219,0.92227,2.63,2.25
2012.02.07 08:46:29.644,0.9219,0.92227,3.00,2.25
2012.02.07 08:46:29.702,0.92189,0.92229,3.00,2.25
2012.02.07 08:46:30.551,0.9219,0.92229,3.00,2.25
2012.02.07 08:46:30.613,0.92195,0.92233,2.63,2.25
2012.02.07 08:46:32.678,0.92195,0.92234,2.63,2.25
2012.02.07 08:46:38.618,0.92194,0.92232,3.00,2.25
2012.02.07 08:46:40.924,0.92194,0.92232,2.63,2.25
2012.02.07 08:46:41.264,0.92195,0.9223,2.63,2.25
2012.02.07 08:46:42.703,0.92189,0.92229,3.00,2.25
2012.02.07 08:46:44.174,0.92191,0.92229,2.63,2.25
2012.02.07 08:46:44.360,0.92192,0.92227,2.63,2.25
2012.02.07 08:46:45.057,0.9219,0.92226,3.00,2.25
2012.02.07 08:46:46.029,0.9219,0.92226,2.63,2.25
2012.02.07 08:46:46.216,0.9219,0.92229,2.63,2.25
2012.02.07 08:46:47.295,0.92187,0.92225,3.60,2.25
2012.02.07 08:46:51.123,0.92193,0.92225,2.25,2.25
2012.02.07 08:46:51.423,0.92194,0.92229,2.25,2.25
2012.02.07 08:46:53.047,0.9219,0.92229,2.63,2.25
2012.02.07 08:46:53.999,0.92191,0.92228,3.00,2.25
2012.02.07 08:46:54.057,0.92195,0.92233,2.63,2.25
2012.02.07 08:46:54.704,0.922,0.92233,2.25,2.25
2012.02.07 08:46:55.352,0.92201,0.92233,2.25,2.25
2012.02.07 08:46:56.359,0.92205,0.92236,2.25,2.63
2012.02.07 08:46:57.486,0.92206,0.92237,2.25,2.63
2012.02.07 08:47:00.378,0.92207,0.9224,2.25,3.60
2012.02.07 08:47:00.448,0.92205,0.92238,2.25,2.25
2012.02.07 08:47:00.968,0.922,0.92237,2.63,2.25
2012.02.07 08:47:01.035,0.922,0.92237,2.25,2.63
2012.02.07 08:47:01.196,0.92198,0.92235,2.63,2.63
2012.02.07 08:47:01.514,0.92203,0.92237,2.25,2.63
2012.02.07 08:47:02.296,0.92202,0.92238,2.25,2.63
2012.02.07 08:47:02.593,0.92202,0.92238,2.63,2.25
2012.02.07 08:47:03.476,0.92202,0.92239,2.63,2.63
2012.02.07 08:47:06.936,0.92201,0.92239,2.25,2.63
2012.02.07 08:47:07.102,0.92196,0.92234,2.63,2.25
2012.02.07 08:47:07.790,0.92195,0.92231,2.63,2.25
2012.02.07 08:47:08.294,0.92195,0.92228,2.63,2.25
2012.02.07 08:47:08.355,0.92198,0.92234,2.63,2.25
2012.02.07 08:47:08.994,0.92198,0.92232,2.63,2.25
2012.02.07 08:47:10.211,0.92198,0.92232,2.25,2.25
2012.02.07 08:47:11.982,0.92197,0.92233,2.63,2.25
2012.02.07 08:47:13.237,0.92197,0.92233,3.23,2.25
2012.02.07 08:47:21.747,0.92195,0.92228,2.48,2.25
2012.02.07 08:47:21.806,0.92193,0.92228,2.63,2.25
2012.02.07 08:47:22.719,0.92193,0.92228,2.25,2.25
2012.02.07 08:47:24.405,0.92193,0.92228,3.00,2.25
2012.02.07 08:47:24.464,0.92197,0.92233,2.63,2.25
2012.02.07 08:47:24.814,0.92194,0.92227,2.63,2.25
2012.02.07 08:47:27.455,0.92193,0.9223,3.00,2.25
2012.02.07 08:47:28.628,0.92197,0.92231,2.63,2.25
2012.02.07 08:47:28.885,0.92198,0.92229,2.63,2.25
2012.02.07 08:47:38.099,0.92201,0.92235,2.25,3.00
2012.02.07 08:47:38.354,0.92201,0.92235,2.25,2.63
2012.02.07 08:47:39.625,0.92201,0.92235,2.25,2.63
2012.02.07 08:47:39.771,0.92202,0.92231,2.25,2.25
2012.02.07 08:47:40.078,0.92201,0.92235,2.25,2.63
2012.02.07 08:47:40.784,0.92201,0.92235,2.25,2.63
2012.02.07 08:47:41.335,0.92202,0.9223,2.25,2.25
2012.02.07 08:47:43.773,0.92193,0.92227,3.23,2.25
2012.02.07 08:47:44.422,0.92199,0.92231,2.25,2.25
2012.02.07 08:47:45.386,0.92199,0.92231,2.25,2.63
2012.02.07 08:47:45.663,0.92193,0.92227,2.85,2.25
2012.02.07 08:47:45.838,0.92198,0.92232,2.25,2.63
2012.02.07 08:47:47.103,0.92199,0.92232,2.25,2.63
2012.02.07 08:47:47.824,0.92199,0.92232,2.25,2.25
2012.02.07 08:47:50.683,0.92199,0.92234,2.25,2.63
2012.02.07 08:47:53.005,0.92199,0.92234,2.25,2.25
2012.02.07 08:47:53.125,0.92204,0.92233,2.25,2.25
2012.02.07 08:47:53.419,0.92201,0.92234,2.25,2.25
2012.02.07 08:47:54.174,0.922,0.92233,2.25,2.25
2012.02.07 08:47:55.956,0.92197,0.92234,2.63,2.25
2012.02.07 08:47:58.269,0.92202,0.92235,2.25,2.25
2012.02.07 08:47:58.844,0.92195,0.92229,2.63,2.25
2012.02.07 08:47:59.735,0.92188,0.92225,3.00,2.25
2012.02.07 08:48:00.408,0.92194,0.92226,2.63,2.25
2012.02.07 08:48:00.569,0.92193,0.92226,2.25,2.25
2012.02.07 08:48:00.692,0.9219,0.92224,2.63,2.25
2012.02.07 08:48:00.897,0.92194,0.92229,2.25,2.63
2012.02.07 08:48:01.619,0.92194,0.92229,2.63,2.25
2012.02.07 08:48:04.805,0.92193,0.92226,2.63,2.25
2012.02.07 08:48:08.122,0.92193,0.92226,2.25,2.25
2012.02.07 08:48:12.970,0.92188,0.92225,2.63,2.25
2012.02.07 08:48:13.050,0.92195,0.92228,2.25,2.63
2012.02.07 08:48:13.127,0.92193,0.92227,2.25,2.25
2012.02.07 08:48:13.265,0.92193,0.92224,2.25,2.25
2012.02.07 08:48:15.103,0.92192,0.92227,2.25,2.25
2012.02.07 08:48:15.887,0.92192,0.92227,2.63,2.25
2012.02.07 08:48:16.063,0.92198,0.92231,2.25,2.25
2012.02.07 08:48:17.929,0.92199,0.92231,2.25,2.25
2012.02.07 08:48:22.143,0.92197,0.92232,2.25,2.25
2012.02.07 08:48:23.793,0.92197,0.9223,2.25,2.25
2012.02.07 08:48:24.099,0.92197,0.92226,2.25,2.25
2012.02.07 08:48:24.659,0.92202,0.92231,2.25,2.25
2012.02.07 08:48:25.645,0.92202,0.9223,2.25,2.25
2012.02.07 08:48:26.518,0.92196,0.92226,2.25,2.25
2012.02.07 08:48:32.765,0.922,0.9223,2.25,2.63
2012.02.07 08:48:33.185,0.92202,0.9223,2.25,2.25
2012.02.07 08:48:36.615,0.92201,0.92231,2.25,2.63
2012.02.07 08:48:37.724,0.92201,0.92231,2.25,3.23
2012.02.07 08:48:37.843,0.92196,0.92226,2.25,2.25
2012.02.07 08:48:43.253,0.92199,0.92229,2.25,2.63
2012.02.07 08:48:44.236,0.92198,0.92229,2.25,2.63
2012.02.07 08:48:44.624,0.92196,0.92227,2.25,2.63
2012.02.07 08:48:45.275,0.92198,0.92227,2.25,2.63
2012.02.07 08:48:45.402,0.92196,0.92227,2.25,2.63
2012.02.07 08:48:46.008,0.92196,0.92226,2.25,2.63
2012.02.07 08:48:48.603,0.92195,0.92225,2.25,2.63
2012.02.07 08:48:49.594,0.92196,0.92226,2.25,2.63
2012.02.07 08:49:01.454,0.92196,0.92226,2.25,2.63
2012.02.07 08:49:02.065,0.92196,0.92224,2.25,2.25
2012.02.07 08:49:02.425,0.922,0.9223,2.25,2.63
2012.02.07 08:49:02.788,0.92193,0.92228,2.25,2.25
2012.02.07 08:49:03.108,0.92195,0.92228,2.25,2.25
2012.02.07 08:49:05.884,0.92196,0.92228,2.25,2.25
2012.02.07 08:49:07.271,0.92198,0.92228,2.25,2.25
2012.02.07 08:49:07.358,0.92196,0.92228,2.25,2.25
2012.02.07 08:49:17.552,0.9219,0.92225,2.63,2.25
2012.02.07 08:49:19.254,0.9219,0.92225,2.25,2.63
2012.02.07 08:49:23.058,0.92196,0.92228,2.25,2.63
2012.02.07 08:49:23.156,0.92196,0.92228,2.25,2.25
2012.02.07 08:49:24.427,0.92194,0.92232,2.25,3.23
2012.02.07 08:49:24.545,0.92193,0.92221,2.63,2.25
2012.02.07 08:49:25.018,0.92192,0.92223,2.63,2.25
2012.02.07 08:49:25.299,0.92191,0.92223,2.25,2.25
2012.02.07 08:49:25.929,0.92195,0.92228,2.25,2.63
2012.02.07 08:49:26.847,0.92195,0.92228,2.25,2.63
2012.02.07 08:49:27.562,0.92192,0.92223,2.25,2.25
2012.02.07 08:49:31.628,0.9219,0.92224,2.63,2.25
2012.02.07 08:49:38.752,0.9219,0.9222,2.63,2.25
2012.02.07 08:49:38.849,0.9219,0.92222,2.63,2.25
2012.02.07 08:49:39.378,0.9219,0.92221,2.25,2.63
2012.02.07 08:49:40.956,0.92186,0.92221,2.63,2.25
2012.02.07 08:49:41.949,0.92189,0.92222,2.25,2.25
2012.02.07 08:49:42.732,0.92186,0.92217,2.63,2.25
2012.02.07 08:49:42.995,0.92194,0.92225,2.25,2.63
2012.02.07 08:49:43.076,0.92194,0.92225,2.25,3.00
2012.02.07 08:49:43.193,0.92182,0.92216,2.85,2.25
2012.02.07 08:49:43.393,0.92182,0.92216,2.25,2.25
2012.02.07 08:49:43.453,0.92191,0.92221,2.25,2.63
2012.02.07 08:49:43.633,0.92188,0.92217,2.25,2.25
2012.02.07 08:49:44.975,0.92183,0.92217,2.25,2.25
2012.02.07 08:49:45.725,0.92187,0.92218,2.25,2.63
2012.02.07 08:49:45.937,0.92183,0.92217,2.25,2.25
2012.02.07 08:49:48.646,0.92182,0.92218,2.63,2.25
2012.02.07 08:49:48.825,0.92188,0.92219,2.25,2.63
2012.02.07 08:49:49.745,0.92188,0.92219,2.25,2.25
2012.02.07 08:49:50.426,0.92186,0.92217,2.25,2.25
2012.02.07 08:49:50.730,0.92181,0.92216,2.63,2.25
2012.02.07 08:49:52.225,0.92181,0.92216,2.25,3.23
2012.02.07 08:49:57.376,0.92185,0.92218,2.25,3.23
2012.02.07 08:49:59.286,0.92181,0.92213,2.25,3.00
2012.02.07 08:49:59.467,0.92183,0.92216,2.25,2.25
2012.02.07 08:50:00.127,0.92182,0.92215,2.25,2.25
2012.02.07 08:50:00.194,0.92182,0.92217,2.25,2.25
2012.02.07 08:50:02.532,0.92177,0.92213,3.23,2.25
2012.02.07 08:50:05.078,0.92183,0.92216,2.25,2.25
2012.02.07 08:50:06.618,0.92185,0.92218,2.25,2.25
2012.02.07 08:50:07.425,0.92183,0.92216,2.25,2.25
2012.02.07 08:50:09.260,0.92181,0.92212,2.25,2.25
2012.02.07 08:50:11.754,0.92184,0.92214,2.25,2.25
2012.02.07 08:50:13.174,0.92185,0.92213,2.25,2.25
2012.02.07 08:50:13.859,0.92181,0.92211,2.25,2.25
2012.02.07 08:50:13.924,0.92179,0.92209,2.25,2.25
2012.02.07 08:50:14.727,0.92177,0.92207,2.25,2.25
2012.02.07 08:50:15.057,0.9217,0.922,3.23,2.25
2012.02.07 08:50:15.768,0.92175,0.92202,2.25,2.25
2012.02.07 08:50:19.233,0.92174,0.92201,2.63,2.25
2012.02.07 08:50:20.129,0.92175,0.92202,2.63,2.25
2012.02.07 08:50:21.404,0.92172,0.92201,3.38,2.25
2012.02.07 08:50:21.467,0.92172,0.92199,2.25,2.25
2012.02.07 08:50:21.546,0.9217,0.92197,2.63,2.25
2012.02.07 08:50:21.854,0.92174,0.92202,2.85,2.25
2012.02.07 08:50:25.174,0.92175,0.92203,2.85,2.25
2012.02.07 08:50:25.721,0.92173,0.92201,2.85,2.25
2012.02.07 08:50:26.458,0.92172,0.922,2.25,2.25
2012.02.07 08:50:26.527,0.92176,0.92204,2.25,2.25
2012.02.07 08:50:27.047,0.92177,0.92208,2.25,2.63
2012.02.07 08:50:27.666,0.92177,0.92208,2.25,2.25
2012.02.07 08:50:27.926,0.92178,0.92211,2.25,2.25
2012.02.07 08:50:28.701,0.92178,0.92209,2.25,2.25
2012.02.07 08:50:32.124,0.92178,0.9221,2.25,2.25
2012.02.07 08:50:32.444,0.9218,0.92209,2.25,2.25
2012.02.07 08:50:32.503,0.92179,0.92213,2.25,2.63
2012.02.07 08:50:33.477,0.9218,0.92211,2.25,2.25
2012.02.07 08:50:34.089,0.9218,0.9221,2.25,2.25
2012.02.07 08:50:41.414,0.92179,0.9221,2.25,2.25
2012.02.07 08:50:43.019,0.92173,0.92203,3.23,2.25
2012.02.07 08:50:43.609,0.92176,0.92206,2.25,2.25
2012.02.07 08:50:43.734,0.92173,0.92203,2.63,2.25
2012.02.07 08:50:47.548,0.92176,0.92206,2.25,2.25
2012.02.07 08:50:48.395,0.92176,0.92206,2.63,2.25
2012.02.07 08:50:49.076,0.92174,0.92202,2.63,2.25
2012.02.07 08:50:50.082,0.92174,0.92202,2.63,2.25
2012.02.07 08:50:50.202,0.92176,0.92206,2.63,2.25
2012.02.07 08:50:51.742,0.92176,0.92206,2.63,2.25
2012.02.07 08:50:55.446,0.92177,0.92205,3.23,2.25
2012.02.07 08:50:57.001,0.92174,0.92203,1.35,2.25
2012.02.07 08:50:58.465,0.92177,0.92205,3.23,2.25
2012.02.07 08:51:00.346,0.92177,0.92205,3.23,2.25
2012.02.07 08:51:03.206,0.92177,0.92205,3.23,2.25
2012.02.07 08:51:03.264,0.92181,0.92211,2.63,2.25
2012.02.07 08:51:05.822,0.9218,0.92208,2.63,2.25
2012.02.07 08:51:06.324,0.92178,0.92208,2.63,2.25
2012.02.07 08:51:07.075,0.92177,0.92207,2.63,2.25
2012.02.07 08:51:07.556,0.92183,0.9221,2.25,2.25
2012.02.07 08:51:07.775,0.92177,0.92207,2.63,2.25
2012.02.07 08:51:08.560,0.92182,0.92211,2.25,2.25
2012.02.07 08:51:08.629,0.92179,0.92208,2.63,2.25
2012.02.07 08:51:09.206,0.92175,0.92202,2.63,2.25
2012.02.07 08:51:09.483,0.92176,0.92203,2.25,2.25
2012.02.07 08:51:09.645,0.92172,0.92202,2.25,2.25
2012.02.07 08:51:11.132,0.92172,0.92201,2.25,2.25
2012.02.07 08:51:11.300,0.92168,0.92196,2.63,2.25
2012.02.07 08:51:11.697,0.9217,0.92198,2.25,2.25
2012.02.07 08:51:12.300,0.9217,0.92205,2.25,2.63
2012.02.07 08:51:13.165,0.92169,0.92206,2.25,2.63
2012.02.07 08:51:14.510,0.9217,0.92204,2.25,2.63
2012.02.07 08:51:16.216,0.92167,0.92202,2.25,2.63
2012.02.07 08:51:17.566,0.92167,0.92204,3.38,2.25
2012.02.07 08:51:18.909,0.9217,0.92206,2.25,2.25
2012.02.07 08:51:20.674,0.92171,0.92205,2.25,2.25
2012.02.07 08:51:21.220,0.92173,0.92208,2.25,2.63
2012.02.07 08:51:21.800,0.92178,0.92213,2.63,2.85
2012.02.07 08:51:23.408,0.92174,0.9221,3.00,2.25
2012.02.07 08:51:24.235,0.92173,0.92206,1.35,2.25
2012.02.07 08:51:26.474,0.92172,0.92206,3.23,2.25
2012.02.07 08:51:26.603,0.92178,0.92215,2.25,2.63
2012.02.07 08:51:27.432,0.92178,0.92213,2.25,2.25
2012.02.07 08:51:29.339,0.92177,0.92206,2.25,2.25
2012.02.07 08:51:29.523,0.92177,0.92208,2.25,2.25
2012.02.07 08:51:30.560,0.92177,0.92207,2.25,2.25
2012.02.07 08:51:30.801,0.92178,0.92209,2.25,2.25
2012.02.07 08:51:30.921,0.92172,0.92205,3.23,2.25
2012.02.07 08:51:33.148,0.92172,0.92205,2.85,2.25
2012.02.07 08:51:33.837,0.92172,0.92205,3.23,2.25
2012.02.07 08:51:34.507,0.92173,0.92206,3.23,2.25
2012.02.07 08:51:35.894,0.92169,0.92201,3.00,2.25
2012.02.07 08:51:36.314,0.92169,0.92201,2.63,2.25
2012.02.07 08:51:37.263,0.92176,0.92206,2.25,2.25
2012.02.07 08:51:38.547,0.92176,0.92206,2.63,2.25
2012.02.07 08:51:39.575,0.92181,0.9221,2.25,2.25
2012.02.07 08:51:42.907,0.92178,0.92212,2.63,2.25
2012.02.07 08:51:42.964,0.92178,0.92212,2.63,2.25
2012.02.07 08:51:43.637,0.92177,0.92204,2.63,2.25
2012.02.07 08:51:43.753,0.92179,0.9221,2.25,2.25
2012.02.07 08:51:50.805,0.92179,0.92212,2.25,2.25
2012.02.07 08:51:55.772,0.9218,0.92208,2.25,2.25
2012.02.07 08:51:56.014,0.92174,0.92206,2.63,2.25
2012.02.07 08:51:56.207,0.92174,0.92206,2.25,2.25
2012.02.07 08:51:57.639,0.92174,0.92206,2.63,2.25
2012.02.07 08:51:57.852,0.92179,0.92209,2.25,2.25
2012.02.07 08:51:57.957,0.92178,0.92211,2.25,2.25
2012.02.07 08:51:58.161,0.92184,0.92214,2.25,2.63
2012.02.07 08:51:58.936,0.92187,0.92215,2.25,2.25
2012.02.07 08:51:59.962,0.9218,0.92207,2.85,2.25
2012.02.07 08:52:00.195,0.92183,0.92213,2.25,2.25
2012.02.07 08:52:00.510,0.92185,0.92216,2.25,2.63
2012.02.07 08:52:00.785,0.9218,0.92211,2.85,2.25
2012.02.07 08:52:01.914,0.92181,0.92212,2.25,2.25
2012.02.07 08:52:03.336,0.92181,0.92213,2.25,2.25
2012.02.07 08:52:04.464,0.92181,0.92214,2.25,2.25
2012.02.07 08:52:04.664,0.92189,0.92216,2.25,2.25
2012.02.07 08:52:04.724,0.92185,0.92214,2.25,2.25
2012.02.07 08:52:05.228,0.92187,0.92216,2.25,2.25
2012.02.07 08:52:06.359,0.92188,0.92218,2.25,2.25
2012.02.07 08:52:06.962,0.92191,0.92218,2.25,2.25
2012.02.07 08:52:09.048,0.92191,0.92228,2.25,3.00
2012.02.07 08:52:09.714,0.92191,0.92227,2.25,3.00
2012.02.07 08:52:09.773,0.92188,0.92221,2.25,2.25
2012.02.07 08:52:09.963,0.92186,0.92221,2.25,2.25
2012.02.07 08:52:10.384,0.92185,0.92217,2.25,2.25
2012.02.07 08:52:10.663,0.92186,0.92221,2.25,2.63
2012.02.07 08:52:14.472,0.92188,0.92221,2.25,2.63
2012.02.07 08:52:15.259,0.9219,0.92222,2.25,2.63
2012.02.07 08:52:15.326,0.92188,0.92222,2.25,2.63
2012.02.07 08:52:15.386,0.9219,0.92221,2.25,2.63
2012.02.07 08:52:16.038,0.92191,0.92223,2.25,2.63
2012.02.07 08:52:16.105,0.92194,0.92228,2.25,3.00
2012.02.07 08:52:16.365,0.92192,0.92222,2.25,2.25
2012.02.07 08:52:17.042,0.92194,0.92229,2.25,2.25
2012.02.07 08:52:17.796,0.92191,0.9222,2.63,2.25
2012.02.07 08:52:18.111,0.92195,0.92225,2.25,2.25
2012.02.07 08:52:18.218,0.9219,0.92221,2.63,2.25
2012.02.07 08:52:20.536,0.9219,0.92221,2.25,2.25
2012.02.07 08:52:28.745,0.9219,0.92221,2.25,2.63
2012.02.07 08:52:29.484,0.92186,0.92215,2.25,2.25
2012.02.07 08:52:30.873,0.92188,0.92218,2.25,2.25
2012.02.07 08:52:31.485,0.92188,0.92219,2.25,2.25
2012.02.07 08:52:32.206,0.92188,0.92218,2.25,2.25
2012.02.07 08:52:32.793,0.92187,0.92217,2.25,2.25
2012.02.07 08:52:33.416,0.92188,0.92218,2.25,2.25
2012.02.07 08:52:37.704,0.92188,0.92216,2.25,2.25
2012.02.07 08:52:37.942,0.92188,0.92218,2.85,2.25
2012.02.07 08:52:38.026,0.92192,0.92224,2.25,2.63
2012.02.07 08:52:39.900,0.92192,0.92224,2.25,2.25
2012.02.07 08:52:40.970,0.92195,0.92223,2.25,2.25
2012.02.07 08:52:43.091,0.92196,0.92226,2.25,2.63
2012.02.07 08:52:50.695,0.92192,0.9222,2.25,2.25
2012.02.07 08:52:51.238,0.92192,0.9222,2.25,3.00
2012.02.07 08:52:51.306,0.92187,0.92215,2.25,2.63
2012.02.07 08:52:52.664,0.92184,0.92215,2.25,2.63
2012.02.07 08:52:53.087,0.9219,0.9222,2.25,3.00
2012.02.07 08:52:53.200,0.92186,0.92214,2.25,2.63
2012.02.07 08:52:54.312,0.92185,0.92214,2.25,2.63
2012.02.07 08:52:57.685,0.92185,0.92214,2.63,2.25
2012.02.07 08:52:57.778,0.92189,0.92219,2.25,2.25
2012.02.07 08:52:58.325,0.92184,0.92215,2.63,2.25
2012.02.07 08:53:01.255,0.92184,0.92215,2.25,2.25
2012.02.07 08:53:03.975,0.92187,0.92215,2.25,2.25
2012.02.07 08:53:04.396,0.92191,0.92219,2.25,2.25
2012.02.07 08:53:04.788,0.92193,0.92223,2.25,2.63
2012.02.07 08:53:05.339,0.92193,0.92223,2.25,2.25
2012.02.07 08:53:05.863,0.92196,0.92226,2.25,2.85
2012.02.07 08:53:06.375,0.92194,0.92224,2.25,2.25
2012.02.07 08:53:17.482,0.92195,0.92224,2.25,2.25
2012.02.07 08:53:19.795,0.92193,0.92221,2.25,2.25
2012.02.07 08:53:19.996,0.9219,0.92221,2.63,2.25
2012.02.07 08:53:21.229,0.9219,0.92219,2.25,2.25
2012.02.07 08:53:22.991,0.92191,0.9222,2.25,2.25
2012.02.07 08:53:24.189,0.92189,0.9222,2.25,2.25
2012.02.07 08:53:30.395,0.9219,0.92219,2.25,2.25
2012.02.07 08:53:32.019,0.92186,0.92214,2.25,2.25
2012.02.07 08:53:47.960,0.92191,0.92219,2.25,2.85
2012.02.07 08:53:48.844,0.92185,0.92215,2.25,2.25
2012.02.07 08:54:04.085,0.92181,0.92211,2.25,2.85
2012.02.07 08:54:04.226,0.92178,0.92209,2.63,2.85
2012.02.07 08:54:04.328,0.92176,0.92204,2.63,2.25
2012.02.07 08:54:04.803,0.92172,0.92207,3.00,2.25
2012.02.07 08:54:04.899,0.92172,0.92207,2.63,2.25
2012.02.07 08:54:05.119,0.92174,0.92212,2.63,2.85
2012.02.07 08:54:07.794,0.92174,0.92212,2.63,2.25
2012.02.07 08:54:07.858,0.92179,0.92212,2.25,2.25
2012.02.07 08:54:08.448,0.92178,0.92213,2.25,2.63
2012.02.07 08:54:12.886,0.92179,0.92212,2.25,2.25
2012.02.07 08:54:15.355,0.92175,0.92207,2.63,2.25
2012.02.07 08:54:15.978,0.92174,0.92213,2.63,2.63
2012.02.07 08:54:16.945,0.92176,0.92212,2.63,2.63
2012.02.07 08:54:25.504,0.92178,0.92213,2.25,2.63
2012.02.07 08:54:26.494,0.92177,0.92212,2.25,2.63
2012.02.07 08:54:26.824,0.9218,0.92214,2.25,2.63
2012.02.07 08:54:27.325,0.92181,0.92214,2.25,2.63
2012.02.07 08:54:27.646,0.92187,0.92219,2.25,2.25
2012.02.07 08:54:28.426,0.92188,0.92223,2.25,2.63
2012.02.07 08:54:28.567,0.92188,0.92223,2.63,2.25
2012.02.07 08:54:29.044,0.92189,0.92219,2.63,2.25
2012.02.07 08:54:29.241,0.92188,0.92224,2.63,2.25
2012.02.07 08:54:29.457,0.92188,0.92227,2.63,2.25
2012.02.07 08:54:29.685,0.92188,0.92227,2.63,2.63
2012.02.07 08:54:29.880,0.92189,0.92225,2.63,2.25
2012.02.07 08:54:30.417,0.92189,0.92224,2.63,2.25
2012.02.07 08:54:31.039,0.92189,0.92223,2.63,2.25
2012.02.07 08:54:31.141,0.92188,0.92225,2.63,2.25
2012.02.07 08:54:31.696,0.92187,0.92224,2.63,2.25
2012.02.07 08:54:32.682,0.92188,0.92226,2.63,2.25
2012.02.07 08:54:33.009,0.92185,0.92222,1.35,2.25
2012.02.07 08:54:33.230,0.92188,0.92226,2.63,2.25
2012.02.07 08:54:33.792,0.92188,0.92225,2.63,2.25
2012.02.07 08:54:42.461,0.92188,0.92225,2.25,2.63
2012.02.07 08:54:43.239,0.92187,0.92226,2.25,2.63
2012.02.07 08:54:44.130,0.92187,0.92226,2.63,2.25
2012.02.07 08:54:44.857,0.92185,0.9222,1.35,2.25
2012.02.07 08:54:45.226,0.92184,0.9222,2.63,2.25
2012.02.07 08:54:45.476,0.92186,0.92222,2.63,2.25
2012.02.07 08:54:46.064,0.92187,0.9222,2.63,2.25
2012.02.07 08:54:46.387,0.92195,0.92227,2.63,2.25
2012.02.07 08:54:47.766,0.92194,0.92227,2.63,2.25
2012.02.07 08:54:48.239,0.92193,0.92224,3.00,2.25
2012.02.07 08:54:54.314,0.92195,0.92226,2.63,2.25
2012.02.07 08:54:56.800,0.92195,0.92226,2.63,2.25
2012.02.07 08:54:56.864,0.92195,0.92229,2.63,2.25
2012.02.07 08:54:57.908,0.92195,0.9223,3.23,2.25
2012.02.07 08:54:58.576,0.92195,0.9223,3.23,2.25
2012.02.07 08:54:58.701,0.92197,0.92227,2.63,2.25
2012.02.07 08:54:59.007,0.922,0.92231,2.25,2.25
2012.02.07 08:54:59.063,0.92198,0.92231,2.63,2.25
2012.02.07 08:54:59.569,0.92194,0.92226,2.63,2.25
2012.02.07 08:55:00.806,0.92188,0.92222,2.25,2.25
2012.02.07 08:55:01.120,0.92195,0.92225,2.25,2.25
2012.02.07 08:55:01.348,0.92186,0.92224,2.85,2.25
2012.02.07 08:55:02.524,0.92185,0.92225,2.85,2.25
2012.02.07 08:55:02.590,0.92186,0.92219,2.85,2.25
2012.02.07 08:55:02.714,0.92185,0.92219,2.25,2.25
2012.02.07 08:55:02.996,0.92187,0.92219,2.25,2.25
2012.02.07 08:55:03.894,0.92188,0.92221,2.25,2.25
2012.02.07 08:55:04.245,0.92188,0.92224,2.25,2.25
2012.02.07 08:55:04.515,0.92186,0.92219,2.25,2.25
2012.02.07 08:55:05.687,0.92186,0.92219,2.85,2.25
2012.02.07 08:55:07.363,0.92191,0.9222,2.25,2.25
2012.02.07 08:55:07.417,0.92196,0.9223,2.63,2.25
2012.02.07 08:55:08.513,0.92197,0.92228,2.63,2.25
2012.02.07 08:55:10.370,0.92195,0.92225,3.23,2.25
2012.02.07 08:55:10.574,0.92193,0.92225,2.25,2.25
2012.02.07 08:55:10.720,0.92191,0.92224,2.25,2.25
2012.02.07 08:55:11.812,0.9219,0.92222,2.63,2.25
2012.02.07 08:55:14.020,0.92189,0.92222,2.63,2.25
2012.02.07 08:55:15.120,0.9219,0.92226,2.25,2.25
2012.02.07 08:55:15.775,0.9219,0.92226,2.63,2.25
2012.02.07 08:55:16.672,0.92192,0.92226,2.25,2.25
2012.02.07 08:55:16.736,0.92192,0.92226,2.85,2.25
2012.02.07 08:55:16.796,0.92196,0.92232,3.23,2.25
2012.02.07 08:55:24.145,0.92192,0.92221,2.48,2.25
2012.02.07 08:55:24.216,0.92202,0.92232,2.25,2.25
2012.02.07 08:55:24.455,0.92202,0.9223,2.25,2.25
2012.02.07 08:55:26.558,0.92202,0.92233,2.25,2.25
2012.02.07 08:55:27.224,0.92202,0.92233,4.35,2.25
2012.02.07 08:55:32.243,0.92202,0.92233,2.63,2.25
2012.02.07 08:55:34.601,0.92202,0.92236,2.63,2.25
2012.02.07 08:55:35.143,0.92202,0.92235,2.63,2.25
2012.02.07 08:55:35.888,0.92202,0.92234,2.63,2.25
2012.02.07 08:55:37.336,0.92204,0.92233,2.63,2.25
2012.02.07 08:55:38.501,0.92202,0.92234,2.63,2.25
2012.02.07 08:55:41.826,0.92203,0.92232,2.63,2.25
2012.02.07 08:55:43.687,0.92203,0.92232,2.25,2.25
2012.02.07 08:55:44.944,0.92202,0.92232,2.25,2.25
2012.02.07 08:55:46.053,0.92202,0.92231,2.25,2.25
2012.02.07 08:55:46.559,0.922,0.9223,2.85,2.25
2012.02.07 08:55:47.546,0.9221,0.92238,2.25,2.63
2012.02.07 08:55:48.175,0.92205,0.92233,2.25,2.25
2012.02.07 08:55:53.755,0.92205,0.92233,2.63,2.25
2012.02.07 08:55:54.309,0.92208,0.92238,2.25,2.25
2012.02.07 08:55:55.184,0.92207,0.9224,2.63,2.25
2012.02.07 08:55:58.273,0.92207,0.92239,2.63,2.25
2012.02.07 08:55:59.433,0.92208,0.92239,2.25,2.25
2012.02.07 08:56:01.319,0.92205,0.92235,2.63,2.25
2012.02.07 08:56:01.383,0.92207,0.9224,2.63,2.25
2012.02.07 08:56:01.548,0.92208,0.92238,2.25,2.25
2012.02.07 08:56:04.694,0.92206,0.92234,2.25,2.25
2012.02.07 08:56:05.495,0.92202,0.92232,3.23,2.25
2012.02.07 08:56:05.556,0.92204,0.92234,2.25,2.25
2012.02.07 08:56:07.156,0.92206,0.92234,2.25,2.25
2012.02.07 08:56:07.375,0.92204,0.92234,2.63,2.25
2012.02.07 08:56:13.868,0.92204,0.92232,2.25,2.25
2012.02.07 08:56:16.976,0.92205,0.92235,2.63,2.25
2012.02.07 08:56:17.097,0.92207,0.92237,2.25,2.25
2012.02.07 08:56:17.195,0.92208,0.9224,2.25,2.25
2012.02.07 08:56:17.345,0.92212,0.92245,2.25,2.63
2012.02.07 08:56:17.996,0.92213,0.92245,2.63,2.25
2012.02.07 08:56:18.716,0.92214,0.92243,2.63,2.25
2012.02.07 08:56:21.686,0.92211,0.92241,2.63,2.25
2012.02.07 08:56:21.746,0.92214,0.92243,2.63,2.25
2012.02.07 08:56:23.686,0.92213,0.92245,2.63,2.25
2012.02.07 08:56:24.676,0.92213,0.92245,2.63,2.25
2012.02.07 08:56:25.878,0.92213,0.92245,2.63,3.00
2012.02.07 08:56:26.244,0.92207,0.92237,3.00,2.25
2012.02.07 08:56:26.969,0.92207,0.92242,3.23,2.25
2012.02.07 08:56:27.797,0.92208,0.92243,2.63,2.25
2012.02.07 08:56:28.120,0.92215,0.92244,2.25,2.25
2012.02.07 08:56:28.739,0.92212,0.92244,2.25,2.25
2012.02.07 08:56:29.351,0.92208,0.92244,2.63,2.25
2012.02.07 08:56:29.856,0.92209,0.92243,2.63,2.25
2012.02.07 08:56:31.167,0.92209,0.92243,2.25,2.25
2012.02.07 08:56:31.208,0.92205,0.92238,2.63,2.25
2012.02.07 08:56:31.698,0.92211,0.92243,2.25,2.25
2012.02.07 08:56:32.309,0.9221,0.92243,2.25,2.25
2012.02.07 08:56:33.518,0.92208,0.92241,2.25,2.25
2012.02.07 08:56:33.877,0.92209,0.92239,2.25,2.25
2012.02.07 08:56:34.069,0.92209,0.92243,2.25,2.25
2012.02.07 08:56:34.134,0.92212,0.92243,2.25,2.25
2012.02.07 08:56:34.637,0.92209,0.92244,2.25,2.25
2012.02.07 08:56:36.045,0.92208,0.92244,2.25,2.25
2012.02.07 08:56:36.565,0.92208,0.92243,2.25,2.25
2012.02.07 08:56:38.875,0.92209,0.92244,2.25,2.25
2012.02.07 08:56:39.150,0.92218,0.9225,2.25,2.25
2012.02.07 08:56:39.460,0.92217,0.92245,2.25,2.25
2012.02.07 08:56:39.696,0.92212,0.92242,2.25,2.25
2012.02.07 08:56:39.816,0.9221,0.92241,2.25,2.25
2012.02.07 08:56:40.626,0.92207,0.92239,2.25,2.25
2012.02.07 08:56:40.688,0.92201,0.92235,2.25,2.25
2012.02.07 08:56:40.815,0.92208,0.9224,2.25,2.25
2012.02.07 08:56:41.718,0.92207,0.92235,2.25,2.25
2012.02.07 08:56:42.573,0.92209,0.92237,2.25,2.25
2012.02.07 08:56:42.659,0.92209,0.92239,2.25,2.25
2012.02.07 08:56:42.725,0.92208,0.92241,2.25,2.25
2012.02.07 08:56:43.455,0.92211,0.92239,2.25,2.25
2012.02.07 08:56:43.539,0.92209,0.92241,2.25,2.25
2012.02.07 08:56:44.473,0.92209,0.9224,2.25,2.25
2012.02.07 08:56:45.306,0.92209,0.92241,2.25,2.25
2012.02.07 08:56:46.057,0.9221,0.92239,2.25,2.25
2012.02.07 08:56:48.403,0.9221,0.9224,2.25,2.25
2012.02.07 08:56:48.820,0.9221,0.92239,2.25,2.25
2012.02.07 08:56:49.400,0.9221,0.9224,2.25,2.25
2012.02.07 08:56:50.295,0.9221,0.92239,2.25,2.25
2012.02.07 08:56:50.966,0.92209,0.92241,2.25,2.25
2012.02.07 08:56:51.024,0.92213,0.92243,2.25,2.25
2012.02.07 08:56:51.459,0.92208,0.92236,2.25,2.25
2012.02.07 08:56:51.666,0.92206,0.92237,2.25,2.25
2012.02.07 08:56:52.169,0.92205,0.92236,2.25,2.25
2012.02.07 08:56:52.804,0.92204,0.92236,2.25,2.25
2012.02.07 08:56:53.116,0.92205,0.92234,2.25,2.25
2012.02.07 08:56:53.778,0.92205,0.92235,2.25,2.25
2012.02.07 08:56:54.901,0.92205,0.92236,2.25,2.25
2012.02.07 08:56:55.308,0.92209,0.9224,2.25,2.25
2012.02.07 08:56:55.374,0.9221,0.92242,2.25,2.25
2012.02.07 08:56:55.433,0.92206,0.92236,2.25,2.25
2012.02.07 08:56:56.036,0.92206,0.92235,2.25,2.25
2012.02.07 08:56:56.538,0.92206,0.92234,2.25,2.25
2012.02.07 08:56:56.664,0.92206,0.92236,2.25,2.25
2012.02.07 08:56:57.763,0.92206,0.92235,2.25,2.25
2012.02.07 08:56:57.824,0.92205,0.92237,2.25,2.25
2012.02.07 08:56:58.169,0.92206,0.92235,2.25,2.25
2012.02.07 08:56:59.618,0.92206,0.92234,2.25,2.25
2012.02.07 08:57:00.038,0.9221,0.92239,2.25,2.25
2012.02.07 08:57:01.386,0.9221,0.92238,2.85,2.25
2012.02.07 08:57:02.485,0.92209,0.92237,2.85,2.25
2012.02.07 08:57:03.408,0.92211,0.9224,2.25,2.25
2012.02.07 08:57:03.530,0.92201,0.92232,1.35,2.25
2012.02.07 08:57:03.866,0.92201,0.92232,2.85,2.25
2012.02.07 08:57:04.581,0.92205,0.92238,2.25,2.63
2012.02.07 08:57:04.705,0.92203,0.92233,2.85,2.25
2012.02.07 08:57:05.678,0.92205,0.92236,2.25,2.25
2012.02.07 08:57:06.141,0.92203,0.92233,3.23,2.25
2012.02.07 08:57:06.564,0.92205,0.92236,2.25,2.25
2012.02.07 08:57:06.799,0.92204,0.92232,3.23,2.25
2012.02.07 08:57:07.646,0.92204,0.92234,2.63,2.25
2012.02.07 08:57:07.866,0.92205,0.92236,2.25,2.25
2012.02.07 08:57:08.001,0.92207,0.92237,2.25,2.25
2012.02.07 08:57:08.065,0.92205,0.92236,2.25,2.25
2012.02.07 08:57:08.124,0.92205,0.92238,2.25,2.25
2012.02.07 08:57:08.283,0.92207,0.92238,2.25,2.25
2012.02.07 08:57:09.632,0.92206,0.92237,2.25,2.25
2012.02.07 08:57:19.398,0.92209,0.92237,2.25,2.25
2012.02.07 08:57:21.456,0.92212,0.9224,2.25,2.63
2012.02.07 08:57:22.065,0.92207,0.92236,2.25,2.63
2012.02.07 08:57:22.130,0.92207,0.92235,2.25,2.25
2012.02.07 08:57:22.587,0.92208,0.92237,2.25,2.25
2012.02.07 08:57:23.174,0.92205,0.92236,2.63,2.25
2012.02.07 08:57:23.595,0.92205,0.92236,2.63,2.25
2012.02.07 08:57:24.299,0.92203,0.92235,2.63,2.25
2012.02.07 08:57:25.039,0.92204,0.92234,2.63,2.25
2012.02.07 08:57:26.221,0.92203,0.92234,2.63,2.25
2012.02.07 08:57:26.375,0.92201,0.9223,2.63,2.25
2012.02.07 08:57:26.688,0.92203,0.92236,2.63,2.25
2012.02.07 08:57:27.155,0.92204,0.92233,2.25,2.25
2012.02.07 08:57:27.686,0.92203,0.92234,2.63,2.25
2012.02.07 08:57:28.387,0.92203,0.92236,2.63,2.25
2012.02.07 08:57:28.446,0.92204,0.92231,2.25,2.25
2012.02.07 08:57:28.807,0.92203,0.92236,2.25,2.25
2012.02.07 08:57:33.086,0.92203,0.92236,2.63,2.25
2012.02.07 08:57:40.854,0.92203,0.92238,2.63,2.25
2012.02.07 08:57:42.812,0.92204,0.92237,2.63,2.25
2012.02.07 08:57:43.919,0.92205,0.92238,2.63,2.25
2012.02.07 08:57:44.136,0.92205,0.92238,2.63,2.25
2012.02.07 08:57:44.507,0.92211,0.92238,2.25,2.25
2012.02.07 08:57:44.570,0.92209,0.92238,2.25,2.25
2012.02.07 08:57:45.283,0.92209,0.92244,2.63,2.25
2012.02.07 08:57:45.409,0.92212,0.92242,2.25,2.25
2012.02.07 08:57:46.145,0.92213,0.92245,2.25,2.25
2012.02.07 08:57:46.625,0.92212,0.92244,2.63,2.25
2012.02.07 08:57:48.408,0.92212,0.92244,2.25,2.25
2012.02.07 08:57:50.087,0.9221,0.92239,2.63,2.25
2012.02.07 08:57:52.697,0.92212,0.92244,2.25,2.25
2012.02.07 08:57:53.506,0.92212,0.92243,2.25,2.25
2012.02.07 08:57:54.930,0.92213,0.9224,2.25,2.25
2012.02.07 08:57:55.403,0.92212,0.92242,2.25,2.25
2012.02.07 08:57:56.876,0.92212,0.9224,2.25,2.25
2012.02.07 08:57:57.537,0.92211,0.9224,2.25,2.25
2012.02.07 08:57:58.490,0.92211,0.92241,2.25,2.25
2012.02.07 08:57:59.429,0.92215,0.92245,2.25,2.63
2012.02.07 08:57:59.815,0.92211,0.92239,2.85,2.25
2012.02.07 08:58:00.562,0.92211,0.92241,2.25,2.63
2012.02.07 08:58:01.207,0.9221,0.92243,2.25,2.63
2012.02.07 08:58:01.932,0.92211,0.92244,2.25,2.63
2012.02.07 08:58:02.520,0.92213,0.92244,2.25,2.63
2012.02.07 08:58:02.591,0.92204,0.92237,3.23,2.25
2012.02.07 08:58:02.657,0.92204,0.92235,3.23,2.25
2012.02.07 08:58:02.946,0.92203,0.92237,3.23,2.25
2012.02.07 08:58:03.169,0.92204,0.92235,3.23,2.25
2012.02.07 08:58:03.502,0.92204,0.92237,3.23,2.25
2012.02.07 08:58:03.835,0.92209,0.9224,2.25,2.25
2012.02.07 08:58:04.579,0.92212,0.92245,2.25,2.63
2012.02.07 08:58:05.390,0.92213,0.92243,2.63,2.25
2012.02.07 08:58:07.719,0.92212,0.92245,2.63,2.25
2012.02.07 08:58:09.223,0.92213,0.92243,2.63,2.25
2012.02.07 08:58:10.642,0.92211,0.92241,2.63,2.25
2012.02.07 08:58:11.027,0.9221,0.9224,2.25,2.25
2012.02.07 08:58:11.145,0.9221,0.92238,2.25,2.25
2012.02.07 08:58:11.263,0.92208,0.92238,2.25,2.25
2012.02.07 08:58:11.325,0.92208,0.92236,2.25,2.25
2012.02.07 08:58:15.106,0.9221,0.92238,2.25,2.25
2012.02.07 08:58:18.978,0.92195,0.92225,2.63,2.25
2012.02.07 08:58:19.048,0.92201,0.9223,2.25,2.25
2012.02.07 08:58:21.150,0.92201,0.92234,2.25,2.25
2012.02.07 08:58:21.281,0.92202,0.92237,2.25,2.63
2012.02.07 08:58:21.438,0.92202,0.92237,2.63,2.25
2012.02.07 08:58:21.494,0.92204,0.92239,2.63,2.25
2012.02.07 08:58:21.993,0.92206,0.92241,2.25,2.25
2012.02.07 08:58:24.601,0.92206,0.9224,2.25,2.25
2012.02.07 08:58:25.135,0.92207,0.9224,2.25,2.25
2012.02.07 08:58:27.266,0.92208,0.9224,2.25,2.25
2012.02.07 08:58:31.006,0.92208,0.9224,2.63,2.85
2012.02.07 08:58:31.124,0.92186,0.92242,1.50,2.10
2012.02.07 08:58:31.243,0.92186,0.92235,1.50,1.35
2012.02.07 08:58:31.676,0.92199,0.92228,2.25,2.63
2012.02.07 08:58:31.892,0.92191,0.92221,2.63,2.25
2012.02.07 08:58:32.034,0.92197,0.92225,2.25,2.25
2012.02.07 08:58:32.834,0.92205,0.92235,2.25,4.35
2012.02.07 08:58:33.129,0.92207,0.92235,2.25,2.25
2012.02.07 08:58:33.193,0.92204,0.92234,2.25,2.25
2012.02.07 08:58:33.255,0.92207,0.92235,2.25,2.25
2012.02.07 08:58:33.434,0.92205,0.92235,2.25,2.25
2012.02.07 08:58:35.396,0.92206,0.92236,2.25,2.63
2012.02.07 08:58:35.504,0.92204,0.92234,2.25,2.25
2012.02.07 08:58:36.175,0.92205,0.92233,2.25,2.25
2012.02.07 08:58:37.516,0.92204,0.92232,2.25,2.25
2012.02.07 08:58:38.162,0.92205,0.92235,2.25,2.25
2012.02.07 08:58:38.229,0.92203,0.92231,2.25,2.25
2012.02.07 08:58:38.736,0.92203,0.92233,2.25,2.25
2012.02.07 08:58:38.957,0.92203,0.92231,2.25,2.25
2012.02.07 08:58:39.620,0.92202,0.92232,2.25,2.25
2012.02.07 08:58:40.605,0.92204,0.92232,2.25,2.25
2012.02.07 08:58:40.819,0.92201,0.92231,2.25,2.25
2012.02.07 08:58:41.482,0.922,0.92232,2.25,2.25
2012.02.07 08:58:42.110,0.922,0.92231,2.25,2.25
2012.02.07 08:58:42.252,0.92202,0.9223,2.25,2.25
2012.02.07 08:58:42.558,0.922,0.92231,2.25,2.25
2012.02.07 08:58:43.163,0.92204,0.92232,2.25,2.25
2012.02.07 08:58:43.684,0.92203,0.92233,2.25,2.25
2012.02.07 08:58:44.018,0.922,0.92232,2.25,2.25
2012.02.07 08:58:44.254,0.92198,0.92231,2.25,2.25
2012.02.07 08:58:45.471,0.92198,0.9223,2.25,2.25
2012.02.07 08:58:46.495,0.92198,0.92228,2.25,2.25
2012.02.07 08:58:46.886,0.922,0.9223,2.25,2.25
2012.02.07 08:58:47.981,0.922,0.92228,2.25,2.25
2012.02.07 08:58:48.206,0.92201,0.92231,2.25,2.25
2012.02.07 08:58:48.365,0.92203,0.92233,2.25,2.63
2012.02.07 08:58:48.964,0.92205,0.92233,2.25,2.63
2012.02.07 08:58:49.496,0.92204,0.92232,2.25,2.25
2012.02.07 08:58:51.500,0.92201,0.9223,2.25,2.25
2012.02.07 08:58:55.782,0.92204,0.92232,2.25,2.25
2012.02.07 08:59:01.588,0.922,0.92228,2.25,2.25
2012.02.07 08:59:03.823,0.92192,0.92243,1.13,1.50
2012.02.07 08:59:08.114,0.92191,0.92244,1.50,1.50
2012.02.07 08:59:09.397,0.92208,0.92236,2.25,2.63
2012.02.07 08:59:09.745,0.92204,0.92232,2.25,2.25
2012.02.07 08:59:13.815,0.92202,0.9223,2.25,2.25
2012.02.07 08:59:13.934,0.92203,0.92233,2.25,2.63
2012.02.07 08:59:14.795,0.92204,0.92232,2.25,2.63
2012.02.07 08:59:14.855,0.92201,0.92231,2.25,2.25
2012.02.07 08:59:14.914,0.92204,0.92232,2.25,2.63
2012.02.07 08:59:15.115,0.92201,0.92231,2.25,2.25
2012.02.07 08:59:19.058,0.92197,0.92228,2.25,2.25
2012.02.07 08:59:19.430,0.92203,0.92231,2.25,2.25
2012.02.07 08:59:21.559,0.92204,0.92234,2.25,2.25
2012.02.07 08:59:22.466,0.92203,0.92233,2.25,2.25
2012.02.07 08:59:24.637,0.92205,0.92233,2.25,2.25
2012.02.07 08:59:25.177,0.92204,0.92232,2.25,2.25
2012.02.07 08:59:26.189,0.92205,0.92233,2.25,2.25
2012.02.07 08:59:26.254,0.92205,0.92235,2.25,2.63
2012.02.07 08:59:28.278,0.92207,0.92235,2.25,2.25
2012.02.07 08:59:29.083,0.92208,0.92236,2.25,2.25
2012.02.07 08:59:29.916,0.92202,0.92229,2.25,2.25
2012.02.07 08:59:31.255,0.92202,0.92231,2.25,2.25
2012.02.07 08:59:32.155,0.92204,0.92233,2.25,2.25
2012.02.07 08:59:32.475,0.92207,0.92234,2.63,2.25
2012.02.07 08:59:33.121,0.92209,0.92236,2.25,2.25
2012.02.07 08:59:33.187,0.92205,0.92235,2.63,2.25
2012.02.07 08:59:39.387,0.92206,0.92233,2.63,2.25
2012.02.07 08:59:39.908,0.92207,0.92234,2.63,2.25
2012.02.07 08:59:41.127,0.92206,0.92234,2.25,2.25
2012.02.07 08:59:41.937,0.92206,0.92233,2.25,2.25
2012.02.07 08:59:43.496,0.92205,0.92235,2.25,2.25
2012.02.07 08:59:45.347,0.92206,0.92235,2.25,2.25
2012.02.07 08:59:45.914,0.92208,0.92235,2.25,2.25
2012.02.07 08:59:46.076,0.92206,0.92235,2.25,2.25
2012.02.07 08:59:46.308,0.92206,0.92233,2.25,2.25
2012.02.07 08:59:46.363,0.92205,0.92235,2.25,2.25
2012.02.07 08:59:47.205,0.92206,0.92234,2.25,2.25
2012.02.07 08:59:47.341,0.92208,0.92235,2.25,2.25
2012.02.07 08:59:50.290,0.9221,0.92237,2.25,2.25
2012.02.07 08:59:50.416,0.92211,0.92244,2.25,2.25
2012.02.07 08:59:51.059,0.9221,0.92237,2.25,2.25
2012.02.07 08:59:51.187,0.9221,0.92243,2.25,2.25
2012.02.07 08:59:51.707,0.9221,0.92242,2.25,2.25
2012.02.07 08:59:52.367,0.92208,0.92242,2.25,2.25
2012.02.07 08:59:52.789,0.92206,0.92243,2.63,2.25
2012.02.07 08:59:53.332,0.92209,0.92243,2.25,2.25
2012.02.07 08:59:54.557,0.9221,0.92242,2.25,2.25
2012.02.07 08:59:55.804,0.92211,0.92242,2.25,2.25
2012.02.07 08:59:57.749,0.92211,0.92244,2.25,2.25
2012.02.07 08:59:58.334,0.92213,0.92244,2.25,2.25
2012.02.07 08:59:59.167,0.92212,0.92241,2.25,2.25
