2016.04.08 01:00:00.132,0.72827,0.72857,1.50,2.47
2016.04.08 01:00:00.296,0.72826,0.72853,1.00,1.12
2016.04.08 01:00:00.798,0.72826,0.72854,1.00,1.75
2016.04.08 01:00:01.797,0.72825,0.7285,1.00,1.37
2016.04.08 01:00:02.315,0.72823,0.7285,1.00,1.12
2016.04.08 01:00:06.386,0.72824,0.7285,1.00,1.12
2016.04.08 01:00:10.532,0.72824,0.72853,1.00,1.87
2016.04.08 01:00:12.456,0.72826,0.72853,1.00,1.87
2016.04.08 01:00:14.948,0.72821,0.72848,1.00,1.87
2016.04.08 01:00:15.275,0.72821,0.72845,1.00,1.12
2016.04.08 01:00:17.051,0.72821,0.72849,1.00,1.87
2016.04.08 01:00:25.580,0.72821,0.72848,1.00,1.75
2016.04.08 01:00:26.068,0.72821,0.72852,1.75,1.87
2016.04.08 01:00:26.408,0.72825,0.72852,1.00,1.87
2016.04.08 01:00:26.912,0.72824,0.72852,1.00,1.87
2016.04.08 01:00:27.442,0.72823,0.72852,1.12,2.47
2016.04.08 01:00:27.822,0.72825,0.72852,1.00,2.47
2016.04.08 01:00:30.512,0.72822,0.72849,1.00,1.12
2016.04.08 01:00:30.563,0.7282,0.72849,1.00,1.12
2016.04.08 01:00:30.703,0.7282,0.72846,1.00,1.37
2016.04.08 01:00:31.251,0.72819,0.72846,1.00,1.12
2016.04.08 01:00:32.168,0.72818,0.72846,1.00,1.12
2016.04.08 01:00:34.848,0.7282,0.72846,1.00,1.12
2016.04.08 01:00:41.578,0.72821,0.72847,1.00,1.12
2016.04.08 01:00:42.655,0.7282,0.72846,1.00,1.37
2016.04.08 01:01:00.476,0.72822,0.72847,1.00,1.75
2016.04.08 01:01:02.622,0.72822,0.72848,1.00,1.50
2016.04.08 01:01:02.806,0.7282,0.72848,1.00,1.87
2016.04.08 01:01:03.770,0.7282,0.72848,1.37,1.87
2016.04.08 01:01:03.821,0.7282,0.72848,1.37,1.75
2016.04.08 01:01:04.228,0.72822,0.72853,1.37,1.12
2016.04.08 01:01:10.641,0.72822,0.7285,1.00,1.12
2016.04.08 01:01:11.612,0.72821,0.7285,1.00,1.12
2016.04.08 01:01:17.680,0.72819,0.72847,1.37,1.37
2016.04.08 01:01:18.211,0.72819,0.72846,1.12,1.75
2016.04.08 01:01:18.267,0.72816,0.72844,1.12,1.37
2016.04.08 01:01:21.520,0.7282,0.72845,1.00,1.75
2016.04.08 01:01:21.570,0.7282,0.72845,1.00,1.37
2016.04.08 01:01:21.671,0.72821,0.72849,1.37,1.37
2016.04.08 01:01:21.777,0.72824,0.72849,1.00,1.50
2016.04.08 01:01:22.170,0.7283,0.72856,1.00,1.87
2016.04.08 01:01:22.790,0.72829,0.72856,1.00,1.87
2016.04.08 01:01:22.840,0.72827,0.72856,1.12,1.87
2016.04.08 01:01:27.188,0.72826,0.72853,1.00,1.12
2016.04.08 01:01:27.728,0.72827,0.72854,1.00,1.75
2016.04.08 01:01:28.497,0.72827,0.72853,1.00,1.37
2016.04.08 01:01:29.703,0.72827,0.72853,1.00,1.50
2016.04.08 01:01:33.506,0.72826,0.72854,1.00,1.75
2016.04.08 01:01:35.647,0.72828,0.72853,1.00,1.87
2016.04.08 01:01:35.748,0.72828,0.72853,1.12,1.12
2016.04.08 01:01:35.799,0.7283,0.72857,1.00,1.12
2016.04.08 01:01:38.419,0.72831,0.72858,1.00,1.50
2016.04.08 01:01:41.327,0.72832,0.72858,1.00,1.75
2016.04.08 01:01:42.936,0.72834,0.72858,1.00,1.37
2016.04.08 01:01:46.251,0.72836,0.72861,1.00,1.87
2016.04.08 01:01:50.812,0.72834,0.72861,1.00,1.87
2016.04.08 01:01:50.913,0.7283,0.72861,1.12,1.87
2016.04.08 01:01:50.964,0.7283,0.72858,1.00,1.12
2016.04.08 01:01:51.410,0.72827,0.72855,1.00,1.37
2016.04.08 01:02:00.513,0.72827,0.72856,1.37,1.87
2016.04.08 01:02:01.330,0.72827,0.72857,1.00,1.87
2016.04.08 01:02:04.489,0.72832,0.72855,1.00,1.37
2016.04.08 01:02:04.590,0.72833,0.72856,1.00,1.37
2016.04.08 01:02:04.641,0.72836,0.72856,1.00,1.37
2016.04.08 01:02:04.821,0.72836,0.72861,1.00,1.50
2016.04.08 01:02:05.497,0.72838,0.72861,1.00,1.37
2016.04.08 01:02:07.942,0.72838,0.72865,1.00,1.87
2016.04.08 01:02:08.212,0.72835,0.72865,1.00,1.87
2016.04.08 01:02:08.263,0.72833,0.72863,1.00,1.12
2016.04.08 01:02:08.765,0.72831,0.72861,1.37,1.75
2016.04.08 01:02:10.921,0.72831,0.7286,1.12,1.12
2016.04.08 01:02:15.569,0.72832,0.72859,1.00,1.12
2016.04.08 01:02:17.730,0.72832,0.72861,1.37,1.75
2016.04.08 01:02:21.195,0.72829,0.7286,1.37,1.12
2016.04.08 01:02:23.231,0.72831,0.7286,1.00,1.12
2016.04.08 01:02:26.111,0.72832,0.7286,1.00,1.12
2016.04.08 01:02:30.748,0.72832,0.72857,1.00,1.37
2016.04.08 01:02:31.149,0.72832,0.7286,1.00,1.12
2016.04.08 01:02:31.257,0.7283,0.7286,1.12,1.12
2016.04.08 01:02:31.549,0.72828,0.72858,1.00,1.12
2016.04.08 01:02:31.867,0.72831,0.72857,1.00,1.75
2016.04.08 01:02:33.237,0.72829,0.72858,1.37,1.75
2016.04.08 01:02:33.596,0.72829,0.72857,1.00,1.87
2016.04.08 01:02:36.128,0.72826,0.72856,1.12,1.12
2016.04.08 01:02:37.867,0.72825,0.72852,1.12,1.37
2016.04.08 01:02:43.569,0.72825,0.72853,1.50,2.10
2016.04.08 01:02:43.619,0.72827,0.72853,1.00,2.10
2016.04.08 01:02:44.131,0.72826,0.72853,1.12,2.10
2016.04.08 01:02:47.500,0.72826,0.72853,1.00,2.47
2016.04.08 01:02:47.693,0.72826,0.72853,1.12,2.10
2016.04.08 01:02:53.621,0.72828,0.72856,1.00,1.35
2016.04.08 01:02:53.809,0.72828,0.72857,1.50,1.67
2016.04.08 01:02:54.209,0.72829,0.72856,1.00,1.67
2016.04.08 01:02:54.854,0.72828,0.72856,1.00,1.97
2016.04.08 01:03:05.283,0.72828,0.72857,1.37,2.05
2016.04.08 01:03:05.431,0.72828,0.72857,1.50,1.35
2016.04.08 01:03:06.336,0.72831,0.72858,1.00,1.67
2016.04.08 01:03:07.449,0.72832,0.72858,1.00,1.67
2016.04.08 01:03:14.850,0.72832,0.72858,1.00,1.00
2016.04.08 01:03:16.806,0.72836,0.72861,1.00,1.37
2016.04.08 01:03:16.967,0.72836,0.72865,1.00,1.87
2016.04.08 01:03:18.230,0.72836,0.72864,1.00,1.12
2016.04.08 01:03:18.818,0.72834,0.72861,1.00,1.37
2016.04.08 01:03:20.773,0.72834,0.72866,1.37,2.10
2016.04.08 01:03:20.846,0.72838,0.72866,1.00,2.10
2016.04.08 01:03:21.401,0.72837,0.72866,1.00,1.35
2016.04.08 01:03:25.490,0.72838,0.72866,1.00,2.10
2016.04.08 01:03:25.540,0.72838,0.72866,1.12,1.72
2016.04.08 01:03:29.889,0.72838,0.72866,1.12,1.97
2016.04.08 01:03:30.191,0.72835,0.72861,1.00,1.50
2016.04.08 01:03:30.246,0.72835,0.72861,1.12,1.37
2016.04.08 01:03:30.779,0.72835,0.72861,1.00,1.37
2016.04.08 01:03:31.778,0.72833,0.72861,1.00,1.37
2016.04.08 01:03:31.838,0.72835,0.72861,1.00,1.37
2016.04.08 01:03:31.950,0.72835,0.72862,1.12,1.37
2016.04.08 01:03:32.051,0.72837,0.72865,1.00,1.37
2016.04.08 01:03:41.045,0.72838,0.72865,1.00,1.37
2016.04.08 01:03:45.398,0.72839,0.72865,1.00,1.37
2016.04.08 01:03:45.600,0.72843,0.72872,1.00,1.87
2016.04.08 01:03:46.465,0.72842,0.72871,1.12,1.12
2016.04.08 01:03:46.516,0.72842,0.72871,1.00,1.12
2016.04.08 01:03:49.603,0.72838,0.72868,1.37,1.87
2016.04.08 01:03:50.836,0.7284,0.72868,1.00,1.50
2016.04.08 01:03:53.632,0.72841,0.72868,1.00,1.50
2016.04.08 01:03:54.085,0.72841,0.72868,1.12,1.37
2016.04.08 01:04:03.828,0.72845,0.72871,1.00,1.37
2016.04.08 01:04:04.256,0.72846,0.72875,1.12,1.37
2016.04.08 01:04:04.950,0.72844,0.72875,1.00,1.87
2016.04.08 01:04:05.213,0.72843,0.72871,1.00,1.37
2016.04.08 01:04:05.712,0.72841,0.72871,1.00,1.12
2016.04.08 01:04:05.763,0.72839,0.72869,1.00,1.87
2016.04.08 01:04:07.816,0.72841,0.72868,1.00,1.87
2016.04.08 01:04:08.577,0.72839,0.72868,1.00,1.87
2016.04.08 01:04:10.202,0.7284,0.72869,1.00,1.87
2016.04.08 01:04:10.590,0.72842,0.72869,1.00,1.75
2016.04.08 01:04:10.640,0.72842,0.72869,1.00,1.37
2016.04.08 01:04:10.854,0.72837,0.72866,1.00,2.10
2016.04.08 01:04:11.016,0.72838,0.72866,1.12,1.72
2016.04.08 01:04:11.431,0.7284,0.72869,1.00,1.87
2016.04.08 01:04:11.536,0.72838,0.72869,1.12,1.87
2016.04.08 01:04:12.516,0.72839,0.72869,1.00,1.87
2016.04.08 01:04:13.261,0.72836,0.72868,1.37,1.35
2016.04.08 01:04:13.361,0.72838,0.72865,1.00,1.75
2016.04.08 01:04:13.420,0.72838,0.72865,1.00,1.37
2016.04.08 01:04:14.062,0.72839,0.72866,1.00,1.67
2016.04.08 01:04:15.516,0.72841,0.72866,1.00,1.67
2016.04.08 01:04:15.567,0.72841,0.72868,1.12,1.97
2016.04.08 01:04:16.125,0.72842,0.72872,1.00,2.47
2016.04.08 01:04:17.656,0.72841,0.72872,1.12,2.47
2016.04.08 01:04:21.256,0.72842,0.72872,1.00,2.10
2016.04.08 01:04:21.787,0.72841,0.72869,1.12,1.37
2016.04.08 01:04:21.837,0.72841,0.72869,1.00,1.75
2016.04.08 01:04:24.082,0.72841,0.72868,1.12,1.37
2016.04.08 01:04:28.478,0.72841,0.72871,1.37,1.37
2016.04.08 01:04:28.753,0.72841,0.72875,1.87,1.87
2016.04.08 01:04:29.386,0.72847,0.72878,1.00,1.97
2016.04.08 01:04:29.588,0.72843,0.72875,1.37,1.87
2016.04.08 01:04:29.909,0.72846,0.72875,1.00,1.75
2016.04.08 01:04:30.586,0.72847,0.72874,1.00,1.50
2016.04.08 01:04:30.910,0.72842,0.72874,1.50,1.50
2016.04.08 01:04:31.171,0.72841,0.72871,1.37,1.35
2016.04.08 01:04:38.929,0.72837,0.72869,1.50,1.35
2016.04.08 01:04:39.130,0.72835,0.72866,1.12,2.10
2016.04.08 01:04:49.427,0.72836,0.72867,1.00,1.87
2016.04.08 01:04:49.616,0.72835,0.72863,1.00,1.37
2016.04.08 01:04:52.239,0.72835,0.72867,1.37,1.37
2016.04.08 01:04:53.043,0.72842,0.72866,1.00,1.37
2016.04.08 01:04:53.286,0.7284,0.72866,1.00,1.37
2016.04.08 01:04:54.368,0.72836,0.72866,1.37,1.37
2016.04.08 01:04:54.569,0.72835,0.72863,1.00,1.75
2016.04.08 01:04:55.693,0.72838,0.72862,1.00,1.50
2016.04.08 01:04:56.045,0.72838,0.72862,1.00,1.37
2016.04.08 01:05:02.856,0.72835,0.72862,1.12,1.37
2016.04.08 01:05:02.957,0.72835,0.72862,1.00,1.37
2016.04.08 01:05:03.558,0.72836,0.72862,1.00,1.37
2016.04.08 01:05:04.610,0.72835,0.72863,1.00,1.50
2016.04.08 01:05:06.405,0.72833,0.72863,1.00,2.10
2016.04.08 01:05:06.724,0.72829,0.72858,1.00,2.10
2016.04.08 01:05:07.273,0.72827,0.72855,1.00,1.37
2016.04.08 01:05:08.053,0.72822,0.72854,1.37,1.35
2016.04.08 01:05:08.221,0.72821,0.72852,1.72,1.12
2016.04.08 01:05:08.726,0.72824,0.72855,1.35,1.75
2016.04.08 01:05:08.776,0.72828,0.72855,1.00,1.37
2016.04.08 01:05:09.410,0.72828,0.7286,1.37,1.35
2016.04.08 01:05:21.404,0.72828,0.7286,1.12,2.05
2016.04.08 01:05:31.217,0.72824,0.72855,1.37,1.50
2016.04.08 01:05:31.268,0.72824,0.72855,1.12,1.75
2016.04.08 01:05:37.446,0.72826,0.72855,1.00,1.75
2016.04.08 01:05:37.497,0.72821,0.72851,1.37,1.00
2016.04.08 01:05:38.375,0.72821,0.72852,1.37,1.37
2016.04.08 01:05:41.575,0.72824,0.72853,1.00,1.35
2016.04.08 01:05:42.307,0.72821,0.72853,1.37,1.35
2016.04.08 01:05:42.994,0.72822,0.72855,1.37,1.87
2016.04.08 01:05:43.677,0.72822,0.72854,1.37,1.12
2016.04.08 01:05:52.287,0.72822,0.72855,1.37,1.35
2016.04.08 01:06:00.654,0.72827,0.72856,1.00,1.87
2016.04.08 01:06:02.579,0.72828,0.72856,1.00,1.87
2016.04.08 01:06:02.757,0.72824,0.72856,1.37,1.87
2016.04.08 01:06:02.917,0.72826,0.72856,1.37,1.37
2016.04.08 01:06:06.813,0.72829,0.7286,1.37,1.72
2016.04.08 01:06:08.063,0.72832,0.72864,1.37,2.05
2016.04.08 01:06:09.439,0.72829,0.72861,1.97,1.50
2016.04.08 01:06:09.886,0.72827,0.72858,1.37,2.47
2016.04.08 01:06:09.936,0.72826,0.72857,1.37,1.35
2016.04.08 01:06:14.851,0.72823,0.72854,1.72,1.35
2016.04.08 01:06:15.157,0.72823,0.72854,1.72,1.97
2016.04.08 01:06:15.853,0.72823,0.72851,1.37,1.30
2016.04.08 01:06:16.838,0.72823,0.72854,1.37,1.35
2016.04.08 01:06:18.425,0.72824,0.72855,1.97,1.35
2016.04.08 01:06:23.110,0.72825,0.72856,1.37,2.10
2016.04.08 01:06:55.848,0.72822,0.72853,1.97,1.35
2016.04.08 01:06:59.537,0.72824,0.72855,2.10,2.10
2016.04.08 01:07:00.038,0.72826,0.72858,1.72,1.35
2016.04.08 01:07:04.840,0.72827,0.72857,1.50,1.35
2016.04.08 01:07:10.225,0.72827,0.72859,1.50,1.75
2016.04.08 01:07:14.758,0.72831,0.72862,1.37,1.35
2016.04.08 01:07:18.911,0.72835,0.72863,1.00,1.50
2016.04.08 01:07:19.062,0.72838,0.7287,1.37,1.87
2016.04.08 01:07:26.166,0.72837,0.7287,1.37,2.05
2016.04.08 01:07:27.094,0.72835,0.72865,1.12,1.75
2016.04.08 01:07:30.144,0.72837,0.72865,1.00,1.75
2016.04.08 01:07:30.863,0.72837,0.72865,1.37,1.37
2016.04.08 01:07:37.041,0.7284,0.72871,1.12,2.47
2016.04.08 01:07:48.439,0.72842,0.72874,1.37,1.67
2016.04.08 01:07:48.776,0.72842,0.72876,1.37,2.10
2016.04.08 01:07:57.003,0.72846,0.72874,1.37,1.30
2016.04.08 01:08:02.725,0.72846,0.72876,1.37,2.10
2016.04.08 01:08:25.986,0.72844,0.72873,1.87,1.30
2016.04.08 01:08:41.474,0.72846,0.72878,1.50,1.35
2016.04.08 01:08:42.553,0.72846,0.72879,2.47,1.35
2016.04.08 01:08:44.403,0.72846,0.72879,1.72,1.97
2016.04.08 01:08:55.007,0.72845,0.72877,1.37,2.85
2016.04.08 01:08:55.614,0.72843,0.72875,2.05,1.35
2016.04.08 01:09:00.417,0.72842,0.72874,2.47,1.35
2016.04.08 01:09:09.900,0.72844,0.72877,2.47,2.10
2016.04.08 01:09:12.753,0.72847,0.72879,1.12,1.97
2016.04.08 01:09:12.867,0.72849,0.72879,1.67,1.37
2016.04.08 01:09:13.018,0.72851,0.72884,1.67,1.87
2016.04.08 01:09:17.917,0.72856,0.7289,1.50,1.50
2016.04.08 01:09:25.846,0.72857,0.72888,1.37,1.75
2016.04.08 01:09:27.544,0.72859,0.72889,1.30,1.12
2016.04.08 01:09:29.716,0.72859,0.72888,1.30,1.00
2016.04.08 01:09:32.149,0.72859,0.72888,1.30,1.37
2016.04.08 01:09:33.163,0.72859,0.72888,1.30,1.37
2016.04.08 01:09:36.667,0.72859,0.72888,1.30,1.12
2016.04.08 01:09:42.184,0.72859,0.7289,1.30,1.50
2016.04.08 01:09:42.977,0.72859,0.7289,1.30,1.75
2016.04.08 01:09:44.024,0.72857,0.7289,3.22,1.75
2016.04.08 01:09:44.179,0.72857,0.72889,3.60,1.00
2016.04.08 01:09:45.865,0.72858,0.7289,1.35,1.00
2016.04.08 01:09:49.523,0.7286,0.7289,1.72,1.00
2016.04.08 01:09:55.834,0.7286,0.72892,1.50,1.67
2016.04.08 01:09:56.393,0.7286,0.72892,1.50,1.35
2016.04.08 01:09:59.675,0.7286,0.72889,1.12,2.47
2016.04.08 01:09:59.826,0.72857,0.72887,1.12,1.35
2016.04.08 01:10:00.434,0.72857,0.72888,1.12,1.35
2016.04.08 01:10:00.594,0.7286,0.72892,1.00,2.05
2016.04.08 01:10:00.910,0.72859,0.72889,1.12,1.12
2016.04.08 01:10:01.412,0.72861,0.72891,1.37,1.12
2016.04.08 01:10:02.233,0.72857,0.72891,2.25,1.12
2016.04.08 01:10:02.384,0.72854,0.72882,1.00,1.12
2016.04.08 01:10:03.481,0.7285,0.72882,1.37,1.87
2016.04.08 01:10:03.589,0.72855,0.72882,1.00,1.87
2016.04.08 01:10:07.295,0.72854,0.72882,1.00,1.12
2016.04.08 01:10:07.653,0.72847,0.72881,1.75,1.75
2016.04.08 01:10:07.966,0.72845,0.72873,1.00,1.12
2016.04.08 01:10:08.072,0.72843,0.72873,1.12,1.12
2016.04.08 01:10:09.795,0.72844,0.72874,1.00,1.87
2016.04.08 01:10:09.934,0.72844,0.72874,1.37,1.50
2016.04.08 01:10:10.513,0.72844,0.72877,1.50,1.75
2016.04.08 01:10:11.348,0.72849,0.72876,1.00,1.50
2016.04.08 01:10:11.902,0.7285,0.72876,1.00,1.50
2016.04.08 01:10:16.502,0.72848,0.72876,1.12,1.75
2016.04.08 01:10:16.610,0.72849,0.72874,1.00,1.37
2016.04.08 01:10:18.333,0.72849,0.72876,1.00,1.87
2016.04.08 01:10:20.743,0.72847,0.72875,1.12,1.35
2016.04.08 01:10:21.062,0.72843,0.72875,1.37,1.67
2016.04.08 01:10:22.810,0.72845,0.72875,1.00,1.37
2016.04.08 01:10:23.257,0.72845,0.72877,1.37,1.87
2016.04.08 01:10:29.350,0.72844,0.72874,1.37,1.12
2016.04.08 01:10:30.951,0.72846,0.72876,1.37,2.05
2016.04.08 01:10:40.976,0.72846,0.72876,1.37,2.47
2016.04.08 01:10:43.311,0.72847,0.72872,1.12,1.00
2016.04.08 01:10:43.954,0.72844,0.72876,1.37,2.47
2016.04.08 01:10:44.063,0.72844,0.72874,1.12,1.12
2016.04.08 01:10:46.602,0.72844,0.72874,1.12,1.12
2016.04.08 01:10:47.153,0.72844,0.72869,1.12,1.00
2016.04.08 01:10:50.642,0.72843,0.72874,1.37,1.12
2016.04.08 01:10:56.355,0.7284,0.72872,1.37,1.75
2016.04.08 01:11:02.156,0.7284,0.72869,1.37,1.00
2016.04.08 01:11:04.282,0.7284,0.72869,1.37,1.67
2016.04.08 01:11:04.422,0.7284,0.72869,1.37,1.35
2016.04.08 01:11:40.812,0.72842,0.72873,1.37,1.87
2016.04.08 01:11:44.112,0.72842,0.72871,1.00,1.37
2016.04.08 01:11:45.193,0.72841,0.72871,1.12,1.12
2016.04.08 01:12:03.759,0.72841,0.72869,1.00,1.12
2016.04.08 01:12:13.508,0.72841,0.72871,1.00,1.75
2016.04.08 01:12:21.004,0.72842,0.72871,1.00,1.50
2016.04.08 01:12:32.690,0.72842,0.72871,1.00,1.87
2016.04.08 01:12:59.464,0.7284,0.72871,1.37,1.87
2016.04.08 01:13:00.631,0.72836,0.72869,2.47,1.12
2016.04.08 01:13:02.172,0.72835,0.72866,1.37,1.12
2016.04.08 01:13:03.115,0.72837,0.72866,1.00,1.12
2016.04.08 01:13:04.774,0.72841,0.72867,1.12,1.37
2016.04.08 01:13:06.631,0.72842,0.72871,1.00,1.12
2016.04.08 01:13:07.134,0.7284,0.7287,1.37,1.37
2016.04.08 01:13:09.345,0.7284,0.72869,1.00,1.12
2016.04.08 01:13:10.970,0.7284,0.72871,1.37,1.87
2016.04.08 01:13:25.881,0.72841,0.72871,1.00,1.87
2016.04.08 01:13:26.810,0.72844,0.7287,1.12,1.37
2016.04.08 01:13:33.192,0.72845,0.72875,1.37,1.87
2016.04.08 01:13:33.870,0.72847,0.72875,1.00,1.50
2016.04.08 01:13:35.810,0.72846,0.72875,1.12,1.87
2016.04.08 01:13:51.911,0.72844,0.72875,1.37,1.12
2016.04.08 01:14:02.226,0.72849,0.72881,1.87,1.12
2016.04.08 01:14:05.035,0.72853,0.72883,1.00,1.12
2016.04.08 01:14:05.784,0.72855,0.72881,1.00,1.50
2016.04.08 01:14:05.867,0.72855,0.72881,1.00,1.37
2016.04.08 01:14:06.008,0.72855,0.72886,1.37,1.87
2016.04.08 01:14:06.630,0.72858,0.72886,1.00,1.87
2016.04.08 01:14:07.011,0.72859,0.72886,1.12,1.37
2016.04.08 01:14:11.418,0.72856,0.72886,1.37,1.87
2016.04.08 01:14:17.580,0.72858,0.72887,1.00,1.75
2016.04.08 01:14:27.950,0.72858,0.72887,1.00,1.37
2016.04.08 01:14:33.831,0.7286,0.72887,1.00,1.37
2016.04.08 01:14:34.214,0.72858,0.72887,1.00,1.37
2016.04.08 01:14:39.475,0.72859,0.72887,1.00,1.37
2016.04.08 01:14:52.392,0.7286,0.72887,1.00,1.37
2016.04.08 01:14:52.504,0.7286,0.72892,1.12,1.75
2016.04.08 01:14:53.131,0.72862,0.72891,1.00,1.75
2016.04.08 01:14:55.145,0.72859,0.72891,1.37,1.75
2016.04.08 01:14:55.415,0.72857,0.72888,1.12,1.75
2016.04.08 01:14:56.417,0.72859,0.72888,1.00,1.75
2016.04.08 01:14:56.780,0.72859,0.72891,1.37,1.50
2016.04.08 01:14:56.830,0.72863,0.72891,1.00,1.50
2016.04.08 01:14:56.881,0.72863,0.72895,1.37,1.75
2016.04.08 01:15:00.693,0.7286,0.72892,1.37,1.75
2016.04.08 01:15:01.002,0.72856,0.72887,1.37,1.75
2016.04.08 01:15:01.228,0.72854,0.72884,1.00,1.50
2016.04.08 01:15:04.754,0.72853,0.72883,1.12,1.37
2016.04.08 01:15:11.326,0.7285,0.72881,1.37,1.37
2016.04.08 01:15:12.744,0.72847,0.7288,1.37,1.75
2016.04.08 01:15:14.163,0.72846,0.72879,1.12,1.87
2016.04.08 01:15:15.064,0.72846,0.7288,1.00,1.00
2016.04.08 01:15:15.115,0.72846,0.72882,1.00,1.00
2016.04.08 01:15:21.220,0.72846,0.72882,1.00,1.37
2016.04.08 01:15:22.034,0.72846,0.72882,1.00,1.37
2016.04.08 01:15:22.901,0.72841,0.72878,1.00,1.12
2016.04.08 01:15:22.960,0.72844,0.72881,1.00,1.37
2016.04.08 01:15:23.640,0.72844,0.72881,1.00,1.00
2016.04.08 01:15:25.060,0.72842,0.72879,1.00,1.00
2016.04.08 01:15:31.107,0.72843,0.7288,1.00,1.00
2016.04.08 01:15:35.464,0.72843,0.7288,1.00,1.37
2016.04.08 01:15:36.265,0.72843,0.7288,1.00,1.37
2016.04.08 01:15:38.191,0.72843,0.7288,1.00,1.37
2016.04.08 01:15:38.970,0.72843,0.7288,1.00,1.37
2016.04.08 01:15:43.292,0.72843,0.7288,1.00,1.37
2016.04.08 01:15:43.699,0.72843,0.7288,1.00,1.72
2016.04.08 01:15:45.886,0.72843,0.7288,1.00,1.97
2016.04.08 01:15:50.797,0.72843,0.7288,1.00,1.60
2016.04.08 01:15:51.298,0.72843,0.7288,1.00,1.97
2016.04.08 01:15:52.600,0.72843,0.7288,1.00,1.97
2016.04.08 01:15:55.506,0.72843,0.7288,1.00,1.97
2016.04.08 01:15:56.129,0.72843,0.7288,1.00,1.97
2016.04.08 01:16:01.421,0.72843,0.7288,1.00,1.97
2016.04.08 01:16:02.704,0.72843,0.7288,1.00,1.97
2016.04.08 01:16:03.428,0.72843,0.7288,1.00,1.97
2016.04.08 01:16:04.129,0.72843,0.7288,1.00,1.97
2016.04.08 01:16:04.732,0.72843,0.7288,1.00,1.97
2016.04.08 01:16:05.635,0.72843,0.7288,1.00,1.97
2016.04.08 01:16:10.148,0.72843,0.7288,1.00,1.97
2016.04.08 01:16:10.717,0.72843,0.7288,1.00,1.97
2016.04.08 01:16:11.860,0.72843,0.7288,1.00,1.97
2016.04.08 01:16:12.298,0.72843,0.7288,1.00,1.97
2016.04.08 01:16:12.856,0.72843,0.7288,1.00,1.97
2016.04.08 01:16:13.558,0.72843,0.72878,1.00,1.30
2016.04.08 01:16:15.966,0.72843,0.7288,1.00,1.97
2016.04.08 01:16:16.367,0.72843,0.7288,1.00,1.97
2016.04.08 01:16:18.546,0.72843,0.7288,1.00,1.97
2016.04.08 01:16:19.124,0.72843,0.7288,1.00,1.97
2016.04.08 01:16:22.181,0.72843,0.7288,1.00,1.97
2016.04.08 01:16:23.245,0.72843,0.7288,1.00,1.97
2016.04.08 01:16:27.191,0.72843,0.7288,1.00,1.97
2016.04.08 01:16:29.595,0.72843,0.72878,1.00,1.30
2016.04.08 01:16:31.280,0.72833,0.72878,2.10,1.30
2016.04.08 01:16:35.405,0.72833,0.72887,2.47,2.47
2016.04.08 01:16:38.858,0.72833,0.72887,2.47,2.47
2016.04.08 01:16:39.512,0.72833,0.72887,2.47,2.47
2016.04.08 01:16:40.954,0.72833,0.72887,2.47,2.10
2016.04.08 01:16:41.315,0.72833,0.72887,2.47,2.47
2016.04.08 01:16:43.720,0.72833,0.72887,2.10,2.47
2016.04.08 01:16:45.824,0.72833,0.72887,2.10,2.47
2016.04.08 01:16:46.618,0.72833,0.72887,2.10,2.47
2016.04.08 01:16:52.672,0.72833,0.72887,2.10,2.47
2016.04.08 01:16:53.079,0.72847,0.72884,1.00,1.97
2016.04.08 01:16:53.387,0.72846,0.72883,1.00,1.97
2016.04.08 01:16:53.889,0.72845,0.72882,1.00,1.97
2016.04.08 01:16:55.100,0.72846,0.7288,1.00,1.30
2016.04.08 01:16:56.217,0.72847,0.72884,1.00,1.97
2016.04.08 01:16:57.672,0.72849,0.72885,1.00,1.72
2016.04.08 01:16:57.777,0.72847,0.72884,1.00,1.37
2016.04.08 01:16:57.883,0.72847,0.72884,1.00,1.37
2016.04.08 01:16:57.934,0.72852,0.72891,1.00,1.97
2016.04.08 01:16:57.984,0.72848,0.72884,1.00,1.37
2016.04.08 01:16:58.617,0.72848,0.72884,1.00,1.12
2016.04.08 01:16:58.668,0.72848,0.72884,1.00,1.37
2016.04.08 01:16:59.367,0.72848,0.72884,1.00,1.37
2016.04.08 01:16:59.568,0.72848,0.72884,1.00,1.12
2016.04.08 01:17:00.270,0.72848,0.72884,1.00,1.37
2016.04.08 01:17:00.777,0.72848,0.72884,1.00,1.12
2016.04.08 01:17:01.415,0.72852,0.72888,1.00,1.97
2016.04.08 01:17:01.920,0.72853,0.7289,1.00,1.72
2016.04.08 01:17:02.341,0.72853,0.7289,1.00,1.72
2016.04.08 01:17:03.396,0.72853,0.7289,1.00,1.60
2016.04.08 01:17:04.104,0.72853,0.7289,1.00,1.35
2016.04.08 01:17:05.299,0.72862,0.72899,1.00,1.00
2016.04.08 01:17:05.860,0.72863,0.72899,1.00,1.00
2016.04.08 01:17:07.524,0.72861,0.72898,1.00,1.12
2016.04.08 01:17:08.230,0.72861,0.72898,1.00,1.37
2016.04.08 01:17:08.788,0.72861,0.72898,1.00,1.12
2016.04.08 01:17:09.174,0.72863,0.72899,1.00,1.37
2016.04.08 01:17:10.500,0.72863,0.72899,1.00,1.12
2016.04.08 01:17:11.203,0.72863,0.72899,1.00,1.37
2016.04.08 01:17:13.240,0.72863,0.72899,1.00,1.37
2016.04.08 01:17:14.812,0.72863,0.72899,1.00,1.00
2016.04.08 01:17:15.368,0.72864,0.729,1.00,1.72
2016.04.08 01:17:15.905,0.72864,0.729,1.00,1.72
2016.04.08 01:17:16.587,0.72864,0.729,1.00,1.72
2016.04.08 01:17:17.487,0.72864,0.729,1.00,1.72
2016.04.08 01:17:18.053,0.72864,0.729,1.00,1.72
2016.04.08 01:17:18.122,0.72864,0.729,1.00,1.72
2016.04.08 01:17:18.412,0.7286,0.72899,1.00,1.37
2016.04.08 01:17:18.822,0.7286,0.72896,1.00,1.97
2016.04.08 01:17:19.099,0.72857,0.72896,1.00,1.97
2016.04.08 01:17:19.970,0.72859,0.72893,1.00,1.30
2016.04.08 01:17:20.332,0.72859,0.72893,1.37,2.05
2016.04.08 01:17:36.191,0.72863,0.72889,1.12,1.50
2016.04.08 01:17:36.522,0.72864,0.72893,1.37,1.87
2016.04.08 01:17:37.895,0.72861,0.7289,1.37,1.75
2016.04.08 01:17:38.396,0.7286,0.72886,1.00,1.75
2016.04.08 01:17:38.797,0.72855,0.72883,1.12,1.75
2016.04.08 01:17:39.308,0.72856,0.72882,1.00,1.75
2016.04.08 01:17:39.359,0.72856,0.72882,1.37,1.37
2016.04.08 01:17:43.271,0.72855,0.72882,1.37,1.50
2016.04.08 01:17:43.372,0.72852,0.72882,1.37,1.75
2016.04.08 01:17:43.872,0.7285,0.72878,1.12,1.50
2016.04.08 01:17:45.860,0.7285,0.72878,1.72,1.50
2016.04.08 01:17:46.260,0.72852,0.72882,1.12,1.87
2016.04.08 01:17:46.720,0.72846,0.72877,1.87,1.50
2016.04.08 01:17:46.872,0.72846,0.72875,1.00,1.12
2016.04.08 01:17:46.973,0.72845,0.72872,1.50,1.37
2016.04.08 01:17:47.553,0.72851,0.72877,1.37,1.37
2016.04.08 01:17:52.841,0.72848,0.72877,1.37,1.87
2016.04.08 01:17:55.868,0.72851,0.72877,1.00,1.50
2016.04.08 01:17:56.021,0.72851,0.72877,1.37,1.37
2016.04.08 01:17:57.720,0.72858,0.7288,1.00,1.50
2016.04.08 01:17:57.967,0.72851,0.7288,1.37,1.50
2016.04.08 01:17:58.259,0.7285,0.7288,1.12,1.75
2016.04.08 01:18:06.132,0.72851,0.72877,1.00,1.37
2016.04.08 01:18:06.902,0.72852,0.72878,1.00,1.50
2016.04.08 01:18:06.953,0.72851,0.7288,1.37,1.50
2016.04.08 01:18:11.449,0.72854,0.7288,1.37,1.37
2016.04.08 01:18:18.955,0.72851,0.72879,1.12,1.50
2016.04.08 01:18:29.464,0.72847,0.72878,1.97,1.12
2016.04.08 01:18:38.837,0.72847,0.72875,1.37,1.37
2016.04.08 01:18:45.905,0.72844,0.72875,1.37,1.87
2016.04.08 01:19:05.961,0.72844,0.72873,1.37,1.87
2016.04.08 01:19:45.892,0.72841,0.72875,1.87,2.47
2016.04.08 01:20:03.727,0.72846,0.72875,1.37,1.72
2016.04.08 01:20:16.495,0.72849,0.7288,1.50,1.12
2016.04.08 01:20:30.135,0.72854,0.72882,1.75,1.00
2016.04.08 01:20:30.745,0.72854,0.72884,1.37,1.12
2016.04.08 01:20:38.619,0.7285,0.72881,1.50,1.12
2016.04.08 01:20:58.750,0.72851,0.72883,2.62,1.75
2016.04.08 01:20:59.552,0.72852,0.72884,1.12,1.37
2016.04.08 01:21:04.771,0.72851,0.72883,2.62,1.75
2016.04.08 01:21:10.614,0.72853,0.72883,1.12,1.37
2016.04.08 01:21:15.241,0.72852,0.72882,1.50,1.50
2016.04.08 01:21:31.058,0.72854,0.72882,1.50,1.37
2016.04.08 01:21:43.060,0.72858,0.72886,1.37,1.37
2016.04.08 01:21:59.487,0.72858,0.72887,1.37,1.75
2016.04.08 01:22:07.607,0.72859,0.72888,1.37,1.37
2016.04.08 01:22:25.409,0.72862,0.7289,1.37,1.37
2016.04.08 01:22:27.443,0.72865,0.72893,1.37,1.37
2016.04.08 01:22:38.716,0.72868,0.72893,1.37,1.37
2016.04.08 01:22:39.338,0.72872,0.72897,1.00,1.50
2016.04.08 01:22:41.323,0.72872,0.729,1.37,1.37
2016.04.08 01:22:47.184,0.7287,0.72899,1.12,1.12
2016.04.08 01:22:55.254,0.72864,0.72896,2.10,1.87
2016.04.08 01:23:06.153,0.72862,0.72893,1.87,1.75
2016.04.08 01:23:09.259,0.7286,0.7289,1.97,1.75
2016.04.08 01:23:14.771,0.7286,0.7289,1.97,1.75
2016.04.08 01:23:14.872,0.7286,0.7289,2.47,1.37
2016.04.08 01:23:15.073,0.72863,0.72891,1.67,1.37
2016.04.08 01:23:20.304,0.72864,0.72894,1.75,1.37
2016.04.08 01:23:20.685,0.72863,0.72894,2.05,1.50
2016.04.08 01:23:21.387,0.72862,0.72894,1.97,1.87
2016.04.08 01:23:23.672,0.72862,0.72895,2.47,1.87
2016.04.08 01:23:33.969,0.72862,0.72892,1.37,1.12
2016.04.08 01:23:41.340,0.7286,0.7289,1.67,1.37
2016.04.08 01:23:42.546,0.72858,0.72889,1.97,1.50
2016.04.08 01:23:43.952,0.7286,0.72889,1.67,1.37
2016.04.08 01:23:44.551,0.72858,0.72889,1.97,1.75
2016.04.08 01:23:48.182,0.72856,0.7289,1.87,1.87
2016.04.08 01:23:48.283,0.72857,0.72889,1.50,1.75
2016.04.08 01:23:53.086,0.72857,0.72888,1.37,1.12
2016.04.08 01:24:03.113,0.72853,0.72885,1.37,1.75
2016.04.08 01:24:14.510,0.72849,0.72881,2.25,1.50
2016.04.08 01:24:22.046,0.72849,0.72881,2.25,1.37
2016.04.08 01:24:38.656,0.72849,0.72881,2.62,1.37
2016.04.08 01:24:57.542,0.7285,0.72884,2.25,1.75
2016.04.08 01:25:03.152,0.7285,0.72884,1.37,2.25
2016.04.08 01:25:17.283,0.7285,0.72882,1.87,1.37
2016.04.08 01:25:34.327,0.72848,0.72882,1.87,1.75
2016.04.08 01:25:35.167,0.72849,0.72881,1.50,1.75
2016.04.08 01:25:35.600,0.72848,0.72882,1.75,1.50
2016.04.08 01:25:35.819,0.72848,0.72882,1.37,1.75
2016.04.08 01:25:37.596,0.72849,0.72881,1.87,1.50
2016.04.08 01:25:38.097,0.7285,0.72881,1.87,1.37
2016.04.08 01:25:45.792,0.72852,0.72885,1.37,1.87
2016.04.08 01:25:48.644,0.72849,0.72874,1.00,1.50
2016.04.08 01:25:49.265,0.72843,0.72874,3.22,1.50
2016.04.08 01:26:05.401,0.72847,0.72874,1.35,1.37
2016.04.08 01:26:05.625,0.72849,0.72877,2.05,1.37
2016.04.08 01:26:15.261,0.72851,0.72883,1.37,1.87
2016.04.08 01:26:21.854,0.72849,0.72878,1.67,1.37
2016.04.08 01:26:26.106,0.72847,0.72878,1.97,1.50
2016.04.08 01:26:41.883,0.72847,0.72879,1.87,1.37
2016.04.08 01:26:42.912,0.72852,0.72883,1.50,1.50
2016.04.08 01:26:55.803,0.72852,0.72883,1.37,1.87
2016.04.08 01:27:04.052,0.72851,0.72883,1.87,1.50
2016.04.08 01:27:23.340,0.72853,0.72883,1.35,1.37
2016.04.08 01:27:31.790,0.72852,0.72883,2.10,1.50
2016.04.08 01:27:47.976,0.72853,0.72883,1.37,1.37
2016.04.08 01:27:54.885,0.72852,0.72883,1.37,1.87
2016.04.08 01:27:56.016,0.72851,0.7288,1.37,1.12
2016.04.08 01:28:11.511,0.72847,0.72879,1.75,1.87
2016.04.08 01:28:12.351,0.72848,0.72879,1.37,1.87
2016.04.08 01:28:13.035,0.72844,0.72876,1.37,1.87
2016.04.08 01:28:24.706,0.72841,0.72872,1.75,2.10
2016.04.08 01:28:24.756,0.72841,0.72867,1.50,1.30
2016.04.08 01:28:25.969,0.72841,0.72869,1.37,1.35
2016.04.08 01:28:37.587,0.72841,0.72872,1.50,1.87
2016.04.08 01:28:47.862,0.72841,0.72873,2.62,1.37
2016.04.08 01:29:02.891,0.72843,0.72875,1.72,1.75
2016.04.08 01:29:07.895,0.72843,0.72875,1.37,1.75
2016.04.08 01:29:12.714,0.72846,0.72875,1.12,1.37
2016.04.08 01:29:14.107,0.72845,0.72875,1.75,1.50
2016.04.08 01:29:14.320,0.72846,0.72876,1.50,1.37
2016.04.08 01:29:15.323,0.72844,0.72875,2.25,1.50
2016.04.08 01:29:17.581,0.72847,0.72875,1.37,1.37
2016.04.08 01:29:21.538,0.72844,0.72875,1.87,1.75
2016.04.08 01:29:23.659,0.72847,0.72881,1.50,1.75
2016.04.08 01:29:23.759,0.72849,0.7288,1.75,1.37
2016.04.08 01:29:23.938,0.72852,0.72883,2.25,1.50
2016.04.08 01:29:30.161,0.72855,0.72883,1.37,1.12
2016.04.08 01:29:45.994,0.72856,0.72888,2.62,1.37
2016.04.08 01:29:58.647,0.72861,0.72889,1.50,1.37
2016.04.08 01:30:02.556,0.72859,0.7289,1.97,1.75
2016.04.08 01:30:03.403,0.7286,0.72889,1.35,1.37
2016.04.08 01:30:03.625,0.72863,0.72893,1.97,1.37
2016.04.08 01:30:05.728,0.72862,0.72893,1.72,1.75
2016.04.08 01:30:06.087,0.72857,0.7289,1.87,1.75
2016.04.08 01:30:10.524,0.72857,0.72889,2.25,1.75
2016.04.08 01:30:14.461,0.72862,0.72894,2.85,1.75
2016.04.08 01:30:14.781,0.72865,0.72894,1.12,1.37
2016.04.08 01:30:19.167,0.72867,0.729,1.12,1.75
2016.04.08 01:30:24.014,0.72869,0.72899,1.87,1.37
2016.04.08 01:30:28.475,0.72871,0.72901,1.87,1.12
2016.04.08 01:30:33.907,0.72869,0.72899,1.87,1.37
2016.04.08 01:30:37.918,0.72872,0.72904,1.12,1.37
2016.04.08 01:30:40.423,0.72872,0.72903,1.37,1.75
2016.04.08 01:30:43.416,0.72871,0.729,1.12,1.37
2016.04.08 01:30:50.324,0.7287,0.72902,1.87,1.75
2016.04.08 01:30:54.261,0.7287,0.72903,1.75,1.50
2016.04.08 01:30:57.534,0.7287,0.72902,1.87,1.87
2016.04.08 01:31:03.390,0.72876,0.72907,1.37,1.50
2016.04.08 01:31:12.364,0.72876,0.72906,1.75,1.37
2016.04.08 01:31:16.204,0.72874,0.72904,1.37,1.75
2016.04.08 01:31:17.572,0.72875,0.72904,1.50,1.37
2016.04.08 01:31:21.265,0.72875,0.72905,1.37,1.75
2016.04.08 01:31:24.938,0.72875,0.72904,1.50,1.37
2016.04.08 01:31:40.309,0.72874,0.72906,1.37,2.47
2016.04.08 01:31:43.216,0.72874,0.72906,2.25,2.10
2016.04.08 01:31:48.933,0.72874,0.72904,1.37,1.37
2016.04.08 01:32:18.024,0.7287,0.72902,1.35,1.75
2016.04.08 01:32:45.933,0.72872,0.72904,1.67,1.75
2016.04.08 01:33:16.602,0.72873,0.72903,1.50,1.50
2016.04.08 01:33:23.182,0.72872,0.72904,2.10,1.75
2016.04.08 01:33:23.333,0.72871,0.72903,2.47,1.12
2016.04.08 01:33:23.974,0.72872,0.72904,2.85,1.87
2016.04.08 01:33:34.783,0.72876,0.72904,2.10,1.37
2016.04.08 01:33:45.780,0.72875,0.72906,1.37,1.87
2016.04.08 01:33:57.513,0.72873,0.72901,1.72,1.37
2016.04.08 01:33:58.083,0.72873,0.72902,1.72,1.37
2016.04.08 01:34:09.870,0.72874,0.72906,1.75,1.50
2016.04.08 01:34:22.033,0.72877,0.72902,1.37,2.47
2016.04.08 01:34:22.192,0.7287,0.72901,1.50,2.85
2016.04.08 01:34:22.845,0.72873,0.72905,1.97,1.75
2016.04.08 01:34:23.083,0.72875,0.72905,1.35,1.37
2016.04.08 01:34:23.395,0.72877,0.72906,2.10,1.37
2016.04.08 01:34:33.746,0.72884,0.72914,1.37,1.50
2016.04.08 01:34:33.880,0.72885,0.72914,1.67,1.37
2016.04.08 01:34:41.301,0.72884,0.72913,1.72,1.37
2016.04.08 01:34:46.332,0.72885,0.72914,1.97,1.37
2016.04.08 01:34:46.585,0.7289,0.7292,1.37,1.12
2016.04.08 01:34:46.911,0.72883,0.72916,1.50,1.87
2016.04.08 01:34:47.271,0.72883,0.72913,1.37,1.12
2016.04.08 01:34:49.724,0.72879,0.72907,1.37,1.37
2016.04.08 01:34:57.843,0.72882,0.72907,1.00,1.37
2016.04.08 01:35:03.170,0.72882,0.72907,1.12,1.37
2016.04.08 01:35:03.571,0.72883,0.72911,1.50,1.37
2016.04.08 01:35:04.966,0.72887,0.72915,1.37,1.37
2016.04.08 01:35:05.503,0.72888,0.72919,1.75,1.37
2016.04.08 01:35:08.560,0.72887,0.72919,1.97,1.75
2016.04.08 01:35:09.471,0.72884,0.72916,2.47,1.50
2016.04.08 01:35:12.219,0.72883,0.72916,1.97,1.87
2016.04.08 01:35:14.591,0.72885,0.72916,1.35,1.37
2016.04.08 01:35:15.070,0.72889,0.7292,1.67,1.50
2016.04.08 01:35:15.872,0.72887,0.72918,1.97,1.12
2016.04.08 01:35:18.603,0.72888,0.72919,1.35,1.50
2016.04.08 01:35:22.721,0.72889,0.72919,2.10,1.37
2016.04.08 01:35:33.641,0.72894,0.72925,1.50,1.12
2016.04.08 01:35:33.702,0.72894,0.72924,1.37,1.12
2016.04.08 01:35:35.505,0.72891,0.72922,1.97,1.50
2016.04.08 01:35:39.745,0.72887,0.72918,1.67,1.87
2016.04.08 01:35:40.072,0.72883,0.72914,1.97,1.87
2016.04.08 01:35:40.581,0.72883,0.72913,1.97,1.12
2016.04.08 01:35:41.043,0.72888,0.72914,1.30,1.37
2016.04.08 01:35:43.041,0.72886,0.72914,2.10,1.00
2016.04.08 01:35:43.576,0.72888,0.72919,3.22,1.37
2016.04.08 01:35:46.880,0.72892,0.72923,1.97,1.50
2016.04.08 01:35:48.069,0.72895,0.72926,1.75,1.37
2016.04.08 01:35:48.234,0.72895,0.72926,1.37,1.37
2016.04.08 01:35:52.271,0.72895,0.72926,1.37,1.87
2016.04.08 01:35:57.656,0.7289,0.72921,3.97,1.12
2016.04.08 01:35:57.931,0.7289,0.7292,1.72,1.12
2016.04.08 01:35:59.761,0.72894,0.72924,1.75,1.37
2016.04.08 01:36:01.572,0.72894,0.72924,1.37,1.12
2016.04.08 01:36:14.767,0.72894,0.72925,1.75,1.75
2016.04.08 01:36:20.137,0.72894,0.72923,1.37,1.12
2016.04.08 01:36:38.877,0.72895,0.72927,2.10,1.87
2016.04.08 01:36:41.451,0.72895,0.72924,1.37,1.12
2016.04.08 01:36:51.007,0.72895,0.72927,1.37,1.87
2016.04.08 01:36:51.318,0.72899,0.7293,1.35,1.87
2016.04.08 01:36:51.369,0.729,0.7293,1.97,1.50
2016.04.08 01:36:52.367,0.72898,0.72929,2.47,1.37
2016.04.08 01:36:58.026,0.72895,0.72927,1.97,1.87
2016.04.08 01:36:59.581,0.72898,0.72926,1.72,1.37
2016.04.08 01:37:01.230,0.72895,0.72925,1.35,1.37
2016.04.08 01:37:06.699,0.72897,0.72927,1.35,1.37
2016.04.08 01:37:07.351,0.72898,0.72926,1.30,1.87
2016.04.08 01:37:08.650,0.72898,0.72929,2.10,1.12
2016.04.08 01:37:11.713,0.72898,0.72926,1.72,1.12
2016.04.08 01:37:14.921,0.72898,0.72926,1.72,1.37
2016.04.08 01:37:17.326,0.72896,0.72927,1.35,1.75
2016.04.08 01:37:21.657,0.72897,0.72926,1.35,1.37
2016.04.08 01:37:32.980,0.72897,0.72926,1.67,1.87
2016.04.08 01:37:48.110,0.72892,0.72923,2.85,1.50
2016.04.08 01:37:51.971,0.72894,0.72921,1.30,1.12
2016.04.08 01:37:55.559,0.72888,0.72918,1.72,1.12
2016.04.08 01:37:56.726,0.72888,0.7292,1.87,1.75
2016.04.08 01:38:10.261,0.72887,0.72919,1.75,1.87
2016.04.08 01:38:15.982,0.72889,0.72919,1.12,1.37
2016.04.08 01:38:18.099,0.72888,0.72919,1.35,1.75
2016.04.08 01:38:18.980,0.7289,0.72919,1.00,1.37
2016.04.08 01:38:19.681,0.72888,0.7292,2.10,1.37
2016.04.08 01:38:20.265,0.72889,0.72919,1.75,1.37
2016.04.08 01:38:20.692,0.72891,0.72919,2.10,1.12
2016.04.08 01:38:20.743,0.72892,0.72924,1.75,1.50
2016.04.08 01:38:21.309,0.7289,0.72923,2.10,1.12
2016.04.08 01:38:21.691,0.72896,0.72924,1.30,1.75
2016.04.08 01:38:21.892,0.72894,0.72927,1.35,1.35
2016.04.08 01:38:35.854,0.72896,0.72927,1.35,1.12
2016.04.08 01:38:48.582,0.72894,0.72925,1.87,1.37
2016.04.08 01:38:58.355,0.72892,0.72925,2.10,1.87
2016.04.08 01:39:00.602,0.7289,0.72921,1.50,1.37
2016.04.08 01:39:01.288,0.72886,0.72919,2.10,1.12
2016.04.08 01:39:03.096,0.72888,0.72921,1.12,2.25
2016.04.08 01:39:05.365,0.72886,0.72918,2.85,1.12
2016.04.08 01:39:07.569,0.72887,0.72921,1.35,2.25
2016.04.08 01:39:08.672,0.72887,0.72918,1.67,1.37
2016.04.08 01:39:08.911,0.72888,0.72921,1.50,1.75
2016.04.08 01:39:19.886,0.72887,0.7292,1.72,1.75
2016.04.08 01:39:19.937,0.72887,0.72918,1.72,1.12
2016.04.08 01:39:22.598,0.72887,0.72918,1.72,1.00
2016.04.08 01:39:26.248,0.72885,0.72919,1.97,2.62
2016.04.08 01:39:26.905,0.72885,0.72917,1.35,1.37
2016.04.08 01:39:28.269,0.72884,0.72917,1.75,1.12
2016.04.08 01:39:42.345,0.72881,0.72916,2.47,1.75
2016.04.08 01:39:46.555,0.72884,0.72915,1.67,1.37
2016.04.08 01:40:03.576,0.72884,0.72918,2.05,1.50
2016.04.08 01:40:10.798,0.72884,0.72918,1.35,1.87
2016.04.08 01:40:11.446,0.72882,0.72915,1.35,1.37
2016.04.08 01:40:20.934,0.72884,0.72914,1.35,1.37
2016.04.08 01:40:24.942,0.72885,0.72914,1.00,1.37
2016.04.08 01:40:25.657,0.72884,0.72914,1.35,1.37
2016.04.08 01:40:26.349,0.72886,0.72914,1.00,1.37
2016.04.08 01:40:26.596,0.72884,0.72918,2.05,1.37
2016.04.08 01:40:28.076,0.72884,0.72917,1.35,1.87
2016.04.08 01:40:45.677,0.72884,0.72919,1.35,2.62
2016.04.08 01:41:00.058,0.72883,0.72913,1.87,1.72
2016.04.08 01:41:00.116,0.72883,0.72912,1.50,1.67
2016.04.08 01:41:07.157,0.72885,0.72921,1.37,1.75
2016.04.08 01:41:07.995,0.72886,0.7292,1.75,1.50
2016.04.08 01:41:11.644,0.72888,0.72921,1.12,1.37
2016.04.08 01:41:12.181,0.72896,0.72924,1.00,1.37
2016.04.08 01:41:13.860,0.72894,0.72924,1.00,2.10
2016.04.08 01:41:26.753,0.72889,0.72924,2.62,2.10
2016.04.08 01:41:26.917,0.72891,0.72925,1.87,2.47
2016.04.08 01:41:30.407,0.72894,0.72924,1.00,1.35
2016.04.08 01:41:34.190,0.72887,0.72922,2.62,1.75
2016.04.08 01:41:36.744,0.7289,0.72923,1.12,1.37
2016.04.08 01:41:37.813,0.72887,0.72922,1.75,1.50
2016.04.08 01:41:38.299,0.7289,0.72922,1.12,1.37
2016.04.08 01:41:40.328,0.7289,0.72922,1.00,1.87
2016.04.08 01:41:40.654,0.72887,0.72922,2.25,1.50
2016.04.08 01:41:41.197,0.7289,0.72922,1.12,1.37
2016.04.08 01:41:52.034,0.72892,0.72926,1.12,1.37
2016.04.08 01:41:56.595,0.72892,0.72926,1.12,1.37
2016.04.08 01:41:57.899,0.72897,0.72926,1.00,1.37
2016.04.08 01:42:04.023,0.72891,0.72923,1.50,1.37
2016.04.08 01:42:08.580,0.72892,0.72926,1.37,2.25
2016.04.08 01:42:09.538,0.7289,0.72924,1.87,1.75
2016.04.08 01:42:09.589,0.7289,0.72922,1.50,1.12
2016.04.08 01:42:15.862,0.72891,0.72923,1.87,1.50
2016.04.08 01:42:17.896,0.72891,0.72922,1.37,1.12
2016.04.08 01:42:19.949,0.72887,0.7292,1.35,1.37
2016.04.08 01:42:20.309,0.72885,0.72918,1.37,1.12
2016.04.08 01:42:22.066,0.72886,0.72921,1.37,1.87
2016.04.08 01:42:23.965,0.72886,0.72913,1.37,1.37
2016.04.08 01:42:24.016,0.72878,0.72912,1.87,1.50
2016.04.08 01:42:24.117,0.72875,0.72908,1.75,1.75
2016.04.08 01:42:26.342,0.72875,0.72909,1.87,1.37
2016.04.08 01:42:27.047,0.72879,0.72912,1.37,1.87
2016.04.08 01:42:29.365,0.7288,0.72912,1.37,2.05
2016.04.08 01:42:29.875,0.7288,0.72911,1.35,1.37
2016.04.08 01:42:31.618,0.72883,0.72915,1.35,1.50
2016.04.08 01:42:31.669,0.72883,0.72915,1.35,1.37
2016.04.08 01:42:32.067,0.72885,0.72915,1.12,1.37
2016.04.08 01:42:36.267,0.72884,0.72917,1.75,2.47
2016.04.08 01:42:37.621,0.72884,0.72917,1.87,2.10
2016.04.08 01:42:44.876,0.72887,0.72917,1.00,2.05
2016.04.08 01:42:46.525,0.7288,0.72914,2.62,1.12
2016.04.08 01:43:00.450,0.7288,0.72914,2.25,1.12
2016.04.08 01:43:00.960,0.7288,0.72912,1.75,1.37
2016.04.08 01:43:01.627,0.7288,0.72914,1.75,1.75
2016.04.08 01:43:01.954,0.72881,0.72914,1.75,1.37
2016.04.08 01:43:03.342,0.72881,0.72912,1.75,1.37
2016.04.08 01:43:04.546,0.72882,0.72915,1.75,1.37
2016.04.08 01:43:08.368,0.72879,0.72913,1.75,1.87
2016.04.08 01:43:10.522,0.7288,0.72913,1.75,1.50
2016.04.08 01:43:10.975,0.72882,0.72914,1.75,1.37
2016.04.08 01:43:12.084,0.72882,0.72913,1.75,1.37
2016.04.08 01:43:12.674,0.72886,0.72916,1.00,1.67
2016.04.08 01:43:13.563,0.72879,0.72914,1.87,1.12
2016.04.08 01:43:14.293,0.72879,0.72914,2.62,1.75
2016.04.08 01:43:14.444,0.72888,0.72915,1.00,1.37
2016.04.08 01:43:15.572,0.72886,0.72918,1.12,1.97
2016.04.08 01:43:15.773,0.72889,0.72923,2.10,1.87
2016.04.08 01:43:15.987,0.72891,0.72923,1.87,1.50
2016.04.08 01:43:29.941,0.72892,0.72925,1.75,1.35
2016.04.08 01:43:30.671,0.72896,0.72925,1.00,1.97
2016.04.08 01:43:32.753,0.72894,0.72927,1.12,1.50
2016.04.08 01:43:33.004,0.72895,0.72926,1.00,1.67
2016.04.08 01:43:34.325,0.72891,0.72924,1.75,1.12
2016.04.08 01:43:36.189,0.72892,0.72925,1.75,1.35
2016.04.08 01:43:36.536,0.72888,0.72923,3.22,1.87
2016.04.08 01:43:37.797,0.72888,0.72923,3.22,1.50
2016.04.08 01:43:38.171,0.72892,0.72925,1.12,1.35
2016.04.08 01:43:38.733,0.72891,0.72924,1.75,1.12
2016.04.08 01:43:40.706,0.72892,0.72925,1.75,1.35
2016.04.08 01:43:41.237,0.72892,0.72923,1.50,1.12
2016.04.08 01:43:42.282,0.72892,0.72925,1.75,1.12
2016.04.08 01:43:42.333,0.72896,0.72926,1.00,1.12
2016.04.08 01:43:54.288,0.72894,0.72922,1.00,1.97
2016.04.08 01:43:54.615,0.72887,0.72921,1.12,1.35
2016.04.08 01:43:57.080,0.72887,0.72921,1.87,2.47
2016.04.08 01:43:57.864,0.72891,0.72921,1.00,2.47
2016.04.08 01:43:59.544,0.72887,0.72919,1.75,1.12
2016.04.08 01:44:00.330,0.72887,0.72919,1.75,1.37
2016.04.08 01:44:00.967,0.72889,0.72919,1.00,1.37
2016.04.08 01:44:03.439,0.72887,0.7292,1.75,1.35
2016.04.08 01:44:06.042,0.72887,0.7292,1.75,1.35
2016.04.08 01:44:06.965,0.72887,0.72919,2.25,1.37
2016.04.08 01:44:07.644,0.72887,0.72919,2.25,1.67
2016.04.08 01:44:12.217,0.72889,0.72919,1.00,2.05
2016.04.08 01:44:14.060,0.72885,0.72919,2.25,1.67
2016.04.08 01:44:14.644,0.72889,0.72919,1.00,1.67
2016.04.08 01:44:14.695,0.72886,0.7292,1.12,1.35
2016.04.08 01:44:17.775,0.72887,0.7292,1.75,1.35
2016.04.08 01:44:20.121,0.72887,0.7292,1.75,2.10
2016.04.08 01:44:20.676,0.72887,0.7292,1.75,1.35
2016.04.08 01:44:21.943,0.72891,0.7292,1.00,2.47
2016.04.08 01:44:23.974,0.72888,0.72921,2.47,1.37
2016.04.08 01:44:26.177,0.72888,0.7292,1.50,1.37
2016.04.08 01:44:27.880,0.72888,0.72918,1.00,1.37
2016.04.08 01:44:31.105,0.72889,0.72919,1.00,1.67
2016.04.08 01:44:31.833,0.72886,0.72919,2.10,1.67
2016.04.08 01:44:35.209,0.72889,0.7292,1.00,1.35
2016.04.08 01:44:35.816,0.72886,0.72919,2.10,1.67
2016.04.08 01:44:36.168,0.72886,0.72921,2.10,2.47
2016.04.08 01:44:36.713,0.72887,0.72919,1.75,1.67
2016.04.08 01:44:37.515,0.72889,0.72919,1.00,1.67
2016.04.08 01:44:38.147,0.72886,0.72919,2.10,2.05
2016.04.08 01:44:40.655,0.72887,0.72919,1.00,2.05
2016.04.08 01:44:42.632,0.72886,0.72917,1.35,1.50
2016.04.08 01:44:43.429,0.72887,0.72917,1.00,1.50
2016.04.08 01:44:43.751,0.72882,0.72915,2.25,1.37
2016.04.08 01:44:46.434,0.72883,0.72916,1.87,1.67
2016.04.08 01:44:46.962,0.72886,0.72917,1.35,1.37
2016.04.08 01:44:49.363,0.72886,0.72917,1.35,1.37
2016.04.08 01:44:50.766,0.72886,0.7292,2.10,2.05
2016.04.08 01:44:51.379,0.72886,0.7292,2.10,2.05
2016.04.08 01:44:52.369,0.72886,0.7292,1.35,2.05
2016.04.08 01:44:52.676,0.72887,0.72921,1.12,1.97
2016.04.08 01:45:01.929,0.72888,0.72921,1.35,2.10
2016.04.08 01:45:02.593,0.72888,0.72921,1.35,2.10
2016.04.08 01:45:03.190,0.7289,0.72922,1.35,1.75
2016.04.08 01:45:05.899,0.72892,0.72923,1.00,2.05
2016.04.08 01:45:07.955,0.7289,0.72923,1.35,1.72
2016.04.08 01:45:18.192,0.72891,0.72921,1.60,1.37
2016.04.08 01:45:23.811,0.72892,0.72921,1.67,1.37
2016.04.08 01:45:31.455,0.7289,0.72923,2.10,1.35
2016.04.08 01:45:35.964,0.7289,0.72923,1.35,1.35
2016.04.08 01:45:39.023,0.7289,0.72921,2.10,1.67
2016.04.08 01:45:40.378,0.7289,0.72921,2.10,1.67
2016.04.08 01:45:40.924,0.7289,0.72921,2.10,1.67
2016.04.08 01:45:46.497,0.7289,0.72922,1.35,2.10
2016.04.08 01:45:48.631,0.72892,0.72922,1.00,2.10
2016.04.08 01:45:50.005,0.7289,0.72923,1.35,1.97
2016.04.08 01:45:51.020,0.7289,0.72922,1.35,1.97
2016.04.08 01:45:51.853,0.72896,0.72922,1.30,1.37
2016.04.08 01:45:52.162,0.72899,0.72929,1.00,1.75
2016.04.08 01:45:52.529,0.72897,0.72928,1.35,1.50
2016.04.08 01:45:53.452,0.72897,0.72928,1.35,1.37
2016.04.08 01:45:54.552,0.72901,0.72928,2.85,1.37
2016.04.08 01:45:54.753,0.72907,0.72938,1.35,1.50
2016.04.08 01:45:54.854,0.72911,0.72938,1.00,1.37
2016.04.08 01:45:54.954,0.72908,0.72942,2.25,1.75
2016.04.08 01:45:55.071,0.72911,0.72943,1.12,1.37
2016.04.08 01:45:55.262,0.72914,0.72947,1.12,2.25
2016.04.08 01:45:57.679,0.72911,0.72945,1.87,1.12
2016.04.08 01:45:59.361,0.72911,0.72941,1.37,1.12
2016.04.08 01:45:59.412,0.72907,0.7294,1.75,1.87
2016.04.08 01:45:59.681,0.72908,0.7294,1.35,1.87
2016.04.08 01:46:00.740,0.72906,0.72938,2.85,1.75
2016.04.08 01:46:01.103,0.72904,0.72936,2.47,1.12
2016.04.08 01:46:02.472,0.72902,0.72936,2.47,2.62
2016.04.08 01:46:06.570,0.72904,0.72934,1.97,1.00
2016.04.08 01:46:07.412,0.72907,0.72936,1.37,1.50
2016.04.08 01:46:07.921,0.72906,0.72938,1.12,1.75
2016.04.08 01:46:08.615,0.72907,0.72936,1.67,1.00
2016.04.08 01:46:11.876,0.72906,0.72938,2.05,1.75
2016.04.08 01:46:12.430,0.72907,0.72936,1.37,1.00
2016.04.08 01:46:14.686,0.72907,0.72938,1.67,1.75
2016.04.08 01:46:15.392,0.72907,0.72936,1.72,1.00
2016.04.08 01:46:18.602,0.72907,0.72938,1.67,1.75
2016.04.08 01:46:19.143,0.72907,0.72936,1.67,1.00
2016.04.08 01:46:19.808,0.72907,0.72938,1.67,1.75
2016.04.08 01:46:20.331,0.72907,0.72936,1.67,1.00
2016.04.08 01:46:22.432,0.72907,0.72939,1.67,1.75
2016.04.08 01:46:24.556,0.7291,0.7294,1.35,1.87
2016.04.08 01:46:24.966,0.72908,0.7294,1.67,1.87
2016.04.08 01:46:28.921,0.72906,0.72937,1.50,1.75
2016.04.08 01:46:40.065,0.72903,0.72935,1.35,1.75
2016.04.08 01:46:40.502,0.72901,0.72934,1.37,1.12
2016.04.08 01:46:44.430,0.72904,0.72934,1.35,1.37
2016.04.08 01:46:44.997,0.72905,0.72934,1.00,1.37
2016.04.08 01:46:48.000,0.72903,0.72935,1.12,2.25
2016.04.08 01:46:49.140,0.72906,0.72936,1.37,1.37
2016.04.08 01:47:05.078,0.72903,0.72937,1.87,1.35
2016.04.08 01:47:05.230,0.72904,0.72935,1.37,2.10
2016.04.08 01:47:05.714,0.72904,0.72937,1.97,1.12
2016.04.08 01:47:06.430,0.72912,0.72939,1.00,1.37
2016.04.08 01:47:06.480,0.7291,0.72944,1.35,2.25
2016.04.08 01:47:11.029,0.72912,0.72942,1.87,1.00
2016.04.08 01:47:13.152,0.72912,0.72946,1.87,2.10
2016.04.08 01:47:13.237,0.72912,0.72944,1.50,1.12
2016.04.08 01:47:18.547,0.72911,0.72945,1.87,1.75
2016.04.08 01:47:19.076,0.72912,0.72945,1.87,1.75
2016.04.08 01:47:19.778,0.72912,0.72945,1.67,1.75
2016.04.08 01:47:20.121,0.72915,0.72944,1.37,1.00
2016.04.08 01:47:21.711,0.72916,0.72947,1.37,1.75
2016.04.08 01:47:22.247,0.72912,0.72947,1.97,1.87
2016.04.08 01:47:27.250,0.72912,0.7294,1.87,1.00
2016.04.08 01:47:27.476,0.7291,0.72943,1.35,1.87
2016.04.08 01:47:30.519,0.72911,0.72943,1.12,1.37
2016.04.08 01:47:36.832,0.72915,0.72948,1.35,1.87
2016.04.08 01:47:37.408,0.72913,0.72947,1.97,1.50
2016.04.08 01:47:37.801,0.72915,0.72947,1.35,1.37
2016.04.08 01:47:47.024,0.72916,0.7295,1.75,2.25
2016.04.08 01:47:47.633,0.72916,0.72951,1.75,1.35
2016.04.08 01:47:48.181,0.7292,0.72955,2.10,1.37
2016.04.08 01:47:48.755,0.72923,0.72957,1.75,1.37
2016.04.08 01:47:49.330,0.72923,0.72957,1.37,1.75
2016.04.08 01:47:51.381,0.72923,0.72957,1.75,2.25
2016.04.08 01:47:54.568,0.72926,0.7296,1.75,1.50
2016.04.08 01:47:58.354,0.72926,0.72958,1.37,1.37
2016.04.08 01:47:58.682,0.72926,0.7296,2.10,1.50
2016.04.08 01:48:03.181,0.72928,0.72961,1.12,1.37
2016.04.08 01:48:07.875,0.72932,0.72964,1.12,1.37
2016.04.08 01:48:08.697,0.72934,0.72965,1.12,1.12
2016.04.08 01:48:09.024,0.72937,0.7297,1.12,1.87
2016.04.08 01:48:09.902,0.72941,0.72976,1.87,1.37
2016.04.08 01:48:10.390,0.7294,0.72975,1.87,2.25
2016.04.08 01:48:14.099,0.72942,0.72975,1.12,1.37
2016.04.08 01:48:14.388,0.72941,0.72976,1.50,1.50
2016.04.08 01:48:15.430,0.72944,0.72979,1.75,1.87
2016.04.08 01:48:16.623,0.72944,0.72979,1.37,1.87
2016.04.08 01:48:20.811,0.72944,0.72978,1.50,1.50
2016.04.08 01:48:25.690,0.72948,0.72983,1.87,2.25
2016.04.08 01:48:26.090,0.72948,0.72984,1.75,1.50
2016.04.08 01:48:28.050,0.72947,0.7298,1.37,1.87
2016.04.08 01:48:28.350,0.72944,0.72977,1.37,1.37
2016.04.08 01:48:28.914,0.72941,0.72975,1.37,1.12
2016.04.08 01:48:43.370,0.72937,0.72971,1.35,1.87
2016.04.08 01:48:43.552,0.72936,0.72971,1.97,1.87
2016.04.08 01:48:43.953,0.72937,0.72971,1.97,1.37
2016.04.08 01:48:58.109,0.72937,0.72969,1.72,1.37
2016.04.08 01:49:03.191,0.72935,0.72966,1.72,1.37
2016.04.08 01:49:03.931,0.72934,0.72961,1.37,1.00
2016.04.08 01:49:04.099,0.72927,0.72959,2.25,1.37
2016.04.08 01:49:05.604,0.7293,0.72961,1.37,1.37
2016.04.08 01:49:13.723,0.72932,0.72964,1.50,1.37
2016.04.08 01:49:16.959,0.72932,0.72963,1.37,1.37
2016.04.08 01:49:26.651,0.72931,0.72963,1.87,1.37
2016.04.08 01:49:45.405,0.72933,0.72964,1.37,1.75
2016.04.08 01:49:47.229,0.72933,0.72961,1.00,1.50
2016.04.08 01:49:47.922,0.72928,0.72961,1.50,1.87
2016.04.08 01:49:57.544,0.72926,0.72957,1.37,1.75
2016.04.08 01:50:00.126,0.7293,0.72957,1.00,1.37
2016.04.08 01:50:00.226,0.72929,0.72957,1.37,1.12
2016.04.08 01:50:01.009,0.7293,0.72961,1.12,1.12
2016.04.08 01:50:03.996,0.7293,0.7296,1.50,1.00
2016.04.08 01:50:10.105,0.72936,0.72965,1.00,1.50
2016.04.08 01:50:10.443,0.72937,0.72965,1.37,1.37
2016.04.08 01:50:19.050,0.72935,0.72966,1.37,1.12
2016.04.08 01:50:22.453,0.72934,0.72966,1.72,1.87
2016.04.08 01:50:22.860,0.72935,0.72964,1.37,1.37
2016.04.08 01:50:33.418,0.72937,0.72967,1.97,1.37
2016.04.08 01:50:33.687,0.72941,0.72971,1.12,1.75
2016.04.08 01:50:33.987,0.72942,0.7297,1.37,1.37
2016.04.08 01:50:36.514,0.72943,0.72975,1.37,2.25
2016.04.08 01:50:37.790,0.72943,0.72975,2.25,1.37
2016.04.08 01:50:42.607,0.72946,0.72978,3.22,2.25
2016.04.08 01:50:43.117,0.72947,0.72978,1.72,1.50
2016.04.08 01:50:43.910,0.72946,0.72977,1.72,1.87
2016.04.08 01:51:04.618,0.72947,0.72976,1.72,1.37
2016.04.08 01:51:09.037,0.72944,0.72976,1.50,2.25
2016.04.08 01:51:10.628,0.72945,0.72976,1.67,1.37
2016.04.08 01:51:13.494,0.72943,0.72974,1.72,1.37
2016.04.08 01:51:15.483,0.72937,0.72971,1.75,1.97
2016.04.08 01:51:15.583,0.72937,0.7297,2.25,2.05
2016.04.08 01:51:16.267,0.72938,0.72968,2.10,1.37
2016.04.08 01:51:31.908,0.7294,0.7297,1.72,2.10
2016.04.08 01:51:32.436,0.72941,0.7297,1.72,1.50
2016.04.08 01:51:32.487,0.72941,0.72973,1.97,1.50
2016.04.08 01:51:37.404,0.72941,0.72972,1.30,1.75
2016.04.08 01:51:42.032,0.72939,0.72969,1.30,1.87
2016.04.08 01:51:47.121,0.72938,0.72969,2.10,1.37
2016.04.08 01:51:49.951,0.72941,0.72972,1.37,1.72
2016.04.08 01:51:56.725,0.72941,0.72971,1.00,1.37
2016.04.08 01:51:58.122,0.72941,0.7297,1.37,1.37
2016.04.08 01:52:07.413,0.72942,0.72973,1.37,1.37
2016.04.08 01:52:10.634,0.72939,0.72968,1.12,1.00
2016.04.08 01:52:10.685,0.72938,0.72967,1.37,1.50
2016.04.08 01:52:10.735,0.72938,0.72965,1.37,1.00
2016.04.08 01:52:11.274,0.72931,0.72962,1.37,1.37
2016.04.08 01:52:11.558,0.72931,0.72963,1.50,1.37
2016.04.08 01:52:14.153,0.72933,0.72963,1.12,1.00
2016.04.08 01:52:14.865,0.72935,0.72967,1.75,1.37
2016.04.08 01:52:19.877,0.72936,0.72969,2.10,1.50
2016.04.08 01:52:19.978,0.7294,0.72969,1.12,1.37
2016.04.08 01:52:20.888,0.72941,0.72972,1.00,1.87
2016.04.08 01:52:21.906,0.72941,0.72972,1.37,1.50
2016.04.08 01:52:29.620,0.7294,0.72971,1.97,1.75
2016.04.08 01:52:29.670,0.72938,0.72968,1.37,1.37
2016.04.08 01:52:29.879,0.72935,0.72966,1.97,1.37
2016.04.08 01:52:30.261,0.72937,0.72968,1.72,1.87
2016.04.08 01:52:31.818,0.72938,0.72969,1.97,1.87
2016.04.08 01:52:32.218,0.72941,0.72972,1.72,1.87
2016.04.08 01:52:44.048,0.72941,0.72973,1.97,1.87
2016.04.08 01:52:47.186,0.7294,0.72971,1.72,1.75
2016.04.08 01:52:50.368,0.7294,0.7297,1.97,1.37
2016.04.08 01:52:51.816,0.7294,0.7297,1.72,1.50
2016.04.08 01:52:52.426,0.7294,0.7297,1.72,1.87
2016.04.08 01:52:55.023,0.72938,0.7297,1.97,3.22
2016.04.08 01:52:55.420,0.72932,0.72963,1.97,1.87
2016.04.08 01:52:55.626,0.72934,0.72963,1.97,1.37
2016.04.08 01:52:55.676,0.72935,0.72966,2.47,2.62
2016.04.08 01:52:56.277,0.72935,0.72965,2.10,1.12
2016.04.08 01:53:04.636,0.72935,0.72967,3.22,2.25
2016.04.08 01:53:12.075,0.72939,0.72966,1.30,1.37
2016.04.08 01:53:27.817,0.72938,0.72969,1.97,1.67
2016.04.08 01:53:43.264,0.72935,0.72964,2.47,1.37
2016.04.08 01:53:43.695,0.72935,0.72964,2.10,1.87
2016.04.08 01:53:46.034,0.72932,0.7296,1.97,1.37
2016.04.08 01:53:46.100,0.72932,0.7296,1.60,1.50
2016.04.08 01:53:48.804,0.72932,0.72961,1.97,1.37
2016.04.08 01:53:57.122,0.72936,0.72964,1.30,1.50
2016.04.08 01:54:03.352,0.72931,0.72963,2.47,1.75
2016.04.08 01:54:08.026,0.7293,0.72963,2.10,2.62
2016.04.08 01:54:09.684,0.72931,0.72963,3.22,1.75
2016.04.08 01:54:09.750,0.72935,0.72963,1.30,1.37
2016.04.08 01:54:14.032,0.72933,0.72964,1.97,1.37
2016.04.08 01:54:22.313,0.72934,0.72966,1.97,1.37
2016.04.08 01:54:27.631,0.7294,0.7297,1.37,1.37
2016.04.08 01:54:44.126,0.72943,0.72974,3.22,1.50
2016.04.08 01:54:44.233,0.72945,0.72974,1.97,1.37
2016.04.08 01:54:44.996,0.72949,0.72978,1.00,1.37
2016.04.08 01:54:50.497,0.7295,0.72979,1.60,1.50
2016.04.08 01:54:53.047,0.72948,0.72978,1.72,1.37
2016.04.08 01:54:53.572,0.72948,0.72979,1.72,2.25
2016.04.08 01:54:58.777,0.72948,0.72979,1.30,2.10
2016.04.08 01:55:00.656,0.72944,0.72975,1.97,1.35
2016.04.08 01:55:01.235,0.72944,0.7297,1.60,1.50
2016.04.08 01:55:01.290,0.72944,0.7297,1.00,1.50
2016.04.08 01:55:01.962,0.72938,0.72969,1.37,1.37
2016.04.08 01:55:07.471,0.72943,0.7297,1.00,1.37
2016.04.08 01:55:07.572,0.72945,0.7297,1.37,1.00
2016.04.08 01:55:08.358,0.72945,0.72976,1.37,1.87
2016.04.08 01:55:08.782,0.72942,0.72973,1.37,1.12
2016.04.08 01:55:09.538,0.72944,0.72976,1.75,2.62
2016.04.08 01:55:10.972,0.72947,0.72976,1.50,1.50
2016.04.08 01:55:11.823,0.72947,0.72977,1.12,1.75
2016.04.08 01:55:13.362,0.72947,0.72976,1.50,1.50
2016.04.08 01:55:14.641,0.72947,0.72976,1.00,1.50
2016.04.08 01:55:15.731,0.72946,0.72976,1.75,1.50
2016.04.08 01:55:16.908,0.7295,0.72979,1.00,1.35
2016.04.08 01:55:17.642,0.72951,0.7298,1.12,1.75
2016.04.08 01:55:17.904,0.72951,0.7298,1.50,1.37
2016.04.08 01:55:20.710,0.72949,0.7298,1.50,2.62
2016.04.08 01:55:24.221,0.72951,0.7298,1.12,1.37
2016.04.08 01:55:24.791,0.72952,0.72984,1.35,2.62
2016.04.08 01:55:26.858,0.7295,0.7298,1.50,1.75
2016.04.08 01:55:26.971,0.7295,0.7298,1.12,1.87
2016.04.08 01:55:27.951,0.72946,0.72977,1.00,1.12
2016.04.08 01:55:30.512,0.72945,0.72976,1.12,2.10
2016.04.08 01:55:31.071,0.72945,0.72976,1.12,2.10
2016.04.08 01:55:31.172,0.72945,0.72973,1.00,1.12
2016.04.08 01:55:31.681,0.72943,0.72973,1.37,1.12
2016.04.08 01:55:32.476,0.7294,0.72972,1.12,2.62
2016.04.08 01:55:37.136,0.72938,0.72968,1.37,1.12
2016.04.08 01:55:44.053,0.72935,0.72964,1.60,1.12
2016.04.08 01:55:44.104,0.72933,0.72963,1.12,1.50
2016.04.08 01:55:45.902,0.72929,0.7296,1.97,1.12
2016.04.08 01:55:47.066,0.72932,0.72962,1.00,1.12
2016.04.08 01:55:47.467,0.72932,0.72963,1.37,2.62
2016.04.08 01:55:48.671,0.72932,0.72961,1.00,1.97
2016.04.08 01:55:49.173,0.7293,0.72959,1.37,1.75
2016.04.08 01:55:57.511,0.7293,0.72963,2.10,2.05
2016.04.08 01:55:57.812,0.72931,0.72962,1.00,2.05
2016.04.08 01:55:58.361,0.7293,0.72962,2.10,1.35
2016.04.08 01:55:59.991,0.72931,0.72961,1.35,1.67
2016.04.08 01:56:01.210,0.72931,0.72963,1.35,1.87
2016.04.08 01:56:01.310,0.72933,0.72963,1.50,1.97
2016.04.08 01:56:01.419,0.72933,0.72963,1.50,2.10
2016.04.08 01:56:01.745,0.72935,0.72963,1.37,2.10
2016.04.08 01:56:04.822,0.72931,0.72962,1.72,1.12
2016.04.08 01:56:23.594,0.72931,0.72958,1.12,1.30
2016.04.08 01:56:28.162,0.72929,0.72958,1.30,1.72
2016.04.08 01:56:37.589,0.72929,0.72961,1.72,2.85
2016.04.08 01:56:37.992,0.7293,0.72962,2.62,1.97
2016.04.08 01:56:38.314,0.7293,0.72958,1.87,1.30
2016.04.08 01:56:43.120,0.7293,0.72963,2.85,1.97
2016.04.08 01:56:43.780,0.7293,0.72962,1.72,1.97
2016.04.08 01:56:44.755,0.72931,0.72962,1.35,1.72
2016.04.08 01:56:45.362,0.7293,0.72962,2.47,2.10
2016.04.08 01:56:59.601,0.72932,0.72965,2.10,1.37
2016.04.08 01:57:05.308,0.72936,0.72966,1.37,1.72
2016.04.08 01:57:06.148,0.7294,0.72969,1.00,1.87
2016.04.08 01:57:07.521,0.7294,0.72969,1.37,1.37
2016.04.08 01:57:08.298,0.72942,0.72969,1.00,1.37
2016.04.08 01:57:11.778,0.7294,0.72972,1.37,1.37
2016.04.08 01:57:16.872,0.72941,0.72973,1.50,1.37
2016.04.08 01:57:30.191,0.7294,0.7297,1.67,1.37
2016.04.08 01:57:30.454,0.72937,0.72969,1.37,1.37
2016.04.08 01:57:45.710,0.72939,0.72971,1.37,2.25
2016.04.08 01:58:00.520,0.72937,0.72967,1.37,1.50
2016.04.08 01:58:00.896,0.72937,0.72967,1.37,1.37
2016.04.08 01:58:05.507,0.72939,0.72971,1.12,2.25
2016.04.08 01:58:06.250,0.72936,0.72969,1.87,1.87
2016.04.08 01:58:13.847,0.72937,0.72967,1.37,1.37
2016.04.08 01:58:15.212,0.72936,0.72967,1.37,2.25
2016.04.08 01:58:16.018,0.72936,0.72967,1.50,1.87
2016.04.08 01:58:19.424,0.72935,0.72966,1.37,2.25
2016.04.08 01:58:25.937,0.72936,0.72966,1.35,1.37
2016.04.08 01:58:31.062,0.72932,0.72966,2.85,2.62
2016.04.08 01:58:33.751,0.72932,0.72963,1.72,1.50
2016.04.08 01:58:46.416,0.72928,0.72959,1.97,1.87
2016.04.08 01:58:48.719,0.72932,0.72959,1.30,1.37
2016.04.08 01:59:03.033,0.7293,0.72962,1.97,1.75
2016.04.08 01:59:04.336,0.7293,0.72962,1.97,1.37
2016.04.08 01:59:13.751,0.72932,0.72963,1.12,2.10
2016.04.08 01:59:14.844,0.72929,0.7296,1.72,1.67
2016.04.08 01:59:26.843,0.72923,0.72956,1.97,1.37
2016.04.08 01:59:27.002,0.72925,0.72956,1.30,1.75
2016.04.08 01:59:27.384,0.72925,0.72956,1.67,1.37
2016.04.08 01:59:41.413,0.72926,0.72956,1.12,1.12
2016.04.08 01:59:43.955,0.72922,0.72954,1.75,1.50
2016.04.08 01:59:44.420,0.72922,0.72954,1.37,1.50
2016.04.08 01:59:52.851,0.7292,0.72952,2.47,1.87
