2015.04.02 18:00:00.368,0.76145,0.7619,2.00,2.00
2015.04.02 18:00:00.508,0.76149,0.76181,1.50,1.00
2015.04.02 18:00:00.816,0.76149,0.76181,1.37,1.00
2015.04.02 18:00:03.495,0.76147,0.76179,1.37,1.00
2015.04.02 18:00:03.826,0.76145,0.76177,1.75,1.00
2015.04.02 18:00:04.938,0.76143,0.76175,1.75,1.00
2015.04.02 18:00:05.357,0.76141,0.76173,1.75,1.00
2015.04.02 18:00:05.702,0.7614,0.76172,1.37,1.37
2015.04.02 18:00:06.449,0.76135,0.76167,1.75,1.00
2015.04.02 18:00:07.438,0.76135,0.76166,1.75,1.00
2015.04.02 18:00:07.508,0.76135,0.76166,1.37,1.00
2015.04.02 18:00:08.266,0.76134,0.76166,1.37,1.00
2015.04.02 18:00:08.568,0.76133,0.76165,1.37,1.00
2015.04.02 18:00:08.886,0.76131,0.76163,1.37,1.00
2015.04.02 18:00:09.387,0.76131,0.76163,1.50,1.00
2015.04.02 18:00:12.147,0.76131,0.76163,1.75,1.00
2015.04.02 18:00:13.437,0.76135,0.76166,1.37,1.00
2015.04.02 18:00:18.017,0.76134,0.76166,1.87,1.00
2015.04.02 18:00:20.327,0.76134,0.76166,1.37,1.00
2015.04.02 18:00:21.916,0.76134,0.76166,1.37,1.00
2015.04.02 18:00:22.416,0.76137,0.76171,1.12,1.37
2015.04.02 18:00:23.393,0.76137,0.76171,1.37,1.37
2015.04.02 18:00:28.413,0.76137,0.76171,1.12,1.37
2015.04.02 18:00:31.482,0.76138,0.7617,1.00,1.37
2015.04.02 18:00:33.156,0.76138,0.7617,1.00,1.37
2015.04.02 18:00:33.447,0.76136,0.7617,1.12,1.37
2015.04.02 18:00:38.961,0.76136,0.76168,1.12,1.37
2015.04.02 18:00:39.527,0.76137,0.76169,1.12,1.37
2015.04.02 18:00:39.646,0.76137,0.76169,1.12,1.12
2015.04.02 18:00:40.237,0.7614,0.76172,1.00,1.37
2015.04.02 18:00:40.856,0.7614,0.76172,1.00,1.75
2015.04.02 18:00:40.907,0.76137,0.76169,1.00,1.37
2015.04.02 18:00:42.867,0.76137,0.76169,1.00,1.50
2015.04.02 18:00:43.037,0.76135,0.76167,1.00,1.37
2015.04.02 18:00:43.317,0.76132,0.76164,1.00,1.37
2015.04.02 18:00:43.826,0.76132,0.76164,1.00,1.37
2015.04.02 18:00:44.352,0.76132,0.76164,1.12,1.37
2015.04.02 18:00:44.453,0.76135,0.76167,1.00,1.37
2015.04.02 18:00:44.808,0.76137,0.76169,1.00,1.37
2015.04.02 18:00:46.659,0.76137,0.76169,1.00,1.37
2015.04.02 18:00:46.759,0.76138,0.7617,1.12,1.37
2015.04.02 18:00:46.859,0.7614,0.76172,1.00,1.37
2015.04.02 18:00:53.772,0.7614,0.76172,1.00,1.37
2015.04.02 18:00:57.580,0.7614,0.76174,1.12,1.37
2015.04.02 18:00:58.228,0.7614,0.76174,1.00,1.50
2015.04.02 18:01:07.227,0.7614,0.76174,1.37,1.12
2015.04.02 18:01:07.299,0.76147,0.76179,1.00,1.50
2015.04.02 18:01:07.349,0.76147,0.76179,1.00,1.37
2015.04.02 18:01:07.636,0.76149,0.76181,1.00,1.37
2015.04.02 18:01:07.738,0.76149,0.76181,1.00,1.75
2015.04.02 18:01:07.789,0.76144,0.76176,1.00,1.37
2015.04.02 18:01:07.839,0.76144,0.76176,1.00,1.37
2015.04.02 18:01:07.889,0.76142,0.76176,1.12,1.37
2015.04.02 18:01:08.078,0.76142,0.76176,1.12,1.37
2015.04.02 18:01:08.180,0.76146,0.76183,1.00,1.75
2015.04.02 18:01:08.285,0.76146,0.76183,1.37,1.50
2015.04.02 18:01:08.637,0.76149,0.76182,1.00,1.37
2015.04.02 18:01:08.687,0.76149,0.76182,1.00,1.37
2015.04.02 18:01:08.738,0.76151,0.76184,1.00,1.37
2015.04.02 18:01:14.665,0.76151,0.76184,1.12,1.37
2015.04.02 18:01:14.716,0.76153,0.76187,1.00,1.37
2015.04.02 18:01:15.106,0.76155,0.76187,1.00,1.37
2015.04.02 18:01:19.307,0.76154,0.76186,1.00,1.37
2015.04.02 18:01:20.311,0.76155,0.76187,1.00,1.37
2015.04.02 18:01:22.086,0.76155,0.76187,1.12,1.37
2015.04.02 18:01:22.189,0.76155,0.76187,1.37,1.00
2015.04.02 18:01:22.258,0.76158,0.7619,1.00,1.37
2015.04.02 18:01:22.828,0.76159,0.76191,1.00,1.37
2015.04.02 18:01:28.090,0.76156,0.76188,1.00,1.37
2015.04.02 18:01:30.042,0.76156,0.76188,1.00,1.37
2015.04.02 18:01:30.784,0.76155,0.76187,1.00,1.37
2015.04.02 18:01:31.385,0.76155,0.76187,1.00,1.37
2015.04.02 18:01:31.757,0.76158,0.7619,1.00,1.37
2015.04.02 18:01:43.395,0.76158,0.7619,1.00,1.37
2015.04.02 18:01:43.798,0.76158,0.7619,1.00,1.37
2015.04.02 18:01:44.146,0.7616,0.76192,1.00,1.37
2015.04.02 18:01:44.817,0.76161,0.76193,1.00,1.37
2015.04.02 18:01:46.219,0.76161,0.76193,1.00,1.37
2015.04.02 18:01:47.665,0.76161,0.76193,1.00,1.75
2015.04.02 18:01:47.716,0.76155,0.76187,1.00,1.37
2015.04.02 18:01:47.766,0.76155,0.76187,1.00,1.37
2015.04.02 18:01:47.816,0.76152,0.76186,1.00,1.37
2015.04.02 18:01:47.867,0.76152,0.76185,1.00,1.50
2015.04.02 18:01:47.967,0.76151,0.76183,1.37,1.37
2015.04.02 18:01:48.439,0.76151,0.76183,1.00,1.37
2015.04.02 18:01:48.547,0.76149,0.76181,1.00,1.37
2015.04.02 18:01:48.765,0.76149,0.76181,1.00,1.37
2015.04.02 18:01:48.815,0.76146,0.7618,1.12,1.37
2015.04.02 18:01:50.078,0.76146,0.7618,1.00,1.50
2015.04.02 18:01:50.641,0.76147,0.76179,1.00,1.37
2015.04.02 18:01:50.859,0.76148,0.76182,1.00,1.37
2015.04.02 18:01:51.536,0.76148,0.76182,1.00,1.50
2015.04.02 18:01:52.370,0.76148,0.76182,1.00,1.37
2015.04.02 18:01:52.420,0.76143,0.76177,1.37,1.00
2015.04.02 18:01:52.875,0.76143,0.76177,1.75,1.00
2015.04.02 18:01:54.316,0.76145,0.76177,1.75,1.00
2015.04.02 18:01:54.417,0.7615,0.76182,1.50,1.00
2015.04.02 18:01:54.587,0.7615,0.76182,1.37,1.00
2015.04.02 18:01:54.637,0.76148,0.7618,1.37,1.00
2015.04.02 18:01:54.940,0.76151,0.76183,1.37,1.00
2015.04.02 18:01:55.041,0.7615,0.76184,1.75,1.00
2015.04.02 18:01:55.092,0.7615,0.76184,1.00,1.00
2015.04.02 18:01:55.193,0.76153,0.76185,1.00,1.00
2015.04.02 18:01:55.705,0.76151,0.76183,1.00,1.00
2015.04.02 18:01:56.059,0.76151,0.76183,1.50,1.00
2015.04.02 18:01:56.309,0.76151,0.76183,1.37,1.00
2015.04.02 18:01:56.466,0.76149,0.76181,1.50,1.00
2015.04.02 18:01:57.297,0.76149,0.76181,1.37,1.00
2015.04.02 18:01:58.018,0.76149,0.76181,1.50,1.00
2015.04.02 18:01:58.236,0.76149,0.76183,1.37,1.00
2015.04.02 18:01:58.821,0.76149,0.76183,1.75,1.00
2015.04.02 18:01:58.887,0.76152,0.76186,1.50,1.00
2015.04.02 18:01:59.064,0.76155,0.76186,1.75,1.00
2015.04.02 18:01:59.114,0.76157,0.76189,1.37,1.00
2015.04.02 18:01:59.328,0.76159,0.76191,1.37,1.00
2015.04.02 18:01:59.436,0.76159,0.76191,1.50,1.00
2015.04.02 18:01:59.937,0.76156,0.7619,1.75,1.00
2015.04.02 18:01:59.987,0.76159,0.76193,1.50,1.00
2015.04.02 18:02:00.215,0.76158,0.7619,1.75,1.00
2015.04.02 18:02:00.648,0.76157,0.76189,1.37,1.00
2015.04.02 18:02:00.805,0.76154,0.76186,1.37,1.00
2015.04.02 18:02:01.244,0.76154,0.76186,1.75,1.00
2015.04.02 18:02:01.840,0.76154,0.76186,1.37,1.00
2015.04.02 18:02:02.186,0.7615,0.76184,3.00,1.00
2015.04.02 18:02:02.243,0.7615,0.76184,3.00,1.00
2015.04.02 18:02:02.846,0.7615,0.76184,1.50,1.00
2015.04.02 18:02:02.896,0.76149,0.76181,1.75,1.00
2015.04.02 18:02:03.949,0.76149,0.76181,1.50,1.00
2015.04.02 18:02:04.166,0.76147,0.76181,1.50,1.00
2015.04.02 18:02:04.395,0.76144,0.76176,1.50,1.00
2015.04.02 18:02:04.959,0.76144,0.76176,1.37,1.00
2015.04.02 18:02:05.492,0.76141,0.76173,1.75,1.00
2015.04.02 18:02:06.761,0.76141,0.76173,1.50,1.00
2015.04.02 18:02:07.138,0.76139,0.76171,1.75,1.00
2015.04.02 18:02:07.749,0.76137,0.76171,1.75,1.00
2015.04.02 18:02:08.176,0.76139,0.76171,1.75,1.00
2015.04.02 18:02:08.276,0.76146,0.76178,1.37,1.00
2015.04.02 18:02:08.327,0.76146,0.76178,1.37,1.00
2015.04.02 18:02:08.726,0.76147,0.76179,1.37,1.00
2015.04.02 18:02:08.786,0.76147,0.76181,1.37,1.00
2015.04.02 18:02:09.124,0.76147,0.76181,1.75,1.00
2015.04.02 18:02:09.596,0.76152,0.76184,1.37,1.00
2015.04.02 18:02:09.697,0.76152,0.76184,1.37,1.00
2015.04.02 18:02:09.886,0.76154,0.76188,1.50,1.00
2015.04.02 18:02:09.987,0.76154,0.76188,1.75,1.00
2015.04.02 18:02:10.217,0.76156,0.76188,1.37,1.00
2015.04.02 18:02:11.046,0.76155,0.76187,1.37,1.00
2015.04.02 18:02:11.597,0.76155,0.76187,1.37,1.00
2015.04.02 18:02:11.984,0.76151,0.76183,1.50,1.00
2015.04.02 18:02:12.086,0.76153,0.76185,1.37,1.00
2015.04.02 18:02:14.024,0.76153,0.76185,1.75,1.00
2015.04.02 18:02:14.074,0.76155,0.76187,1.37,1.00
2015.04.02 18:02:14.617,0.76155,0.76187,1.37,1.00
2015.04.02 18:02:15.077,0.76156,0.7619,1.37,1.12
2015.04.02 18:02:15.395,0.76156,0.76188,1.37,1.00
2015.04.02 18:02:16.325,0.76156,0.76188,1.37,1.00
2015.04.02 18:02:18.500,0.76157,0.76189,1.12,1.00
2015.04.02 18:02:18.814,0.76158,0.76192,1.50,1.00
2015.04.02 18:02:20.384,0.76158,0.76192,1.75,1.00
2015.04.02 18:02:21.064,0.76158,0.76192,1.50,1.00
2015.04.02 18:02:21.542,0.76158,0.76192,1.37,1.00
2015.04.02 18:02:25.150,0.76158,0.76192,1.37,1.00
2015.04.02 18:02:25.335,0.76158,0.7619,1.37,1.00
2015.04.02 18:02:25.853,0.76155,0.76189,1.50,1.00
2015.04.02 18:02:26.165,0.76155,0.76189,1.37,1.37
2015.04.02 18:02:26.215,0.76153,0.76185,1.37,1.00
2015.04.02 18:02:26.384,0.76153,0.76185,1.37,1.37
2015.04.02 18:02:27.464,0.76149,0.76183,1.37,1.00
2015.04.02 18:02:28.271,0.76152,0.76184,1.37,1.00
2015.04.02 18:02:32.887,0.76152,0.76184,1.37,1.00
2015.04.02 18:02:32.987,0.76152,0.76186,1.37,1.00
2015.04.02 18:02:33.424,0.76152,0.76186,1.75,1.00
2015.04.02 18:02:34.123,0.76155,0.76187,1.37,1.00
2015.04.02 18:02:36.396,0.76153,0.76185,1.50,1.00
2015.04.02 18:02:37.334,0.76151,0.76185,1.75,1.00
2015.04.02 18:02:37.907,0.76152,0.76184,1.37,1.00
2015.04.02 18:02:38.077,0.7615,0.76182,1.75,1.00
2015.04.02 18:02:38.127,0.7615,0.76182,1.37,1.00
2015.04.02 18:02:39.475,0.76149,0.76181,1.37,1.00
2015.04.02 18:02:40.905,0.7615,0.76182,1.87,1.00
2015.04.02 18:02:40.959,0.7615,0.76182,3.00,1.00
2015.04.02 18:02:47.059,0.7615,0.76182,1.37,1.00
2015.04.02 18:02:48.548,0.7615,0.76182,1.50,1.00
2015.04.02 18:02:49.925,0.76152,0.76184,1.37,1.00
2015.04.02 18:02:49.975,0.76152,0.76184,1.50,1.00
2015.04.02 18:02:53.579,0.76152,0.76184,1.75,1.00
2015.04.02 18:02:54.163,0.76155,0.76185,1.37,1.00
2015.04.02 18:02:56.688,0.76155,0.76185,1.37,1.00
2015.04.02 18:02:56.785,0.76155,0.76189,1.87,1.12
2015.04.02 18:02:56.835,0.76155,0.76189,3.00,1.00
2015.04.02 18:02:56.886,0.76159,0.76191,1.50,1.00
2015.04.02 18:02:56.986,0.76161,0.76193,1.37,1.00
2015.04.02 18:02:57.196,0.76164,0.76196,1.50,1.00
2015.04.02 18:02:57.297,0.76166,0.76198,1.00,1.00
2015.04.02 18:02:57.848,0.76165,0.76197,1.50,1.00
2015.04.02 18:02:58.235,0.76162,0.76194,1.00,1.00
2015.04.02 18:03:00.122,0.76162,0.76194,1.37,1.00
2015.04.02 18:03:01.027,0.76162,0.76194,1.75,1.00
2015.04.02 18:03:01.198,0.76165,0.76197,1.37,1.00
2015.04.02 18:03:01.249,0.76165,0.76197,1.37,1.12
2015.04.02 18:03:01.307,0.76161,0.76195,1.50,1.00
2015.04.02 18:03:01.468,0.76166,0.76198,1.00,1.00
2015.04.02 18:03:01.655,0.76163,0.76197,1.00,1.00
2015.04.02 18:03:01.768,0.76161,0.76193,1.00,1.00
2015.04.02 18:03:02.737,0.7616,0.76192,1.50,1.00
2015.04.02 18:03:03.403,0.7616,0.76192,1.37,1.00
2015.04.02 18:03:05.688,0.7616,0.76192,1.37,1.00
2015.04.02 18:03:06.713,0.7616,0.76192,1.37,1.00
2015.04.02 18:03:07.483,0.76153,0.76185,1.75,1.00
2015.04.02 18:03:07.533,0.76153,0.76185,1.37,1.00
2015.04.02 18:03:07.583,0.7615,0.76183,1.50,1.00
2015.04.02 18:03:07.696,0.7615,0.76183,1.00,1.00
2015.04.02 18:03:08.034,0.76152,0.76184,1.00,1.00
2015.04.02 18:03:08.503,0.76152,0.76184,1.37,1.00
2015.04.02 18:03:10.883,0.76155,0.76184,1.00,1.00
2015.04.02 18:03:11.097,0.76155,0.76186,1.00,1.00
2015.04.02 18:03:11.147,0.76155,0.76186,1.50,1.00
2015.04.02 18:03:11.206,0.76157,0.76189,1.37,1.00
2015.04.02 18:03:11.257,0.7616,0.76189,1.37,1.00
2015.04.02 18:03:11.435,0.7616,0.7619,1.12,1.00
2015.04.02 18:03:16.188,0.76159,0.76187,1.12,1.00
2015.04.02 18:03:16.340,0.76155,0.76187,1.87,1.00
2015.04.02 18:03:16.390,0.76153,0.76185,1.37,1.00
2015.04.02 18:03:16.441,0.76153,0.76185,1.37,1.00
2015.04.02 18:03:17.402,0.76152,0.76184,1.37,1.00
2015.04.02 18:03:19.803,0.7616,0.7619,1.37,1.00
2015.04.02 18:03:20.563,0.76158,0.7619,1.37,1.00
2015.04.02 18:03:20.662,0.76158,0.7619,1.37,1.37
2015.04.02 18:03:20.712,0.76155,0.76187,1.87,1.00
2015.04.02 18:03:21.214,0.76154,0.76186,1.50,1.00
2015.04.02 18:03:22.367,0.76155,0.76186,1.50,1.00
2015.04.02 18:03:22.873,0.76155,0.76187,3.00,1.00
2015.04.02 18:03:24.578,0.76155,0.76187,1.37,1.00
2015.04.02 18:03:24.735,0.7616,0.76189,1.12,1.00
2015.04.02 18:03:29.000,0.76157,0.76189,1.37,1.00
2015.04.02 18:03:30.052,0.76157,0.76189,1.37,1.00
2015.04.02 18:03:30.124,0.76155,0.76186,1.50,1.00
2015.04.02 18:03:31.110,0.76155,0.76186,1.75,1.00
2015.04.02 18:03:31.912,0.76155,0.76186,1.50,1.00
2015.04.02 18:03:37.147,0.76155,0.76186,1.37,1.00
2015.04.02 18:03:38.026,0.76154,0.76186,1.87,1.00
2015.04.02 18:03:38.844,0.76151,0.76185,1.75,1.00
2015.04.02 18:03:40.372,0.76145,0.76178,1.75,1.00
2015.04.02 18:03:40.440,0.76145,0.76178,1.37,1.00
2015.04.02 18:03:40.491,0.76145,0.76175,1.37,1.00
2015.04.02 18:03:40.965,0.76143,0.76175,1.37,1.12
2015.04.02 18:03:41.015,0.76141,0.76173,1.37,1.00
2015.04.02 18:03:41.352,0.7614,0.76171,1.37,1.00
2015.04.02 18:03:41.749,0.7614,0.76171,1.37,1.00
2015.04.02 18:03:42.152,0.76138,0.7617,1.37,1.12
2015.04.02 18:03:42.227,0.76135,0.76166,1.50,1.00
2015.04.02 18:03:42.277,0.76132,0.76166,1.37,1.12
2015.04.02 18:03:42.336,0.7613,0.7616,1.37,1.00
2015.04.02 18:03:42.505,0.7613,0.7616,1.37,1.00
2015.04.02 18:03:43.013,0.76135,0.7616,1.12,1.00
2015.04.02 18:03:43.216,0.76135,0.76164,1.00,1.00
2015.04.02 18:03:43.343,0.76135,0.76166,1.00,1.00
2015.04.02 18:03:43.892,0.76135,0.76166,1.37,1.00
2015.04.02 18:03:45.614,0.76135,0.76167,3.00,1.00
2015.04.02 18:03:45.664,0.76139,0.76171,1.37,1.00
2015.04.02 18:03:45.715,0.76139,0.76171,1.50,1.00
2015.04.02 18:03:46.057,0.76142,0.76176,1.37,1.00
2015.04.02 18:03:46.422,0.76144,0.76176,1.37,1.00
2015.04.02 18:03:46.528,0.76146,0.76178,1.37,1.00
2015.04.02 18:03:46.590,0.76146,0.76178,1.37,1.00
2015.04.02 18:03:47.392,0.76146,0.76178,1.50,1.00
2015.04.02 18:03:47.543,0.76147,0.76181,1.50,1.00
2015.04.02 18:03:48.114,0.76147,0.76181,1.75,1.00
2015.04.02 18:03:52.513,0.76147,0.76181,1.75,1.00
2015.04.02 18:03:52.913,0.76155,0.76187,1.00,1.37
2015.04.02 18:03:52.964,0.76155,0.76187,1.37,1.00
2015.04.02 18:03:53.014,0.76157,0.76189,1.37,1.12
2015.04.02 18:03:53.118,0.76157,0.76189,1.37,1.00
2015.04.02 18:03:54.147,0.76158,0.7619,1.37,1.00
2015.04.02 18:03:54.425,0.76164,0.762,1.50,1.12
2015.04.02 18:03:55.327,0.76166,0.762,1.37,1.00
2015.04.02 18:03:56.304,0.76166,0.76198,1.37,1.00
2015.04.02 18:03:56.458,0.76166,0.76198,1.37,1.00
2015.04.02 18:03:57.332,0.76163,0.76197,1.50,1.00
2015.04.02 18:03:59.275,0.76166,0.76198,1.37,1.00
2015.04.02 18:03:59.955,0.76168,0.762,1.37,1.00
2015.04.02 18:04:00.302,0.76168,0.762,1.37,1.00
2015.04.02 18:04:02.263,0.76166,0.76198,1.37,1.12
2015.04.02 18:04:02.373,0.76164,0.76196,1.37,1.00
2015.04.02 18:04:02.545,0.76164,0.76196,1.37,1.00
2015.04.02 18:04:02.728,0.76162,0.76194,1.37,1.00
2015.04.02 18:04:06.443,0.76161,0.76193,1.50,1.00
2015.04.02 18:04:09.161,0.76161,0.76193,1.37,1.00
2015.04.02 18:04:11.502,0.76159,0.76191,1.50,1.00
2015.04.02 18:04:11.612,0.76157,0.76189,1.37,1.00
2015.04.02 18:04:11.668,0.76157,0.76189,1.37,1.37
2015.04.02 18:04:11.718,0.76154,0.76186,1.37,1.00
2015.04.02 18:04:12.070,0.76154,0.76186,1.37,1.00
2015.04.02 18:04:12.171,0.76152,0.76184,1.37,1.00
2015.04.02 18:04:13.064,0.76151,0.76183,1.37,1.00
2015.04.02 18:04:17.693,0.76151,0.76183,1.75,1.00
2015.04.02 18:04:18.261,0.76152,0.76184,1.50,1.00
2015.04.02 18:04:18.311,0.76157,0.76189,1.37,1.00
2015.04.02 18:04:18.922,0.76157,0.76189,1.37,1.00
2015.04.02 18:04:19.624,0.76155,0.76187,1.37,1.00
2015.04.02 18:04:21.006,0.76155,0.76187,1.37,1.00
2015.04.02 18:04:23.161,0.76153,0.76185,1.37,1.00
2015.04.02 18:04:23.552,0.76151,0.76183,1.50,1.00
2015.04.02 18:04:23.616,0.76151,0.76183,1.37,1.00
2015.04.02 18:04:26.572,0.76149,0.76181,1.50,1.00
2015.04.02 18:04:27.025,0.76148,0.7618,1.37,1.00
2015.04.02 18:04:27.831,0.76148,0.7618,1.75,1.00
2015.04.02 18:04:28.344,0.76149,0.76181,1.75,1.00
2015.04.02 18:04:28.444,0.76152,0.76184,1.75,1.00
2015.04.02 18:04:28.552,0.76155,0.76187,1.37,1.00
2015.04.02 18:04:30.347,0.76155,0.76187,1.37,1.00
2015.04.02 18:04:31.372,0.76155,0.76187,1.12,1.00
2015.04.02 18:04:32.022,0.76152,0.76186,1.37,1.00
2015.04.02 18:04:33.076,0.76153,0.76185,1.50,1.00
2015.04.02 18:04:35.878,0.76153,0.76185,1.75,1.00
2015.04.02 18:04:36.079,0.76154,0.76188,1.75,1.00
2015.04.02 18:04:41.423,0.76154,0.76188,1.75,1.00
2015.04.02 18:04:42.253,0.76157,0.76189,1.50,1.00
2015.04.02 18:04:46.413,0.76157,0.76189,1.37,1.00
2015.04.02 18:04:46.513,0.76153,0.76185,1.75,1.00
2015.04.02 18:04:46.619,0.76153,0.76185,1.37,1.00
2015.04.02 18:04:47.533,0.76152,0.76184,1.37,1.00
2015.04.02 18:04:54.164,0.7615,0.76182,1.75,1.00
2015.04.02 18:05:00.895,0.76149,0.76181,3.00,1.00
2015.04.02 18:05:02.478,0.76155,0.76181,1.37,1.00
2015.04.02 18:05:02.652,0.76151,0.76185,1.50,1.00
2015.04.02 18:05:04.192,0.76154,0.76186,3.00,1.00
2015.04.02 18:05:06.392,0.76154,0.76186,1.37,1.00
2015.04.02 18:05:06.885,0.76153,0.76185,1.75,1.00
2015.04.02 18:05:11.097,0.76153,0.76185,1.75,1.00
2015.04.02 18:05:12.224,0.76155,0.76186,1.75,1.00
2015.04.02 18:05:13.284,0.76154,0.76186,1.75,1.00
2015.04.02 18:05:15.700,0.76158,0.7619,1.50,1.00
2015.04.02 18:05:16.242,0.76158,0.7619,1.75,1.00
2015.04.02 18:05:18.035,0.76159,0.76191,1.50,1.00
2015.04.02 18:05:19.265,0.76159,0.76191,1.75,1.00
2015.04.02 18:05:19.483,0.76161,0.76193,1.37,1.00
2015.04.02 18:05:19.813,0.76157,0.76191,1.75,1.00
2015.04.02 18:05:20.434,0.76157,0.76191,1.37,1.00
2015.04.02 18:05:20.803,0.76157,0.76189,1.37,1.00
2015.04.02 18:05:28.064,0.7616,0.76192,1.75,1.00
2015.04.02 18:05:28.172,0.76162,0.76194,1.75,1.00
2015.04.02 18:05:30.152,0.76164,0.76198,1.75,1.00
2015.04.02 18:05:31.367,0.76165,0.76198,1.37,1.00
2015.04.02 18:05:33.343,0.76168,0.762,1.37,1.00
2015.04.02 18:05:34.580,0.76168,0.762,1.37,1.00
2015.04.02 18:05:35.102,0.76168,0.762,1.37,1.00
2015.04.02 18:05:37.088,0.76168,0.762,1.37,1.00
2015.04.02 18:05:37.692,0.76168,0.762,1.37,1.00
2015.04.02 18:05:38.509,0.76168,0.762,1.50,1.00
2015.04.02 18:05:39.996,0.76168,0.762,1.37,1.00
2015.04.02 18:05:40.506,0.76168,0.762,1.75,1.00
2015.04.02 18:05:40.598,0.76168,0.762,1.37,1.00
2015.04.02 18:05:41.512,0.76168,0.762,1.50,1.00
2015.04.02 18:05:42.908,0.76168,0.762,1.37,1.00
2015.04.02 18:05:43.115,0.76169,0.76203,1.12,1.00
2015.04.02 18:05:44.231,0.76168,0.762,1.37,1.00
2015.04.02 18:05:46.825,0.76168,0.762,1.50,1.00
2015.04.02 18:05:48.836,0.76169,0.76201,1.37,1.00
2015.04.02 18:05:54.224,0.76167,0.76199,1.75,1.00
2015.04.02 18:05:54.571,0.76165,0.76199,3.00,1.00
2015.04.02 18:05:55.434,0.76165,0.76197,1.50,1.00
2015.04.02 18:05:55.782,0.76167,0.76199,1.37,1.00
2015.04.02 18:05:56.355,0.76164,0.76198,1.75,1.00
2015.04.02 18:05:58.768,0.76165,0.76198,1.37,1.12
2015.04.02 18:05:58.869,0.76162,0.76194,1.75,1.00
2015.04.02 18:05:58.919,0.76162,0.76194,1.37,1.00
2015.04.02 18:05:59.082,0.7616,0.76192,3.00,1.00
2015.04.02 18:05:59.702,0.7616,0.76192,1.37,1.00
2015.04.02 18:06:01.303,0.76157,0.76191,1.75,1.00
2015.04.02 18:06:13.511,0.76157,0.76191,1.75,1.00
2015.04.02 18:06:13.612,0.76166,0.76198,1.75,1.00
2015.04.02 18:06:13.712,0.76169,0.76198,1.37,1.00
2015.04.02 18:06:13.813,0.76165,0.76194,1.37,1.00
2015.04.02 18:06:13.913,0.76162,0.76194,1.00,1.00
2015.04.02 18:06:13.964,0.76159,0.76191,1.00,1.00
2015.04.02 18:06:14.027,0.76156,0.7619,1.37,1.00
2015.04.02 18:06:14.174,0.7616,0.7619,1.00,1.00
2015.04.02 18:06:14.736,0.7616,0.7619,1.37,1.00
2015.04.02 18:06:15.563,0.7616,0.76192,1.87,1.00
2015.04.02 18:06:19.523,0.7616,0.7619,1.37,1.00
2015.04.02 18:06:53.417,0.76158,0.7619,1.37,1.00
2015.04.02 18:06:53.618,0.76158,0.7619,1.00,1.37
2015.04.02 18:06:53.719,0.76158,0.7619,1.00,1.75
2015.04.02 18:06:53.769,0.7615,0.76182,1.87,1.00
2015.04.02 18:06:53.869,0.76146,0.76178,1.50,1.00
2015.04.02 18:06:54.211,0.76145,0.76176,1.75,1.00
2015.04.02 18:06:58.662,0.76145,0.76176,1.50,1.00
2015.04.02 18:06:59.270,0.76145,0.76175,1.50,1.00
2015.04.02 18:07:00.445,0.76145,0.76176,1.50,1.00
2015.04.02 18:07:03.743,0.76145,0.76176,1.75,1.00
2015.04.02 18:07:03.793,0.76146,0.76178,1.75,1.00
2015.04.02 18:07:20.684,0.76147,0.76179,1.50,1.00
2015.04.02 18:07:25.083,0.76148,0.7618,1.37,1.00
2015.04.02 18:07:26.111,0.7615,0.7618,1.37,1.00
2015.04.02 18:07:26.419,0.76153,0.76185,1.50,1.00
2015.04.02 18:07:28.623,0.76153,0.76185,1.37,1.00
2015.04.02 18:07:29.355,0.76153,0.76185,1.37,1.00
2015.04.02 18:07:37.762,0.76153,0.76185,1.75,1.00
2015.04.02 18:07:38.080,0.76156,0.7619,1.75,1.00
2015.04.02 18:07:38.180,0.7616,0.76192,3.00,1.00
2015.04.02 18:07:38.421,0.76162,0.76194,1.50,1.00
2015.04.02 18:07:39.019,0.76163,0.76195,1.37,1.00
2015.04.02 18:07:39.171,0.76163,0.76195,1.00,1.00
2015.04.02 18:07:39.603,0.76161,0.76193,1.00,1.00
2015.04.02 18:07:40.410,0.76161,0.76193,1.37,1.00
2015.04.02 18:07:40.511,0.76161,0.76193,1.37,1.00
2015.04.02 18:07:40.612,0.76161,0.76193,1.75,1.00
2015.04.02 18:07:40.712,0.76165,0.76196,1.37,1.00
2015.04.02 18:07:40.969,0.76166,0.76198,1.37,1.00
2015.04.02 18:07:41.509,0.76166,0.76198,1.37,1.00
2015.04.02 18:07:42.196,0.76166,0.76198,1.37,1.00
2015.04.02 18:07:44.213,0.76166,0.76198,1.37,1.00
2015.04.02 18:07:44.333,0.76165,0.76196,1.37,1.00
2015.04.02 18:07:44.434,0.76165,0.76196,1.12,1.37
2015.04.02 18:07:44.701,0.76159,0.76191,3.00,1.00
2015.04.02 18:07:44.751,0.76159,0.76191,1.87,1.00
2015.04.02 18:07:44.921,0.7616,0.76191,1.50,1.00
2015.04.02 18:07:46.079,0.76165,0.76192,1.37,1.00
2015.04.02 18:07:49.039,0.76165,0.76192,1.37,1.00
2015.04.02 18:07:49.442,0.76164,0.76194,1.37,1.00
2015.04.02 18:07:50.129,0.76165,0.76194,1.37,1.00
2015.04.02 18:07:50.344,0.76165,0.76194,1.75,1.00
2015.04.02 18:07:52.472,0.76165,0.76196,1.75,1.00
2015.04.02 18:07:52.724,0.76166,0.76198,1.50,1.00
2015.04.02 18:07:53.464,0.76166,0.76198,1.75,1.00
2015.04.02 18:07:53.702,0.76167,0.76199,1.75,1.00
2015.04.02 18:07:54.036,0.7617,0.76202,1.37,1.00
2015.04.02 18:07:54.570,0.7617,0.76202,1.50,1.00
2015.04.02 18:07:55.975,0.7617,0.76202,1.75,1.00
2015.04.02 18:07:56.311,0.7617,0.76202,1.37,1.00
2015.04.02 18:07:56.678,0.7617,0.76202,1.75,1.00
2015.04.02 18:07:57.989,0.7617,0.76202,1.50,1.00
2015.04.02 18:07:58.693,0.7617,0.76202,1.37,1.00
2015.04.02 18:07:59.222,0.7617,0.76202,1.50,1.00
2015.04.02 18:07:59.769,0.76172,0.76204,1.37,1.00
2015.04.02 18:08:05.431,0.76172,0.76204,1.37,1.00
2015.04.02 18:08:06.640,0.76172,0.76204,1.75,1.00
2015.04.02 18:08:06.691,0.76174,0.76208,1.50,1.00
2015.04.02 18:08:06.773,0.76174,0.76206,1.50,1.00
2015.04.02 18:08:07.359,0.76175,0.76206,1.75,1.00
2015.04.02 18:08:09.629,0.76175,0.76206,1.50,1.00
2015.04.02 18:08:10.940,0.76175,0.76206,1.75,1.00
2015.04.02 18:08:11.079,0.76178,0.7621,1.75,1.00
2015.04.02 18:08:11.243,0.7618,0.7621,1.37,1.00
2015.04.02 18:08:11.293,0.7618,0.76208,1.37,1.00
2015.04.02 18:08:11.679,0.76175,0.76207,1.37,1.00
2015.04.02 18:08:11.730,0.76174,0.76205,1.37,1.00
2015.04.02 18:08:13.957,0.76175,0.76205,1.37,1.00
2015.04.02 18:08:14.058,0.76175,0.76205,1.37,1.00
2015.04.02 18:08:14.160,0.76175,0.76205,1.37,1.00
2015.04.02 18:08:16.164,0.76175,0.76205,1.50,1.00
2015.04.02 18:08:16.233,0.76175,0.76207,3.00,1.00
2015.04.02 18:08:16.782,0.76175,0.76206,1.75,1.00
2015.04.02 18:08:16.908,0.76176,0.76208,1.50,1.00
2015.04.02 18:08:16.967,0.76176,0.76208,1.75,1.00
2015.04.02 18:08:17.758,0.7618,0.76208,1.37,1.00
2015.04.02 18:08:21.198,0.7618,0.76211,1.37,1.00
2015.04.02 18:08:21.308,0.7618,0.76208,1.37,1.00
2015.04.02 18:08:21.732,0.7618,0.76206,1.37,1.00
2015.04.02 18:08:24.593,0.7618,0.76206,1.37,1.00
2015.04.02 18:08:28.788,0.76176,0.76208,1.50,1.00
2015.04.02 18:08:29.226,0.76176,0.76208,1.75,1.00
2015.04.02 18:08:35.090,0.76176,0.76208,1.50,1.00
2015.04.02 18:08:40.009,0.76176,0.76208,1.75,1.00
2015.04.02 18:08:43.088,0.76176,0.76208,1.50,1.00
2015.04.02 18:08:47.786,0.76174,0.76208,1.87,1.12
2015.04.02 18:08:47.837,0.76174,0.76206,1.37,1.00
2015.04.02 18:08:48.466,0.76175,0.76203,1.37,1.00
2015.04.02 18:08:52.895,0.76171,0.76203,1.50,1.00
2015.04.02 18:08:53.083,0.7617,0.762,1.75,1.00
2015.04.02 18:08:53.820,0.76168,0.762,1.75,1.00
2015.04.02 18:09:02.248,0.7617,0.76202,1.50,1.00
2015.04.02 18:09:04.544,0.76173,0.76207,1.75,1.00
2015.04.02 18:09:08.618,0.7618,0.76205,1.00,1.00
2015.04.02 18:09:09.217,0.76174,0.76205,1.50,1.00
2015.04.02 18:09:09.909,0.76174,0.76204,1.50,1.00
2015.04.02 18:09:13.381,0.76175,0.76204,1.37,1.00
2015.04.02 18:09:14.239,0.76172,0.76204,1.75,1.00
2015.04.02 18:09:15.632,0.76168,0.762,1.75,1.00
2015.04.02 18:09:15.683,0.76169,0.762,1.75,1.00
2015.04.02 18:09:15.736,0.76169,0.762,1.75,1.00
2015.04.02 18:09:16.037,0.76165,0.76199,3.00,1.00
2015.04.02 18:09:16.292,0.76165,0.76197,3.00,1.00
2015.04.02 18:09:17.259,0.76165,0.76197,3.00,1.00
2015.04.02 18:09:17.309,0.76167,0.76199,1.75,1.00
2015.04.02 18:09:17.359,0.76167,0.76199,1.75,1.00
2015.04.02 18:09:17.410,0.7617,0.76202,1.75,1.00
2015.04.02 18:09:18.309,0.76171,0.76203,1.75,1.00
2015.04.02 18:09:19.408,0.76171,0.76203,1.75,1.00
2015.04.02 18:09:22.951,0.76171,0.76203,1.50,1.00
2015.04.02 18:09:23.002,0.7617,0.76201,1.75,1.00
2015.04.02 18:09:23.367,0.7617,0.76201,1.75,1.00
2015.04.02 18:09:24.454,0.7617,0.76202,3.00,1.00
2015.04.02 18:09:30.668,0.7617,0.76202,1.87,1.00
2015.04.02 18:09:30.719,0.7617,0.76199,1.37,1.00
2015.04.02 18:09:30.769,0.76167,0.76199,1.37,1.00
2015.04.02 18:09:30.819,0.76164,0.76194,1.75,1.00
2015.04.02 18:09:30.870,0.76165,0.76194,1.37,1.00
2015.04.02 18:09:30.957,0.7617,0.76194,1.00,1.00
2015.04.02 18:09:31.287,0.76164,0.76194,1.37,1.00
2015.04.02 18:09:31.365,0.76164,0.76194,1.37,1.00
2015.04.02 18:09:31.487,0.76164,0.76192,1.37,1.00
2015.04.02 18:09:32.166,0.76164,0.76192,1.00,1.00
2015.04.02 18:09:32.291,0.7616,0.76191,1.12,1.00
2015.04.02 18:09:32.351,0.7616,0.76188,1.12,1.00
2015.04.02 18:09:32.902,0.7616,0.76189,1.37,1.00
2015.04.02 18:09:39.275,0.76159,0.76189,1.50,1.00
2015.04.02 18:09:41.898,0.76157,0.76189,1.50,1.00
2015.04.02 18:09:42.681,0.76157,0.76189,1.75,1.00
2015.04.02 18:09:52.517,0.7616,0.76189,1.50,1.00
2015.04.02 18:09:58.838,0.76157,0.76189,1.75,1.00
2015.04.02 18:10:00.927,0.76157,0.76189,1.75,1.00
2015.04.02 18:10:02.838,0.76159,0.76191,1.37,1.00
2015.04.02 18:10:03.521,0.76159,0.76191,1.37,1.00
2015.04.02 18:10:03.702,0.76157,0.76189,1.50,1.00
2015.04.02 18:10:05.920,0.76154,0.76188,1.75,1.00
2015.04.02 18:10:06.490,0.76157,0.76189,1.50,1.00
2015.04.02 18:10:09.328,0.76157,0.76189,1.37,1.00
2015.04.02 18:10:09.378,0.76153,0.76185,1.50,1.00
2015.04.02 18:10:10.009,0.76151,0.76185,1.75,1.00
2015.04.02 18:10:11.622,0.76149,0.76181,3.00,1.00
2015.04.02 18:10:12.371,0.76149,0.76181,1.75,1.00
2015.04.02 18:10:12.422,0.76147,0.76179,1.75,1.00
2015.04.02 18:10:12.638,0.76147,0.76179,1.37,1.00
2015.04.02 18:10:12.739,0.76145,0.76175,1.75,1.00
2015.04.02 18:10:13.258,0.76145,0.76175,1.50,1.00
2015.04.02 18:10:13.760,0.76145,0.76174,1.50,1.00
2015.04.02 18:10:18.460,0.76145,0.76174,1.75,1.00
2015.04.02 18:10:18.568,0.76145,0.76177,1.75,1.00
2015.04.02 18:10:19.449,0.76145,0.76173,1.75,1.00
2015.04.02 18:10:19.499,0.76145,0.76173,1.00,1.00
2015.04.02 18:10:19.549,0.76145,0.7617,1.00,1.00
2015.04.02 18:10:20.769,0.76145,0.7617,1.37,1.00
2015.04.02 18:10:21.408,0.76145,0.7617,1.12,1.00
2015.04.02 18:10:22.072,0.76145,0.76169,1.12,1.00
2015.04.02 18:10:22.879,0.76145,0.7617,1.12,1.00
2015.04.02 18:10:24.054,0.76145,0.76172,1.12,1.00
2015.04.02 18:10:24.215,0.7615,0.76173,1.00,1.00
2015.04.02 18:10:24.860,0.76145,0.76173,1.00,1.00
2015.04.02 18:10:25.110,0.76149,0.76173,1.00,1.00
2015.04.02 18:10:25.685,0.76149,0.76173,1.37,1.00
2015.04.02 18:10:28.452,0.7615,0.76172,1.00,1.00
2015.04.02 18:10:29.003,0.7615,0.76173,1.00,1.00
2015.04.02 18:10:29.178,0.76145,0.76169,1.12,1.00
2015.04.02 18:10:29.278,0.7614,0.76169,1.00,1.00
2015.04.02 18:10:29.379,0.7614,0.76165,1.00,1.00
2015.04.02 18:10:29.714,0.76134,0.76162,1.00,1.00
2015.04.02 18:10:29.920,0.76129,0.76161,1.87,1.00
2015.04.02 18:10:30.030,0.76135,0.76161,1.00,1.00
2015.04.02 18:10:30.154,0.7613,0.76159,1.12,1.00
2015.04.02 18:10:30.800,0.76135,0.76159,1.00,1.00
2015.04.02 18:10:30.908,0.7613,0.76159,1.12,1.00
2015.04.02 18:10:31.597,0.7613,0.7616,1.37,1.00
2015.04.02 18:10:31.898,0.7613,0.7616,1.37,1.00
2015.04.02 18:10:32.083,0.7613,0.76158,1.37,1.00
2015.04.02 18:10:32.397,0.76135,0.76158,1.00,1.00
2015.04.02 18:10:32.668,0.7613,0.76158,1.37,1.00
2015.04.02 18:10:32.781,0.76135,0.76158,1.00,1.00
2015.04.02 18:10:33.072,0.76135,0.7616,1.37,1.00
2015.04.02 18:10:34.702,0.76134,0.7616,1.37,1.00
2015.04.02 18:10:38.917,0.76135,0.7616,1.00,1.00
2015.04.02 18:10:39.137,0.76135,0.76158,1.00,1.00
2015.04.02 18:10:41.103,0.76135,0.76161,1.00,1.00
2015.04.02 18:10:41.313,0.76135,0.76161,1.37,1.00
2015.04.02 18:10:41.688,0.7614,0.76163,1.00,1.00
2015.04.02 18:10:43.009,0.76134,0.76163,1.37,1.00
2015.04.02 18:10:43.082,0.76134,0.76165,1.37,1.00
2015.04.02 18:10:43.341,0.7614,0.76165,1.00,1.00
2015.04.02 18:10:44.879,0.76139,0.76165,1.00,1.00
2015.04.02 18:10:45.843,0.7614,0.76165,1.00,1.00
2015.04.02 18:10:46.969,0.76135,0.76165,1.37,1.00
2015.04.02 18:10:47.628,0.76139,0.76165,1.00,1.00
2015.04.02 18:10:47.738,0.76135,0.76165,1.37,1.00
2015.04.02 18:10:48.398,0.7614,0.76165,1.00,1.00
2015.04.02 18:10:48.523,0.7614,0.76167,1.00,1.00
2015.04.02 18:10:49.278,0.76134,0.76162,1.37,1.00
2015.04.02 18:10:49.462,0.76134,0.76165,1.75,1.00
2015.04.02 18:10:50.107,0.76135,0.76166,1.50,1.00
2015.04.02 18:10:56.640,0.76134,0.76166,3.00,1.00
2015.04.02 18:10:56.847,0.76134,0.76166,1.37,1.00
2015.04.02 18:10:57.052,0.76134,0.76163,1.37,1.00
2015.04.02 18:11:00.153,0.76135,0.76163,1.37,1.00
2015.04.02 18:11:00.678,0.76134,0.76163,1.37,1.00
2015.04.02 18:11:02.176,0.76135,0.76165,1.37,1.00
2015.04.02 18:11:03.598,0.76135,0.76165,1.37,1.00
2015.04.02 18:11:03.651,0.76135,0.76165,1.50,1.00
2015.04.02 18:11:03.872,0.76136,0.76168,1.37,1.00
2015.04.02 18:11:03.997,0.76135,0.76166,1.50,1.00
2015.04.02 18:11:04.152,0.76135,0.76166,1.37,1.00
2015.04.02 18:11:04.202,0.76135,0.76164,1.37,1.00
2015.04.02 18:11:04.643,0.7613,0.76162,1.75,1.00
2015.04.02 18:11:05.487,0.7613,0.76162,3.00,1.00
2015.04.02 18:11:06.256,0.7613,0.76162,3.00,1.00
2015.04.02 18:11:07.674,0.7613,0.76162,3.00,1.00
2015.04.02 18:11:09.461,0.7613,0.76162,3.00,1.00
2015.04.02 18:11:10.142,0.76132,0.76164,1.75,1.00
2015.04.02 18:11:14.207,0.76132,0.76164,1.75,1.00
2015.04.02 18:11:14.257,0.76135,0.76166,1.37,1.00
2015.04.02 18:11:15.206,0.76134,0.76166,3.00,1.00
2015.04.02 18:11:31.042,0.76139,0.76167,1.37,1.00
2015.04.02 18:11:32.873,0.76139,0.76167,1.00,1.00
2015.04.02 18:11:33.022,0.76139,0.76165,1.00,1.00
2015.04.02 18:11:33.579,0.7614,0.76165,1.00,1.00
2015.04.02 18:11:46.807,0.76134,0.76165,1.37,1.00
2015.04.02 18:11:52.482,0.76135,0.76165,1.50,1.00
2015.04.02 18:11:53.585,0.76135,0.76165,1.37,1.00
2015.04.02 18:11:54.118,0.76135,0.76165,1.37,1.00
2015.04.02 18:11:54.219,0.76135,0.76164,1.12,1.00
2015.04.02 18:11:54.269,0.76135,0.7616,1.12,1.00
2015.04.02 18:11:57.637,0.76135,0.7616,1.37,1.00
2015.04.02 18:11:57.687,0.76135,0.76163,1.37,1.00
2015.04.02 18:11:57.897,0.76135,0.76163,1.37,1.00
2015.04.02 18:12:00.989,0.76133,0.76167,1.50,1.00
2015.04.02 18:12:02.411,0.76133,0.76167,1.75,1.00
2015.04.02 18:12:02.722,0.76131,0.76165,1.75,1.00
2015.04.02 18:12:03.475,0.76134,0.76166,1.50,1.00
2015.04.02 18:12:05.425,0.76135,0.76166,1.50,1.00
2015.04.02 18:12:09.850,0.76135,0.76166,1.37,1.00
2015.04.02 18:12:09.950,0.76138,0.7617,1.50,1.00
2015.04.02 18:12:10.051,0.76137,0.76169,1.37,1.00
2015.04.02 18:12:10.296,0.76135,0.76167,1.00,1.00
2015.04.02 18:12:12.144,0.76135,0.76167,1.37,1.00
2015.04.02 18:12:12.626,0.76134,0.76165,1.37,1.00
2015.04.02 18:12:12.677,0.76134,0.76165,1.37,1.00
2015.04.02 18:12:12.777,0.76135,0.76163,1.00,1.00
2015.04.02 18:12:13.130,0.7613,0.76161,1.37,1.00
2015.04.02 18:12:13.554,0.76126,0.7616,1.37,1.00
2015.04.02 18:12:13.726,0.76126,0.76158,1.37,1.00
2015.04.02 18:12:14.171,0.76126,0.76158,1.75,1.00
2015.04.02 18:12:14.286,0.76128,0.7616,1.50,1.00
2015.04.02 18:12:14.501,0.7613,0.76162,1.37,1.00
2015.04.02 18:12:18.767,0.7613,0.76162,1.75,1.00
2015.04.02 18:12:19.017,0.76133,0.76165,1.75,1.00
2015.04.02 18:12:19.473,0.76134,0.76166,1.75,1.00
2015.04.02 18:12:23.406,0.76136,0.76168,1.50,1.00
2015.04.02 18:12:38.030,0.76134,0.76166,1.75,1.00
2015.04.02 18:12:38.814,0.76134,0.76166,3.00,1.00
2015.04.02 18:12:40.325,0.76135,0.76167,1.75,1.00
2015.04.02 18:12:45.400,0.76137,0.76169,1.75,1.00
2015.04.02 18:12:46.593,0.76137,0.76169,1.00,1.37
2015.04.02 18:12:46.694,0.76135,0.76167,1.00,1.00
2015.04.02 18:12:46.744,0.76131,0.76163,1.00,1.00
2015.04.02 18:12:46.844,0.76134,0.76168,1.00,1.00
2015.04.02 18:12:47.388,0.76137,0.76169,1.00,1.00
2015.04.02 18:12:47.963,0.76137,0.76169,1.75,1.00
2015.04.02 18:12:48.467,0.76137,0.76169,1.37,1.00
2015.04.02 18:12:48.517,0.76135,0.76167,3.00,1.00
2015.04.02 18:12:49.072,0.76135,0.76167,1.75,1.00
2015.04.02 18:12:50.021,0.76137,0.76171,1.75,1.00
2015.04.02 18:12:57.195,0.76137,0.76171,1.75,1.00
2015.04.02 18:13:05.426,0.7614,0.76168,1.75,1.00
2015.04.02 18:13:05.476,0.7614,0.76168,1.37,1.00
2015.04.02 18:13:05.527,0.76144,0.76168,1.00,1.00
2015.04.02 18:13:05.828,0.76145,0.76174,1.75,1.00
2015.04.02 18:13:06.147,0.76145,0.76174,1.00,1.00
2015.04.02 18:13:06.301,0.76145,0.76177,1.50,1.00
2015.04.02 18:13:06.854,0.76147,0.76179,1.00,1.00
2015.04.02 18:13:07.247,0.76147,0.76179,1.50,1.00
2015.04.02 18:13:09.606,0.76147,0.76179,1.75,1.00
2015.04.02 18:13:10.476,0.76147,0.76179,1.37,1.00
2015.04.02 18:13:13.530,0.76147,0.76179,1.37,1.37
2015.04.02 18:13:13.581,0.76142,0.76174,1.75,1.00
2015.04.02 18:13:14.003,0.76145,0.76177,1.50,1.00
2015.04.02 18:13:14.597,0.76146,0.76178,1.50,1.00
2015.04.02 18:13:14.697,0.76144,0.76176,1.75,1.00
2015.04.02 18:13:14.798,0.76146,0.76178,1.50,1.00
2015.04.02 18:13:14.848,0.76146,0.76178,1.75,1.00
2015.04.02 18:13:14.899,0.76147,0.76181,1.75,1.00
2015.04.02 18:13:15.410,0.76149,0.76181,1.75,1.00
2015.04.02 18:13:15.460,0.76152,0.76184,1.50,1.00
2015.04.02 18:13:15.985,0.76153,0.76185,1.37,1.00
2015.04.02 18:13:17.925,0.76153,0.76185,1.50,1.00
2015.04.02 18:13:18.745,0.76156,0.76188,1.75,1.00
2015.04.02 18:13:18.966,0.76157,0.76191,1.75,1.00
2015.04.02 18:13:19.751,0.76157,0.76191,1.75,1.00
2015.04.02 18:13:21.376,0.7616,0.76194,1.75,1.00
2015.04.02 18:13:22.162,0.7616,0.76194,3.00,1.00
2015.04.02 18:13:22.262,0.76164,0.76196,1.37,1.00
2015.04.02 18:13:25.770,0.76163,0.76195,1.37,1.00
2015.04.02 18:13:29.082,0.76163,0.76195,1.37,1.00
2015.04.02 18:13:38.797,0.76163,0.76195,1.75,1.00
2015.04.02 18:13:40.444,0.76164,0.76196,1.75,1.00
2015.04.02 18:13:41.225,0.76162,0.76196,1.50,1.00
2015.04.02 18:13:41.280,0.7616,0.76192,3.00,1.00
2015.04.02 18:13:41.431,0.76163,0.76195,1.75,1.00
2015.04.02 18:13:41.615,0.76165,0.76199,1.75,1.00
2015.04.02 18:13:41.835,0.76164,0.76196,1.75,1.00
2015.04.02 18:13:45.244,0.76164,0.76198,1.75,1.00
2015.04.02 18:13:45.974,0.76164,0.76198,1.75,1.00
2015.04.02 18:13:50.016,0.76164,0.76198,1.75,1.00
2015.04.02 18:13:50.117,0.76167,0.76199,1.37,1.00
2015.04.02 18:13:53.020,0.76167,0.76199,1.50,1.00
2015.04.02 18:13:53.164,0.76169,0.76201,1.37,1.00
2015.04.02 18:13:54.054,0.76169,0.76201,1.50,1.00
2015.04.02 18:14:08.898,0.76172,0.76204,1.37,1.00
2015.04.02 18:14:08.959,0.76172,0.76204,1.37,1.00
2015.04.02 18:14:09.264,0.76175,0.76206,1.75,1.00
2015.04.02 18:14:09.667,0.76175,0.76207,1.75,1.00
2015.04.02 18:14:10.503,0.76176,0.76208,1.75,1.00
2015.04.02 18:14:11.043,0.76176,0.76208,1.75,1.00
2015.04.02 18:14:11.754,0.76176,0.76208,1.75,1.00
2015.04.02 18:14:12.178,0.76176,0.76208,1.75,1.00
2015.04.02 18:14:12.228,0.76178,0.7621,1.75,1.00
2015.04.02 18:14:12.300,0.76179,0.76213,1.75,1.00
2015.04.02 18:14:12.854,0.76182,0.76214,1.75,1.00
2015.04.02 18:14:13.082,0.76182,0.76214,1.75,1.00
2015.04.02 18:14:13.184,0.76185,0.76217,1.50,1.00
2015.04.02 18:14:14.089,0.76185,0.76217,1.75,1.00
2015.04.02 18:14:14.190,0.76185,0.76217,1.50,1.00
2015.04.02 18:14:14.409,0.76185,0.76217,1.75,1.00
2015.04.02 18:14:15.404,0.76186,0.76218,1.75,1.00
2015.04.02 18:14:15.753,0.76192,0.76224,1.75,1.00
2015.04.02 18:14:16.040,0.76194,0.76226,3.00,1.00
2015.04.02 18:14:16.609,0.76194,0.76226,1.50,1.00
2015.04.02 18:14:16.699,0.76189,0.76228,3.00,1.00
2015.04.02 18:14:17.213,0.76189,0.76228,3.00,1.00
2015.04.02 18:14:17.729,0.76189,0.76228,3.00,1.00
2015.04.02 18:14:18.435,0.76189,0.76228,3.00,1.00
2015.04.02 18:14:18.929,0.76195,0.76228,1.75,1.00
2015.04.02 18:14:19.011,0.76195,0.7623,1.75,1.00
2015.04.02 18:14:19.560,0.76195,0.76232,1.75,1.00
2015.04.02 18:14:19.677,0.76194,0.76227,1.37,1.00
2015.04.02 18:14:20.139,0.7619,0.76227,1.50,1.37
2015.04.02 18:14:20.523,0.76184,0.76223,3.00,1.00
2015.04.02 18:14:23.447,0.7619,0.76223,1.37,1.00
2015.04.02 18:14:26.054,0.76185,0.76218,1.37,1.00
2015.04.02 18:14:26.167,0.7618,0.76215,1.50,1.00
2015.04.02 18:14:26.709,0.76175,0.76213,1.75,1.00
2015.04.02 18:14:36.389,0.76172,0.76211,1.75,1.00
2015.04.02 18:14:38.531,0.76175,0.76215,1.75,1.00
2015.04.02 18:14:40.200,0.76175,0.76215,1.50,1.37
2015.04.02 18:14:40.325,0.76175,0.76215,1.37,1.50
2015.04.02 18:14:40.426,0.76172,0.76211,1.37,1.37
2015.04.02 18:14:41.015,0.7617,0.7621,1.50,1.37
2015.04.02 18:14:42.316,0.7617,0.76207,1.75,1.00
2015.04.02 18:14:42.621,0.76175,0.76212,1.75,1.00
2015.04.02 18:14:42.725,0.76175,0.76213,1.37,1.00
2015.04.02 18:14:42.775,0.76185,0.76217,1.00,1.00
2015.04.02 18:14:42.997,0.76185,0.76223,1.00,1.00
2015.04.02 18:14:43.165,0.76181,0.76223,1.00,1.00
2015.04.02 18:14:43.514,0.76185,0.76223,1.00,1.00
2015.04.02 18:14:43.932,0.76185,0.76223,1.75,1.12
2015.04.02 18:14:44.436,0.76185,0.76223,1.75,1.37
2015.04.02 18:14:52.871,0.76186,0.76225,1.75,1.12
2015.04.02 18:14:53.195,0.76188,0.76227,1.75,1.37
2015.04.02 18:14:53.835,0.7619,0.7623,1.50,1.87
2015.04.02 18:14:54.215,0.76184,0.76225,1.50,3.00
2015.04.02 18:14:55.088,0.76184,0.76225,1.75,1.87
2015.04.02 18:14:55.496,0.76187,0.76225,1.75,1.37
2015.04.02 18:14:56.080,0.76194,0.76226,1.37,1.37
2015.04.02 18:14:56.383,0.76196,0.76228,1.37,1.12
2015.04.02 18:14:56.913,0.76196,0.76228,1.37,1.00
2015.04.02 18:14:59.204,0.76196,0.76228,1.37,1.12
2015.04.02 18:14:59.385,0.76194,0.76226,1.37,1.00
2015.04.02 18:15:03.816,0.76194,0.76226,1.37,1.00
2015.04.02 18:15:04.110,0.76196,0.76228,1.37,1.00
2015.04.02 18:15:04.284,0.76196,0.76225,1.37,1.00
2015.04.02 18:15:04.334,0.76192,0.76225,1.37,1.00
2015.04.02 18:15:04.736,0.76194,0.76226,1.37,1.00
2015.04.02 18:15:05.049,0.76195,0.76227,1.75,1.00
2015.04.02 18:15:05.844,0.76195,0.76225,1.00,1.50
2015.04.02 18:15:05.894,0.76184,0.76216,1.75,1.00
2015.04.02 18:15:06.006,0.76184,0.76216,1.37,1.00
2015.04.02 18:15:06.156,0.76183,0.76215,1.00,1.00
2015.04.02 18:15:07.828,0.76183,0.76215,1.37,1.00
2015.04.02 18:15:12.734,0.76183,0.76215,1.50,1.00
2015.04.02 18:15:12.835,0.76186,0.76218,1.37,1.00
2015.04.02 18:15:14.843,0.76186,0.76218,1.37,1.00
2015.04.02 18:15:17.173,0.76186,0.76218,1.37,1.00
2015.04.02 18:15:17.644,0.76189,0.76221,1.12,1.00
2015.04.02 18:15:17.694,0.76189,0.76221,1.37,1.00
2015.04.02 18:15:18.299,0.76189,0.76223,1.37,1.00
2015.04.02 18:15:19.073,0.76189,0.76223,1.75,1.00
2015.04.02 18:15:19.659,0.76192,0.76224,1.37,1.00
2015.04.02 18:15:19.986,0.7619,0.76222,1.50,1.00
2015.04.02 18:15:20.059,0.76192,0.76224,1.37,1.00
2015.04.02 18:15:20.110,0.76192,0.76224,1.75,1.00
2015.04.02 18:15:20.210,0.76193,0.76227,1.75,1.00
2015.04.02 18:15:23.379,0.76193,0.76227,1.50,1.00
2015.04.02 18:15:23.968,0.76193,0.76227,1.75,1.00
2015.04.02 18:15:24.679,0.76193,0.76225,1.75,1.00
2015.04.02 18:15:24.770,0.76193,0.76225,1.37,1.00
2015.04.02 18:15:24.870,0.76193,0.76225,1.50,1.00
2015.04.02 18:15:25.404,0.76194,0.76226,1.37,1.00
2015.04.02 18:15:27.775,0.76194,0.76226,1.50,1.00
2015.04.02 18:15:30.306,0.76195,0.76229,1.37,1.00
2015.04.02 18:15:37.707,0.76195,0.76229,1.50,1.00
2015.04.02 18:15:37.854,0.76195,0.76229,1.75,1.00
2015.04.02 18:15:37.905,0.76203,0.76235,1.37,1.00
2015.04.02 18:15:38.005,0.76205,0.76237,1.12,1.37
2015.04.02 18:15:38.106,0.76206,0.76238,1.12,1.00
2015.04.02 18:15:38.656,0.76203,0.76235,1.00,1.00
2015.04.02 18:15:38.956,0.762,0.76234,1.87,1.00
2015.04.02 18:15:39.444,0.76203,0.76235,1.00,1.00
2015.04.02 18:15:39.885,0.76205,0.76237,1.00,1.00
2015.04.02 18:15:42.534,0.76205,0.76237,1.50,1.00
2015.04.02 18:15:43.395,0.76207,0.76239,1.37,1.00
2015.04.02 18:15:43.841,0.76207,0.76239,1.50,1.00
2015.04.02 18:15:46.353,0.76207,0.76239,1.37,1.00
2015.04.02 18:15:48.005,0.76203,0.76235,1.37,1.00
2015.04.02 18:15:48.255,0.76199,0.76233,1.75,1.00
2015.04.02 18:15:48.305,0.76199,0.76233,1.37,1.37
2015.04.02 18:15:50.174,0.76196,0.7623,1.75,1.00
2015.04.02 18:15:50.704,0.76196,0.7623,1.75,1.00
2015.04.02 18:15:51.212,0.76199,0.76231,1.37,1.00
2015.04.02 18:15:51.713,0.76199,0.76231,1.50,1.00
2015.04.02 18:15:52.542,0.76198,0.7623,1.75,1.00
2015.04.02 18:15:52.890,0.76195,0.76227,1.37,1.00
2015.04.02 18:15:53.593,0.76195,0.76227,1.37,1.00
2015.04.02 18:15:53.694,0.76195,0.76227,1.37,1.00
2015.04.02 18:15:55.042,0.76192,0.76224,1.75,1.00
2015.04.02 18:15:56.112,0.76192,0.76224,1.50,1.00
2015.04.02 18:15:59.334,0.76194,0.76226,1.37,1.00
2015.04.02 18:15:59.420,0.76194,0.76226,1.75,1.00
2015.04.02 18:16:07.650,0.76194,0.76226,3.00,1.00
2015.04.02 18:16:08.399,0.76196,0.76228,1.75,1.00
2015.04.02 18:16:08.459,0.76198,0.7623,1.75,1.00
2015.04.02 18:16:08.600,0.762,0.76232,1.75,1.00
2015.04.02 18:16:08.700,0.76202,0.76234,1.37,1.00
2015.04.02 18:16:08.756,0.76202,0.76234,1.75,1.00
2015.04.02 18:16:09.057,0.76202,0.76234,1.75,1.00
2015.04.02 18:16:21.919,0.76205,0.76234,1.75,1.00
2015.04.02 18:16:22.020,0.76205,0.76238,1.75,1.00
2015.04.02 18:16:22.070,0.76205,0.76238,1.75,1.00
2015.04.02 18:16:25.833,0.76204,0.76238,3.00,1.00
2015.04.02 18:16:25.952,0.7621,0.7624,1.50,1.00
2015.04.02 18:16:26.562,0.7621,0.7624,1.75,1.00
2015.04.02 18:16:38.598,0.7621,0.76242,1.75,1.00
2015.04.02 18:16:40.077,0.7621,0.76242,1.50,1.00
2015.04.02 18:16:40.178,0.76209,0.76238,1.75,1.00
2015.04.02 18:16:40.228,0.76209,0.76238,1.37,1.00
2015.04.02 18:16:40.696,0.7621,0.76236,1.37,1.00
2015.04.02 18:16:40.933,0.76204,0.76236,3.00,1.00
2015.04.02 18:16:42.228,0.76204,0.76234,1.75,1.00
2015.04.02 18:16:44.106,0.76205,0.76236,1.50,1.00
2015.04.02 18:16:44.214,0.76205,0.76237,3.00,1.00
2015.04.02 18:16:46.051,0.76205,0.76237,1.75,1.00
2015.04.02 18:16:46.101,0.76208,0.7624,1.75,1.00
2015.04.02 18:16:47.214,0.76208,0.7624,1.75,1.00
2015.04.02 18:16:47.794,0.76208,0.7624,1.75,1.00
2015.04.02 18:16:50.436,0.76208,0.7624,1.75,1.00
2015.04.02 18:16:50.486,0.7621,0.76244,1.75,1.00
2015.04.02 18:16:54.458,0.7621,0.76244,1.75,1.00
2015.04.02 18:16:57.167,0.7621,0.76244,1.37,1.00
2015.04.02 18:16:57.218,0.7621,0.76242,1.37,1.00
2015.04.02 18:16:57.551,0.7621,0.76242,1.75,1.00
2015.04.02 18:16:57.770,0.7621,0.76242,1.37,1.00
2015.04.02 18:16:58.060,0.76206,0.76238,1.75,1.00
2015.04.02 18:16:58.112,0.76202,0.76234,1.75,1.00
2015.04.02 18:16:59.879,0.76202,0.76234,1.75,1.00
2015.04.02 18:16:59.980,0.76202,0.76234,1.37,1.00
2015.04.02 18:17:00.181,0.762,0.76232,3.00,1.00
2015.04.02 18:17:00.842,0.76199,0.76231,3.00,1.00
2015.04.02 18:17:04.302,0.76199,0.76231,3.00,1.00
2015.04.02 18:17:05.438,0.762,0.76234,3.00,1.00
2015.04.02 18:17:07.918,0.762,0.76234,1.87,1.00
2015.04.02 18:17:08.018,0.762,0.76234,3.00,1.00
2015.04.02 18:17:09.618,0.762,0.76232,3.00,1.00
2015.04.02 18:17:13.129,0.762,0.76232,3.00,1.00
2015.04.02 18:17:13.641,0.76199,0.76231,3.00,1.00
2015.04.02 18:17:14.459,0.762,0.76232,3.00,1.00
2015.04.02 18:17:15.920,0.762,0.76231,1.75,1.00
2015.04.02 18:17:33.268,0.76197,0.76229,1.75,1.00
2015.04.02 18:17:39.104,0.76197,0.76229,1.75,1.00
2015.04.02 18:18:03.635,0.76199,0.76229,1.75,1.00
2015.04.02 18:18:07.900,0.76199,0.76229,1.75,1.00
2015.04.02 18:18:07.950,0.762,0.76234,1.75,1.00
2015.04.02 18:18:08.000,0.762,0.76234,1.75,1.00
2015.04.02 18:18:08.051,0.76202,0.76236,1.75,1.00
2015.04.02 18:18:08.380,0.762,0.76234,3.00,1.00
2015.04.02 18:18:08.687,0.76202,0.76234,1.75,1.00
2015.04.02 18:18:09.463,0.76202,0.76234,1.50,1.00
2015.04.02 18:18:09.590,0.762,0.7623,1.37,1.00
2015.04.02 18:18:09.989,0.76199,0.76229,1.37,1.00
2015.04.02 18:18:10.100,0.76195,0.76229,3.00,1.00
2015.04.02 18:18:10.268,0.76195,0.76229,1.50,1.00
2015.04.02 18:18:11.769,0.762,0.76229,1.00,1.00
2015.04.02 18:18:12.079,0.76195,0.76229,3.00,1.00
2015.04.02 18:18:12.840,0.76199,0.76229,1.50,1.00
2015.04.02 18:18:19.009,0.762,0.76229,1.75,1.00
2015.04.02 18:18:23.010,0.76199,0.76229,1.75,1.00
2015.04.02 18:18:23.589,0.762,0.76229,1.37,1.00
2015.04.02 18:18:24.440,0.76204,0.76229,1.37,1.00
2015.04.02 18:18:24.949,0.762,0.76225,1.37,1.00
2015.04.02 18:18:25.161,0.76205,0.76229,1.12,1.00
2015.04.02 18:18:25.363,0.76205,0.76232,1.37,1.00
2015.04.02 18:18:30.630,0.76205,0.76232,1.37,1.00
2015.04.02 18:18:30.737,0.76205,0.76234,1.37,1.00
2015.04.02 18:18:31.549,0.76204,0.76234,1.75,1.00
2015.04.02 18:18:39.098,0.76205,0.76235,1.50,1.00
2015.04.02 18:18:39.300,0.7621,0.76237,1.12,1.00
2015.04.02 18:18:39.454,0.76209,0.76234,1.12,1.00
2015.04.02 18:18:39.790,0.76205,0.76234,1.37,1.00
2015.04.02 18:18:39.909,0.76205,0.76232,1.37,1.00
2015.04.02 18:18:40.416,0.76205,0.76232,1.00,1.00
2015.04.02 18:18:40.760,0.76205,0.76234,1.37,1.00
2015.04.02 18:18:40.879,0.76205,0.76234,1.37,1.00
2015.04.02 18:18:41.149,0.76205,0.76234,1.37,1.00
2015.04.02 18:18:41.202,0.76205,0.76234,1.37,1.00
2015.04.02 18:18:41.483,0.76205,0.76234,1.37,1.00
2015.04.02 18:18:42.537,0.76205,0.76232,1.37,1.00
2015.04.02 18:18:43.191,0.76205,0.76232,1.12,1.00
2015.04.02 18:18:43.593,0.76205,0.76232,1.37,1.00
2015.04.02 18:18:43.848,0.7621,0.76239,1.37,1.00
2015.04.02 18:18:44.419,0.7621,0.76239,1.37,1.00
2015.04.02 18:18:44.603,0.7621,0.76239,1.75,1.00
2015.04.02 18:18:44.654,0.7621,0.76241,1.75,1.00
2015.04.02 18:18:46.410,0.76209,0.76241,3.00,1.00
2015.04.02 18:18:46.467,0.76209,0.76239,1.75,1.00
2015.04.02 18:18:47.599,0.76209,0.76238,1.75,1.00
2015.04.02 18:18:49.767,0.7621,0.76236,1.50,1.00
2015.04.02 18:18:51.519,0.7621,0.76236,1.37,1.00
2015.04.02 18:18:52.069,0.76209,0.76236,1.37,1.00
2015.04.02 18:18:52.976,0.76209,0.76238,1.37,1.00
2015.04.02 18:18:53.076,0.76205,0.76236,1.50,1.00
2015.04.02 18:18:54.759,0.76198,0.7623,1.50,1.00
2015.04.02 18:18:54.868,0.76194,0.76221,1.00,1.00
2015.04.02 18:18:54.979,0.7619,0.76222,1.87,1.00
2015.04.02 18:18:55.086,0.76189,0.76219,1.37,1.00
2015.04.02 18:18:56.078,0.76194,0.76219,1.37,1.00
2015.04.02 18:18:57.349,0.76195,0.76219,1.12,1.00
2015.04.02 18:19:01.867,0.76195,0.76217,1.12,1.00
2015.04.02 18:19:02.889,0.76195,0.76217,1.37,1.00
2015.04.02 18:19:03.599,0.7619,0.76217,1.37,1.00
2015.04.02 18:19:03.779,0.7619,0.76215,1.37,1.00
2015.04.02 18:19:04.770,0.7619,0.76215,1.37,1.00
2015.04.02 18:19:09.126,0.7619,0.76214,1.37,1.00
2015.04.02 18:19:09.383,0.7619,0.76214,1.37,1.00
2015.04.02 18:19:09.985,0.7619,0.76214,1.12,1.00
2015.04.02 18:19:11.289,0.7619,0.76214,1.37,1.00
2015.04.02 18:19:11.892,0.7619,0.76214,1.37,1.00
2015.04.02 18:19:12.018,0.7619,0.76214,1.37,1.00
2015.04.02 18:19:15.439,0.7619,0.76214,1.37,1.00
2015.04.02 18:19:19.138,0.7619,0.76214,1.12,1.00
2015.04.02 18:19:19.668,0.7619,0.76213,1.12,1.00
2015.04.02 18:19:20.127,0.7618,0.76211,1.75,1.00
2015.04.02 18:19:20.241,0.7618,0.76211,1.75,1.00
2015.04.02 18:19:21.118,0.7618,0.76211,1.75,1.00
2015.04.02 18:19:25.661,0.7618,0.76211,1.75,1.00
2015.04.02 18:19:26.430,0.76179,0.7621,1.75,1.00
2015.04.02 18:19:27.166,0.76185,0.76209,1.37,1.00
2015.04.02 18:19:31.584,0.7618,0.76209,1.37,1.00
2015.04.02 18:19:33.766,0.76179,0.7621,1.50,1.00
2015.04.02 18:19:34.796,0.7618,0.7621,1.75,1.00
2015.04.02 18:19:35.940,0.7618,0.7621,1.37,1.00
2015.04.02 18:19:36.110,0.76185,0.76209,1.37,1.00
2015.04.02 18:19:36.231,0.76184,0.76212,1.37,1.00
2015.04.02 18:19:36.510,0.76184,0.76214,1.37,1.00
2015.04.02 18:19:36.563,0.76185,0.76214,1.37,1.00
2015.04.02 18:19:36.718,0.76185,0.76214,1.37,1.00
2015.04.02 18:19:37.822,0.76185,0.76214,1.37,1.00
2015.04.02 18:19:37.873,0.76185,0.76212,1.37,1.00
2015.04.02 18:19:38.494,0.76185,0.76212,1.12,1.00
2015.04.02 18:19:40.739,0.76185,0.76215,1.37,1.00
2015.04.02 18:19:47.851,0.76184,0.76215,1.50,1.00
2015.04.02 18:19:48.494,0.76185,0.76216,1.37,1.00
2015.04.02 18:19:49.689,0.76185,0.76216,1.75,1.00
2015.04.02 18:19:57.746,0.76186,0.76218,1.50,1.00
2015.04.02 18:19:58.011,0.76188,0.7622,1.75,1.00
2015.04.02 18:20:05.928,0.76188,0.7622,1.75,1.00
2015.04.02 18:20:06.533,0.76188,0.7622,1.50,1.00
2015.04.02 18:20:07.229,0.76186,0.76218,1.75,1.00
2015.04.02 18:20:08.130,0.76186,0.76218,1.50,1.00
2015.04.02 18:20:11.037,0.76186,0.76218,1.37,1.00
2015.04.02 18:20:12.940,0.76186,0.76218,1.50,1.00
2015.04.02 18:20:13.548,0.76186,0.76218,1.75,1.00
2015.04.02 18:20:14.056,0.76186,0.76218,1.50,1.00
2015.04.02 18:20:15.017,0.76185,0.76217,3.00,1.00
2015.04.02 18:20:15.746,0.76185,0.76217,3.00,1.00
2015.04.02 18:20:17.366,0.76185,0.76217,3.00,1.00
2015.04.02 18:20:17.657,0.76187,0.76219,1.75,1.00
2015.04.02 18:20:18.452,0.76187,0.76219,1.75,1.00
2015.04.02 18:20:19.188,0.76186,0.76218,1.75,1.00
2015.04.02 18:20:19.678,0.76188,0.7622,1.50,1.00
2015.04.02 18:20:20.599,0.76188,0.7622,1.75,1.00
2015.04.02 18:20:20.957,0.7619,0.76222,1.50,1.00
2015.04.02 18:20:26.346,0.76189,0.76221,1.75,1.00
2015.04.02 18:20:31.177,0.76189,0.76221,1.50,1.00
2015.04.02 18:20:31.520,0.76187,0.76219,1.75,1.00
2015.04.02 18:20:32.538,0.7619,0.7622,1.37,1.00
2015.04.02 18:20:34.583,0.7619,0.7622,1.37,1.00
2015.04.02 18:20:34.789,0.7619,0.7622,1.37,1.00
2015.04.02 18:20:35.806,0.7619,0.7622,1.37,1.00
2015.04.02 18:20:36.432,0.76188,0.7622,1.37,1.00
2015.04.02 18:20:38.558,0.76187,0.76219,1.50,1.00
2015.04.02 18:20:40.916,0.76187,0.76219,1.75,1.00
2015.04.02 18:20:41.595,0.76187,0.76219,1.75,1.00
2015.04.02 18:20:41.748,0.76189,0.76221,1.75,1.00
2015.04.02 18:20:42.496,0.76189,0.76221,1.37,1.00
2015.04.02 18:20:48.608,0.76189,0.76221,1.37,1.00
2015.04.02 18:20:48.907,0.76187,0.76219,1.37,1.00
2015.04.02 18:20:49.808,0.76187,0.76219,1.50,1.00
2015.04.02 18:20:52.128,0.76187,0.76219,1.75,1.00
2015.04.02 18:20:52.511,0.76187,0.76219,1.37,1.00
2015.04.02 18:20:53.413,0.76187,0.76219,1.50,1.00
2015.04.02 18:20:53.914,0.76187,0.76219,1.37,1.00
2015.04.02 18:20:54.715,0.76187,0.76219,1.75,1.00
2015.04.02 18:20:54.842,0.76187,0.76219,1.50,1.00
2015.04.02 18:20:55.016,0.76187,0.76219,1.37,1.00
2015.04.02 18:20:55.066,0.76185,0.76217,1.37,1.00
2015.04.02 18:21:00.929,0.7619,0.76217,1.00,1.00
2015.04.02 18:21:07.298,0.76189,0.76217,1.12,1.00
2015.04.02 18:21:11.387,0.76185,0.76217,1.37,1.00
2015.04.02 18:21:12.698,0.76184,0.76215,1.37,1.00
2015.04.02 18:21:12.748,0.76184,0.76215,1.37,1.00
2015.04.02 18:21:13.418,0.76183,0.76215,1.37,1.00
2015.04.02 18:21:13.585,0.76185,0.76217,3.00,1.00
2015.04.02 18:21:14.120,0.76185,0.76217,1.75,1.00
2015.04.02 18:21:14.448,0.7619,0.76218,1.50,1.00
2015.04.02 18:21:14.950,0.76189,0.76218,1.37,1.00
2015.04.02 18:21:15.091,0.76189,0.76216,1.37,1.00
2015.04.02 18:21:15.548,0.76185,0.76218,1.75,1.00
2015.04.02 18:21:20.768,0.7619,0.76218,1.75,1.00
2015.04.02 18:21:20.818,0.7619,0.76221,1.75,1.00
2015.04.02 18:21:21.357,0.76195,0.76221,1.37,1.00
2015.04.02 18:21:27.271,0.76195,0.76221,1.50,1.00
2015.04.02 18:21:29.521,0.76195,0.76221,1.37,1.00
2015.04.02 18:21:29.595,0.76195,0.76223,1.37,1.00
2015.04.02 18:21:44.266,0.7619,0.76222,1.75,1.00
2015.04.02 18:21:44.810,0.7619,0.76222,1.75,1.00
2015.04.02 18:21:45.875,0.76195,0.76224,1.50,1.00
2015.04.02 18:22:11.990,0.76205,0.7623,1.37,1.00
2015.04.02 18:22:12.207,0.76204,0.76236,1.75,1.00
2015.04.02 18:22:12.746,0.76205,0.76236,1.75,1.00
2015.04.02 18:22:30.297,0.76205,0.76236,1.37,1.00
2015.04.02 18:22:30.618,0.76205,0.76235,1.12,1.12
2015.04.02 18:22:30.668,0.76205,0.7623,1.12,1.00
2015.04.02 18:22:31.073,0.76205,0.76231,1.37,1.00
2015.04.02 18:22:31.123,0.76205,0.76233,1.37,1.00
2015.04.02 18:22:32.273,0.76205,0.76232,1.37,1.00
2015.04.02 18:22:34.388,0.76205,0.76234,1.37,1.00
2015.04.02 18:22:34.542,0.76204,0.76235,1.50,1.00
2015.04.02 18:22:35.766,0.76205,0.76235,1.37,1.00
2015.04.02 18:22:36.506,0.76205,0.76233,1.37,1.00
2015.04.02 18:22:38.961,0.76205,0.76233,1.37,1.00
2015.04.02 18:22:39.017,0.76205,0.76237,1.87,1.00
2015.04.02 18:22:39.068,0.7621,0.76237,1.37,1.00
2015.04.02 18:22:39.369,0.76205,0.76237,1.87,1.00
2015.04.02 18:22:42.254,0.76205,0.76237,3.00,1.00
2015.04.02 18:22:42.548,0.76209,0.76239,1.37,1.00
2015.04.02 18:22:42.598,0.7621,0.76239,1.37,1.00
2015.04.02 18:22:43.114,0.7621,0.76239,1.37,1.00
2015.04.02 18:22:43.186,0.7621,0.76242,1.37,1.00
2015.04.02 18:22:44.076,0.7621,0.76242,1.50,1.00
2015.04.02 18:22:44.578,0.76211,0.76243,1.37,1.00
2015.04.02 18:22:44.879,0.76212,0.76244,1.37,1.00
2015.04.02 18:22:45.733,0.76212,0.76244,1.37,1.00
2015.04.02 18:22:47.002,0.76212,0.76244,1.50,1.00
2015.04.02 18:22:47.152,0.76212,0.76244,1.37,1.00
2015.04.02 18:22:59.841,0.76212,0.76244,1.37,1.00
2015.04.02 18:22:59.948,0.76212,0.76244,1.00,1.37
2015.04.02 18:23:00.339,0.76207,0.76239,1.37,1.00
2015.04.02 18:23:01.556,0.76207,0.76239,1.37,1.00
2015.04.02 18:23:01.759,0.76207,0.76239,1.50,1.00
2015.04.02 18:23:01.928,0.76209,0.76241,1.87,1.00
2015.04.02 18:23:02.029,0.76209,0.76239,1.37,1.00
2015.04.02 18:23:02.532,0.7621,0.76241,1.37,1.00
2015.04.02 18:23:02.583,0.76211,0.76243,1.37,1.00
2015.04.02 18:23:02.696,0.76211,0.76243,1.37,1.00
2015.04.02 18:23:03.066,0.76212,0.76244,1.50,1.00
2015.04.02 18:23:04.073,0.76212,0.76244,1.75,1.00
2015.04.02 18:23:04.123,0.76214,0.76246,1.75,1.00
2015.04.02 18:23:10.993,0.76214,0.76246,1.75,1.00
2015.04.02 18:23:11.144,0.76218,0.7625,1.37,1.12
2015.04.02 18:23:13.297,0.76218,0.7625,1.37,1.00
2015.04.02 18:23:13.885,0.76218,0.7625,1.37,1.00
2015.04.02 18:23:14.095,0.76218,0.76252,1.37,1.00
2015.04.02 18:23:14.215,0.76218,0.76252,1.37,1.00
2015.04.02 18:23:15.701,0.76218,0.76252,1.37,1.12
2015.04.02 18:23:18.004,0.76218,0.76252,1.50,1.00
2015.04.02 18:23:18.505,0.76218,0.76252,1.37,1.37
2015.04.02 18:23:21.009,0.76218,0.76252,1.50,1.00
2015.04.02 18:23:21.594,0.76218,0.76252,1.75,1.12
2015.04.02 18:23:23.714,0.76218,0.76252,1.75,1.00
2015.04.02 18:23:24.115,0.76218,0.76252,1.50,1.00
2015.04.02 18:23:24.416,0.76218,0.76252,1.37,1.00
2015.04.02 18:23:25.454,0.76217,0.76251,1.37,1.00
2015.04.02 18:23:27.120,0.76217,0.76249,1.50,1.00
2015.04.02 18:23:27.230,0.76219,0.76251,1.37,1.00
2015.04.02 18:23:27.524,0.76219,0.76251,1.50,1.00
2015.04.02 18:23:28.545,0.76218,0.7625,1.75,1.00
2015.04.02 18:23:29.124,0.76218,0.7625,1.37,1.37
2015.04.02 18:23:29.817,0.76216,0.76248,1.50,1.00
2015.04.02 18:23:36.753,0.76216,0.76248,1.37,1.37
2015.04.02 18:23:37.562,0.76214,0.76246,1.75,1.00
2015.04.02 18:23:39.614,0.76216,0.76248,1.37,1.12
2015.04.02 18:23:40.265,0.76216,0.76248,1.37,1.37
2015.04.02 18:23:46.324,0.76224,0.76256,1.00,1.75
2015.04.02 18:23:58.467,0.76224,0.76256,1.00,1.75
2015.04.02 18:23:58.687,0.76212,0.76244,1.00,1.75
2015.04.02 18:23:58.794,0.76212,0.76244,1.00,1.00
2015.04.02 18:23:58.906,0.76214,0.76246,1.00,1.00
2015.04.02 18:23:59.971,0.76214,0.76246,1.12,1.50
2015.04.02 18:24:05.732,0.76211,0.76243,1.37,1.37
2015.04.02 18:24:06.054,0.76212,0.76246,1.50,1.12
2015.04.02 18:24:06.105,0.76212,0.76246,1.75,1.12
2015.04.02 18:24:06.684,0.76215,0.76247,1.50,1.12
2015.04.02 18:24:07.234,0.76215,0.76247,1.37,1.00
2015.04.02 18:24:07.334,0.76217,0.76249,1.37,1.12
2015.04.02 18:24:16.198,0.76217,0.76249,1.75,1.00
2015.04.02 18:24:16.703,0.76218,0.7625,1.50,1.00
2015.04.02 18:24:17.234,0.7622,0.76252,1.37,1.12
2015.04.02 18:24:17.454,0.76222,0.76254,1.37,1.12
2015.04.02 18:24:17.801,0.76222,0.76254,1.37,1.12
2015.04.02 18:24:18.202,0.76222,0.76254,1.37,1.37
2015.04.02 18:24:19.130,0.76218,0.7625,1.37,1.00
2015.04.02 18:24:22.116,0.76218,0.7625,1.50,1.00
2015.04.02 18:24:22.234,0.7622,0.76252,1.37,1.00
2015.04.02 18:24:22.453,0.76222,0.76254,1.37,1.12
2015.04.02 18:24:22.812,0.76224,0.76256,1.75,1.00
2015.04.02 18:24:23.284,0.76227,0.76259,1.37,1.00
2015.04.02 18:24:23.334,0.76227,0.76259,1.75,1.00
2015.04.02 18:24:23.436,0.76229,0.76261,1.50,1.00
2015.04.02 18:24:24.056,0.76232,0.76264,1.37,1.37
2015.04.02 18:24:24.596,0.76232,0.76264,1.37,1.00
2015.04.02 18:24:25.217,0.76232,0.76264,1.37,1.12
2015.04.02 18:24:25.518,0.76232,0.76264,1.50,1.00
2015.04.02 18:24:26.719,0.76232,0.76264,1.37,1.37
2015.04.02 18:24:27.254,0.7623,0.76264,1.50,1.37
2015.04.02 18:24:27.321,0.7623,0.76264,1.75,1.12
2015.04.02 18:24:27.522,0.76234,0.76266,1.37,1.12
2015.04.02 18:24:31.630,0.76234,0.76266,1.50,1.00
2015.04.02 18:24:32.632,0.76234,0.76266,1.37,1.00
2015.04.02 18:24:34.134,0.76234,0.76266,1.50,1.00
2015.04.02 18:24:37.954,0.76234,0.76266,1.37,1.00
2015.04.02 18:24:38.476,0.76234,0.76266,1.50,1.00
2015.04.02 18:24:42.659,0.76234,0.76266,1.75,1.00
2015.04.02 18:24:42.908,0.76238,0.7627,1.50,1.12
2015.04.02 18:24:43.064,0.76237,0.76271,1.37,1.37
2015.04.02 18:24:43.166,0.76237,0.76269,1.00,1.00
2015.04.02 18:24:43.216,0.76229,0.76261,1.00,1.00
2015.04.02 18:24:43.786,0.76226,0.76258,1.12,1.00
2015.04.02 18:24:44.270,0.76226,0.76258,1.37,1.00
2015.04.02 18:24:45.374,0.76226,0.76258,1.50,1.00
2015.04.02 18:24:45.727,0.76228,0.7626,1.37,1.00
2015.04.02 18:24:46.049,0.7623,0.76261,1.37,1.37
2015.04.02 18:24:46.482,0.76229,0.76261,3.00,1.00
2015.04.02 18:24:46.532,0.76231,0.76263,1.50,1.00
2015.04.02 18:24:47.248,0.76233,0.76265,1.37,1.37
2015.04.02 18:24:47.534,0.76234,0.76268,1.37,1.37
2015.04.02 18:24:48.098,0.76234,0.76268,1.37,1.37
2015.04.02 18:24:48.198,0.76234,0.76268,1.75,1.37
2015.04.02 18:24:48.906,0.76236,0.76268,1.37,1.12
2015.04.02 18:24:49.212,0.76231,0.76263,1.37,1.37
2015.04.02 18:24:49.414,0.7623,0.76262,1.00,1.00
2015.04.02 18:24:49.515,0.76228,0.7626,1.00,1.00
2015.04.02 18:24:49.896,0.7623,0.76262,1.00,1.00
2015.04.02 18:24:49.946,0.76231,0.76265,1.00,1.00
2015.04.02 18:24:50.447,0.7623,0.76264,1.00,1.00
2015.04.02 18:24:51.377,0.7623,0.76264,3.00,1.00
2015.04.02 18:24:52.476,0.76232,0.76266,1.37,1.00
2015.04.02 18:24:52.980,0.76235,0.76266,1.37,1.00
2015.04.02 18:24:53.080,0.76235,0.76266,1.75,1.00
2015.04.02 18:24:53.130,0.76238,0.7627,1.37,1.00
2015.04.02 18:24:53.442,0.76236,0.76268,1.37,1.00
2015.04.02 18:24:53.492,0.76236,0.76268,1.37,1.37
2015.04.02 18:24:54.887,0.76237,0.76269,1.37,1.00
2015.04.02 18:24:55.633,0.76237,0.76271,1.75,1.00
2015.04.02 18:24:56.391,0.7624,0.76271,1.50,1.00
2015.04.02 18:24:56.505,0.76243,0.76275,1.37,1.00
2015.04.02 18:25:01.134,0.7624,0.76268,1.00,1.00
2015.04.02 18:25:01.337,0.76236,0.76268,1.37,1.00
2015.04.02 18:25:01.387,0.76233,0.76265,1.37,1.00
2015.04.02 18:25:01.616,0.76233,0.76265,1.00,1.00
2015.04.02 18:25:02.885,0.76235,0.76267,1.00,1.00
2015.04.02 18:25:03.194,0.76235,0.76267,1.37,1.12
2015.04.02 18:25:04.797,0.76235,0.76267,1.37,1.00
2015.04.02 18:25:05.499,0.76235,0.76267,1.37,1.00
2015.04.02 18:25:12.939,0.76234,0.76266,1.37,1.00
2015.04.02 18:25:13.315,0.76233,0.76265,1.75,1.00
2015.04.02 18:25:13.365,0.76237,0.76269,1.37,1.12
2015.04.02 18:25:14.683,0.76238,0.76272,1.37,1.00
2015.04.02 18:25:15.919,0.76238,0.76272,1.37,1.37
2015.04.02 18:25:17.335,0.76238,0.76272,1.50,1.00
2015.04.02 18:25:17.914,0.76241,0.76273,1.37,1.00
2015.04.02 18:25:27.543,0.76241,0.76273,1.37,1.00
2015.04.02 18:25:31.445,0.76244,0.76276,1.37,1.12
2015.04.02 18:25:32.574,0.76245,0.76277,1.37,1.00
2015.04.02 18:25:33.511,0.76245,0.76277,1.37,1.00
2015.04.02 18:25:34.456,0.76245,0.76277,1.12,1.00
2015.04.02 18:25:35.359,0.76245,0.76277,1.37,1.00
2015.04.02 18:25:36.063,0.76245,0.76277,1.50,1.00
2015.04.02 18:25:41.577,0.76245,0.76277,1.37,1.00
2015.04.02 18:25:43.183,0.76245,0.76277,1.00,1.00
2015.04.02 18:25:44.994,0.76245,0.76277,1.00,1.37
2015.04.02 18:25:45.045,0.76242,0.76274,1.12,1.00
2015.04.02 18:25:45.097,0.76242,0.76274,1.00,1.37
2015.04.02 18:25:45.147,0.76238,0.7627,1.37,1.00
2015.04.02 18:25:45.455,0.76236,0.76268,1.37,1.00
2015.04.02 18:25:45.884,0.76236,0.76268,1.50,1.00
2015.04.02 18:25:49.019,0.76236,0.76268,1.75,1.00
2015.04.02 18:25:49.124,0.76238,0.7627,1.75,1.00
2015.04.02 18:25:49.304,0.7624,0.76272,1.37,1.00
2015.04.02 18:25:50.293,0.76241,0.76273,1.37,1.00
2015.04.02 18:25:52.326,0.76241,0.76273,1.00,1.12
2015.04.02 18:25:52.427,0.76236,0.7627,1.37,1.00
2015.04.02 18:25:52.864,0.76234,0.76266,1.50,1.00
2015.04.02 18:25:53.333,0.76234,0.76266,1.37,1.00
2015.04.02 18:25:53.857,0.76233,0.76265,1.00,1.00
2015.04.02 18:25:54.914,0.76231,0.76263,1.12,1.00
2015.04.02 18:25:55.234,0.7623,0.76261,1.00,1.00
2015.04.02 18:25:55.753,0.7623,0.7626,1.00,1.00
2015.04.02 18:26:02.164,0.76229,0.7626,1.00,1.00
2015.04.02 18:26:02.760,0.7623,0.7626,1.00,1.00
2015.04.02 18:26:02.825,0.76226,0.7626,1.12,1.00
2015.04.02 18:26:02.944,0.76226,0.76258,1.12,1.00
2015.04.02 18:26:04.103,0.76226,0.76258,1.37,1.00
2015.04.02 18:26:06.868,0.76226,0.76258,1.37,1.00
2015.04.02 18:26:06.919,0.76224,0.76255,1.37,1.00
2015.04.02 18:26:07.244,0.76225,0.76253,1.37,1.00
2015.04.02 18:26:07.683,0.76221,0.76253,1.37,1.00
2015.04.02 18:26:07.872,0.7622,0.76252,1.87,1.00
2015.04.02 18:26:12.514,0.7622,0.7625,1.37,1.00
2015.04.02 18:26:14.153,0.76225,0.7625,1.00,1.00
2015.04.02 18:26:14.203,0.76225,0.76253,1.00,1.00
2015.04.02 18:26:14.274,0.76225,0.76256,1.00,1.00
2015.04.02 18:26:14.790,0.76225,0.76256,1.37,1.00
2015.04.02 18:26:15.334,0.76225,0.76257,1.87,1.00
2015.04.02 18:26:18.799,0.76225,0.76257,1.87,1.00
2015.04.02 18:26:23.821,0.76225,0.76257,1.87,1.00
2015.04.02 18:26:23.921,0.76227,0.76259,1.12,1.00
2015.04.02 18:26:27.474,0.76225,0.76257,1.87,1.00
2015.04.02 18:26:27.844,0.76223,0.76255,1.00,1.00
2015.04.02 18:26:28.124,0.76225,0.76255,1.00,1.00
2015.04.02 18:26:28.345,0.76223,0.76255,1.00,1.00
2015.04.02 18:26:29.113,0.76225,0.76255,1.00,1.00
2015.04.02 18:26:30.323,0.76223,0.76255,1.00,1.00
2015.04.02 18:26:30.543,0.76225,0.76255,1.00,1.00
2015.04.02 18:26:31.104,0.76225,0.76256,1.00,1.00
2015.04.02 18:26:33.564,0.76225,0.76252,1.12,1.00
2015.04.02 18:26:35.876,0.7622,0.76252,1.87,1.00
2015.04.02 18:26:36.139,0.7622,0.76252,3.00,1.00
2015.04.02 18:26:36.941,0.7622,0.76252,1.75,1.00
2015.04.02 18:26:37.745,0.7622,0.76252,1.87,1.00
2015.04.02 18:26:40.271,0.7622,0.76252,3.00,1.00
2015.04.02 18:26:40.845,0.7622,0.76252,3.00,1.00
2015.04.02 18:26:42.852,0.7622,0.76252,3.00,1.00
2015.04.02 18:26:42.953,0.76225,0.76255,1.37,1.00
2015.04.02 18:26:43.053,0.76225,0.76256,1.50,1.00
2015.04.02 18:26:43.103,0.76228,0.7626,1.37,1.12
2015.04.02 18:26:43.204,0.76226,0.76258,1.50,1.00
2015.04.02 18:26:43.544,0.7623,0.76262,1.37,1.00
2015.04.02 18:26:43.594,0.7623,0.76262,1.37,1.00
2015.04.02 18:26:53.693,0.7623,0.76262,3.00,1.00
2015.04.02 18:26:53.884,0.76235,0.76266,1.37,1.00
2015.04.02 18:26:53.969,0.76235,0.76266,1.75,1.00
2015.04.02 18:26:54.019,0.76236,0.7627,1.50,1.00
2015.04.02 18:26:54.120,0.76241,0.76273,1.12,1.37
2015.04.02 18:26:54.271,0.76242,0.76274,1.00,1.00
2015.04.02 18:26:54.473,0.76239,0.76271,1.00,1.00
2015.04.02 18:26:54.574,0.76238,0.76273,1.00,1.00
2015.04.02 18:26:54.644,0.76239,0.76271,1.00,1.00
2015.04.02 18:26:54.974,0.76237,0.76269,1.00,1.00
2015.04.02 18:26:55.525,0.76235,0.76267,1.00,1.00
2015.04.02 18:26:55.845,0.76234,0.76266,1.00,1.37
2015.04.02 18:26:55.976,0.76231,0.76265,1.00,1.12
2015.04.02 18:26:56.175,0.76231,0.76265,1.00,1.37
2015.04.02 18:26:56.902,0.76231,0.76263,1.00,1.37
2015.04.02 18:27:00.382,0.76231,0.76263,1.00,1.37
2015.04.02 18:27:00.932,0.76231,0.76263,1.00,1.37
2015.04.02 18:27:01.033,0.76229,0.76261,1.00,1.37
2015.04.02 18:27:01.584,0.7623,0.76262,1.00,1.37
2015.04.02 18:27:03.153,0.76225,0.76256,1.37,1.00
2015.04.02 18:27:03.488,0.76225,0.76259,1.87,1.00
2015.04.02 18:27:03.539,0.76225,0.76259,1.87,1.00
2015.04.02 18:27:04.190,0.76229,0.7626,1.37,1.00
2015.04.02 18:27:04.722,0.76229,0.7626,1.00,1.00
2015.04.02 18:27:06.943,0.76229,0.76258,1.00,1.00
2015.04.02 18:27:07.504,0.76226,0.76258,1.37,1.00
2015.04.02 18:27:07.810,0.76225,0.76256,1.37,1.00
2015.04.02 18:27:07.910,0.76225,0.76255,1.00,1.00
2015.04.02 18:27:07.960,0.7622,0.76252,1.87,1.00
2015.04.02 18:27:08.104,0.7622,0.76252,1.87,1.00
2015.04.02 18:27:08.212,0.7622,0.7625,1.12,1.00
2015.04.02 18:27:11.720,0.76215,0.76249,1.37,1.00
2015.04.02 18:27:12.173,0.76215,0.76246,1.37,1.00
2015.04.02 18:27:13.952,0.76214,0.76246,1.87,1.00
2015.04.02 18:27:14.750,0.76214,0.76246,3.00,1.00
2015.04.02 18:27:14.800,0.76216,0.76248,1.37,1.00
2015.04.02 18:27:15.534,0.76216,0.76248,1.37,1.00
2015.04.02 18:27:16.973,0.7622,0.76251,1.12,1.00
2015.04.02 18:27:17.024,0.7622,0.76251,1.37,1.00
2015.04.02 18:27:17.402,0.76225,0.76255,1.37,1.00
2015.04.02 18:27:17.963,0.76225,0.76256,1.37,1.00
2015.04.02 18:27:18.515,0.76225,0.76256,1.37,1.00
2015.04.02 18:27:19.726,0.76225,0.76256,1.37,1.00
2015.04.02 18:27:20.452,0.76224,0.76256,1.12,1.00
2015.04.02 18:27:20.502,0.76222,0.76254,1.37,1.00
2015.04.02 18:27:20.658,0.76222,0.76254,1.12,1.00
2015.04.02 18:27:20.758,0.7622,0.76252,1.87,1.00
2015.04.02 18:27:21.129,0.7622,0.7625,1.00,1.00
2015.04.02 18:27:21.552,0.76215,0.76247,1.37,1.00
2015.04.02 18:27:23.032,0.76215,0.76247,1.87,1.00
2015.04.02 18:27:26.983,0.76215,0.76249,1.37,1.00
2015.04.02 18:27:29.612,0.7622,0.76249,1.00,1.00
2015.04.02 18:27:29.897,0.7622,0.76251,1.12,1.00
2015.04.02 18:27:31.489,0.76219,0.76251,1.87,1.00
2015.04.02 18:27:31.540,0.7622,0.76254,1.37,1.12
2015.04.02 18:27:31.643,0.76223,0.76255,1.00,1.37
2015.04.02 18:27:31.994,0.76223,0.76255,1.37,1.00
2015.04.02 18:27:32.044,0.76224,0.76258,1.37,1.00
2015.04.02 18:27:32.621,0.76227,0.76259,1.37,1.00
2015.04.02 18:27:33.151,0.76225,0.76257,1.37,1.00
2015.04.02 18:27:36.112,0.76223,0.76255,1.37,1.00
2015.04.02 18:27:36.268,0.76223,0.76255,1.37,1.00
2015.04.02 18:27:36.869,0.76223,0.76255,1.00,1.00
2015.04.02 18:27:36.993,0.7622,0.76252,1.87,1.00
2015.04.02 18:27:37.774,0.7622,0.76252,1.87,1.00
2015.04.02 18:27:39.214,0.7622,0.76252,1.37,1.00
2015.04.02 18:27:39.535,0.76219,0.7625,1.12,1.00
2015.04.02 18:27:39.686,0.76211,0.76249,1.75,1.00
2015.04.02 18:27:40.017,0.76211,0.7625,1.00,1.00
2015.04.02 18:27:40.293,0.7621,0.76246,1.00,1.00
2015.04.02 18:27:40.733,0.76212,0.76244,1.00,1.00
2015.04.02 18:27:41.322,0.76212,0.76244,1.37,1.00
2015.04.02 18:27:42.804,0.76212,0.76244,1.50,1.00
2015.04.02 18:27:42.904,0.76214,0.76244,1.37,1.00
2015.04.02 18:27:43.005,0.76215,0.76244,1.37,1.00
2015.04.02 18:27:48.474,0.76215,0.76246,1.37,1.00
2015.04.02 18:27:49.829,0.76215,0.76246,1.37,1.00
2015.04.02 18:27:50.454,0.76217,0.76249,1.37,1.00
2015.04.02 18:27:51.072,0.76215,0.76247,1.87,1.00
2015.04.02 18:27:52.539,0.76215,0.76247,1.87,1.00
2015.04.02 18:28:00.456,0.76213,0.76247,1.37,1.00
2015.04.02 18:28:01.633,0.76211,0.76245,1.75,1.00
2015.04.02 18:28:01.683,0.76211,0.76245,1.37,1.00
2015.04.02 18:28:01.893,0.76209,0.76243,1.37,1.12
2015.04.02 18:28:02.004,0.76207,0.76241,1.37,1.00
2015.04.02 18:28:02.262,0.76205,0.76237,1.87,1.00
2015.04.02 18:28:02.312,0.76205,0.76235,1.12,1.00
2015.04.02 18:28:03.103,0.76203,0.76235,1.37,1.00
2015.04.02 18:28:04.067,0.76203,0.76235,1.37,1.00
2015.04.02 18:28:04.376,0.76206,0.76238,1.75,1.00
2015.04.02 18:28:04.923,0.76207,0.76239,1.75,1.00
2015.04.02 18:28:05.292,0.7621,0.76239,1.50,1.00
2015.04.02 18:28:05.521,0.76211,0.76243,1.75,1.00
2015.04.02 18:28:05.622,0.76214,0.76245,1.37,1.00
2015.04.02 18:28:05.673,0.76214,0.76245,1.00,1.00
2015.04.02 18:28:06.133,0.76212,0.76244,1.00,1.00
2015.04.02 18:28:06.374,0.76212,0.76244,1.37,1.00
2015.04.02 18:28:09.222,0.76215,0.76247,1.12,1.00
2015.04.02 18:28:10.583,0.76215,0.76247,1.37,1.12
2015.04.02 18:28:10.694,0.76215,0.76244,1.37,1.00
2015.04.02 18:28:11.244,0.76215,0.76247,1.37,1.00
2015.04.02 18:28:12.086,0.76216,0.76248,1.37,1.00
2015.04.02 18:28:12.412,0.76213,0.76245,1.75,1.00
2015.04.02 18:28:13.891,0.76213,0.76245,1.75,1.00
2015.04.02 18:28:14.431,0.76215,0.76248,1.75,1.00
2015.04.02 18:28:15.493,0.76215,0.76248,1.75,1.00
2015.04.02 18:28:16.602,0.76218,0.7625,1.37,1.00
2015.04.02 18:28:17.073,0.7622,0.76252,1.12,1.00
2015.04.02 18:28:17.791,0.7622,0.76252,1.87,1.00
2015.04.02 18:28:18.700,0.7622,0.76252,1.87,1.00
2015.04.02 18:28:19.451,0.7622,0.76252,1.87,1.00
2015.04.02 18:28:19.821,0.7622,0.76252,1.37,1.00
2015.04.02 18:28:20.805,0.7622,0.76252,1.37,1.00
2015.04.02 18:28:25.402,0.76219,0.76251,1.37,1.00
2015.04.02 18:28:25.713,0.76219,0.76251,1.12,1.00
2015.04.02 18:28:26.372,0.76219,0.76251,1.37,1.00
2015.04.02 18:28:27.981,0.76217,0.76249,1.37,1.00
2015.04.02 18:28:30.822,0.76217,0.76249,1.50,1.00
2015.04.02 18:28:30.932,0.76219,0.76251,1.37,1.00
2015.04.02 18:28:33.092,0.76219,0.76253,1.37,1.00
2015.04.02 18:28:35.830,0.76219,0.76253,1.37,1.00
2015.04.02 18:28:43.141,0.76221,0.76255,1.37,1.00
2015.04.02 18:28:44.202,0.76222,0.76254,1.37,1.00
2015.04.02 18:28:44.252,0.76222,0.76254,1.00,1.00
2015.04.02 18:28:46.045,0.76222,0.76254,1.37,1.00
2015.04.02 18:28:46.947,0.76223,0.76255,1.00,1.00
2015.04.02 18:28:46.997,0.76221,0.76253,1.37,1.00
2015.04.02 18:28:48.264,0.76221,0.76253,1.37,1.00
2015.04.02 18:28:49.451,0.76221,0.76253,1.50,1.00
2015.04.02 18:29:03.781,0.76223,0.76255,1.37,1.00
2015.04.02 18:29:11.143,0.76223,0.76255,1.37,1.00
2015.04.02 18:29:14.107,0.76223,0.76255,1.75,1.00
2015.04.02 18:29:14.157,0.76227,0.76259,1.37,1.00
2015.04.02 18:29:14.209,0.76227,0.76259,1.37,1.00
2015.04.02 18:29:16.801,0.76228,0.7626,1.37,1.00
2015.04.02 18:29:17.238,0.76231,0.76263,1.37,1.00
2015.04.02 18:29:17.349,0.76235,0.76263,1.00,1.00
2015.04.02 18:29:17.410,0.76231,0.76263,1.12,1.00
2015.04.02 18:29:18.120,0.76231,0.76263,1.37,1.00
2015.04.02 18:29:18.438,0.76233,0.76265,1.37,1.00
2015.04.02 18:29:18.638,0.76235,0.76267,1.87,1.00
2015.04.02 18:29:20.024,0.76235,0.76267,1.87,1.00
2015.04.02 18:29:20.125,0.76235,0.76267,1.87,1.00
2015.04.02 18:29:20.650,0.76234,0.76266,1.00,1.00
2015.04.02 18:29:20.831,0.76232,0.76264,1.37,1.00
2015.04.02 18:29:23.131,0.76232,0.76264,1.37,1.00
2015.04.02 18:29:25.436,0.76232,0.76264,1.37,1.00
2015.04.02 18:29:25.810,0.76239,0.76269,1.00,1.00
2015.04.02 18:29:25.882,0.76237,0.76269,1.00,1.00
2015.04.02 18:29:25.992,0.7624,0.76269,1.00,1.00
2015.04.02 18:29:26.651,0.76237,0.76269,1.00,1.00
2015.04.02 18:29:26.739,0.76237,0.76269,1.37,1.00
2015.04.02 18:29:27.369,0.76237,0.76269,1.37,1.00
2015.04.02 18:29:29.890,0.76237,0.76269,1.37,1.00
2015.04.02 18:29:34.853,0.76237,0.76269,1.37,1.00
2015.04.02 18:29:37.084,0.76237,0.76269,1.12,1.12
2015.04.02 18:29:37.185,0.76234,0.76268,1.37,1.12
2015.04.02 18:29:37.235,0.76235,0.76265,1.12,1.00
2015.04.02 18:29:37.702,0.76232,0.76264,1.37,1.12
2015.04.02 18:29:38.263,0.76232,0.76264,1.37,1.00
2015.04.02 18:29:40.999,0.76228,0.76262,1.37,1.00
2015.04.02 18:29:41.349,0.76231,0.76263,1.37,1.00
2015.04.02 18:29:44.777,0.76231,0.76263,1.00,1.12
2015.04.02 18:29:44.827,0.76228,0.7626,1.37,1.00
2015.04.02 18:29:45.032,0.76227,0.76259,1.12,1.00
2015.04.02 18:29:45.581,0.76226,0.76258,1.37,1.00
2015.04.02 18:29:46.079,0.76226,0.76258,1.37,1.00
2015.04.02 18:29:47.359,0.76226,0.76258,1.37,1.00
2015.04.02 18:29:47.913,0.76226,0.76258,1.37,1.00
2015.04.02 18:29:48.521,0.76226,0.76258,1.37,1.00
2015.04.02 18:29:50.091,0.76223,0.76255,1.50,1.00
2015.04.02 18:29:53.389,0.76223,0.76255,1.37,1.00
2015.04.02 18:29:55.692,0.76223,0.76255,1.37,1.00
2015.04.02 18:29:55.799,0.76225,0.76257,1.37,1.00
2015.04.02 18:29:59.396,0.76225,0.76257,1.37,1.00
2015.04.02 18:29:59.697,0.76225,0.76257,1.37,1.00
2015.04.02 18:30:00.374,0.76225,0.76257,1.37,1.00
2015.04.02 18:30:00.999,0.76225,0.76257,1.37,1.00
2015.04.02 18:30:03.150,0.76225,0.76257,3.00,1.00
2015.04.02 18:30:03.201,0.76228,0.7626,1.37,1.00
2015.04.02 18:30:03.412,0.76229,0.76261,1.75,1.00
2015.04.02 18:30:03.657,0.76231,0.76263,1.37,1.00
2015.04.02 18:30:03.707,0.76231,0.76263,1.50,1.00
2015.04.02 18:30:03.958,0.76233,0.76267,1.37,1.00
2015.04.02 18:30:05.912,0.76233,0.76267,1.37,1.00
2015.04.02 18:30:06.212,0.76233,0.76267,1.37,1.00
2015.04.02 18:30:10.319,0.76233,0.76267,1.12,1.00
2015.04.02 18:30:18.133,0.76233,0.76267,1.37,1.00
2015.04.02 18:30:19.837,0.76233,0.76267,1.37,1.00
2015.04.02 18:30:26.390,0.76233,0.76267,1.37,1.00
2015.04.02 18:30:32.861,0.76233,0.76267,1.75,1.00
2015.04.02 18:30:32.911,0.76237,0.76269,1.37,1.00
2015.04.02 18:30:37.709,0.76237,0.76269,1.50,1.00
2015.04.02 18:30:38.472,0.76237,0.76269,1.37,1.00
2015.04.02 18:30:38.624,0.76239,0.76273,1.37,1.00
2015.04.02 18:30:40.777,0.76239,0.76273,1.37,1.00
2015.04.02 18:30:40.877,0.76241,0.76273,1.37,1.00
2015.04.02 18:30:47.590,0.76241,0.76273,1.75,1.00
2015.04.02 18:30:48.094,0.76241,0.76273,1.50,1.00
2015.04.02 18:30:48.831,0.76248,0.7628,1.00,1.37
2015.04.02 18:30:53.098,0.76248,0.7628,1.00,1.37
2015.04.02 18:30:53.453,0.76238,0.7627,1.75,1.00
2015.04.02 18:30:54.291,0.76237,0.76269,1.75,1.00
2015.04.02 18:31:00.509,0.76237,0.76269,1.75,1.00
2015.04.02 18:31:06.322,0.76237,0.76269,1.75,1.00
2015.04.02 18:31:06.373,0.76237,0.76271,1.75,1.00
2015.04.02 18:31:06.623,0.7624,0.76271,1.75,1.00
2015.04.02 18:31:07.825,0.7624,0.76271,1.50,1.00
2015.04.02 18:31:08.339,0.76239,0.76271,1.50,1.00
2015.04.02 18:31:08.439,0.76242,0.76274,1.37,1.00
2015.04.02 18:31:08.839,0.76245,0.76274,1.37,1.00
2015.04.02 18:31:09.169,0.76239,0.76271,1.75,1.00
2015.04.02 18:31:09.330,0.76239,0.76271,1.37,1.00
2015.04.02 18:31:09.380,0.76237,0.76269,1.75,1.00
2015.04.02 18:31:18.944,0.76237,0.76269,1.75,1.00
2015.04.02 18:31:19.745,0.76238,0.7627,1.50,1.00
2015.04.02 18:31:19.845,0.76238,0.7627,1.75,1.00
2015.04.02 18:31:29.759,0.76236,0.7627,1.75,1.00
2015.04.02 18:31:29.809,0.7624,0.76274,1.75,1.00
2015.04.02 18:31:29.958,0.7624,0.76274,1.87,1.00
2015.04.02 18:31:30.508,0.76245,0.76274,1.00,1.00
2015.04.02 18:31:30.829,0.76236,0.7627,1.75,1.00
2015.04.02 18:31:31.763,0.76236,0.7627,1.75,1.00
2015.04.02 18:31:40.874,0.76236,0.7627,1.75,1.00
2015.04.02 18:31:43.211,0.76236,0.7627,1.75,1.00
2015.04.02 18:31:43.370,0.76235,0.76267,3.00,1.00
2015.04.02 18:31:46.083,0.76235,0.76267,3.00,1.00
2015.04.02 18:31:47.008,0.76235,0.76267,3.00,1.00
2015.04.02 18:31:47.071,0.76235,0.76264,1.75,1.00
2015.04.02 18:31:47.121,0.76232,0.76264,1.75,1.00
2015.04.02 18:31:47.338,0.76233,0.76267,1.75,1.00
2015.04.02 18:31:47.439,0.76232,0.76264,1.75,1.00
2015.04.02 18:31:48.328,0.76232,0.76264,1.75,1.00
2015.04.02 18:31:48.739,0.7623,0.76262,1.75,1.00
2015.04.02 18:31:50.591,0.7623,0.76262,1.50,1.00
2015.04.02 18:31:50.841,0.7623,0.7626,1.50,1.00
2015.04.02 18:31:54.997,0.7623,0.7626,1.37,1.00
2015.04.02 18:32:02.349,0.76228,0.7626,1.75,1.00
2015.04.02 18:32:13.526,0.76228,0.7626,1.75,1.00
2015.04.02 18:32:14.830,0.76228,0.7626,1.50,1.00
2015.04.02 18:32:16.562,0.76225,0.76259,1.75,1.00
2015.04.02 18:32:25.357,0.76229,0.76259,1.75,1.00
2015.04.02 18:32:34.673,0.7623,0.76259,1.37,1.00
2015.04.02 18:32:38.927,0.7623,0.76259,1.50,1.00
2015.04.02 18:32:40.881,0.7623,0.76259,1.12,1.00
2015.04.02 18:32:40.982,0.7623,0.76259,1.37,1.00
2015.04.02 18:32:42.777,0.76234,0.76259,1.00,1.00
2015.04.02 18:32:43.407,0.76235,0.76259,1.00,1.00
2015.04.02 18:32:44.429,0.7623,0.76259,1.37,1.00
2015.04.02 18:33:00.439,0.7623,0.7626,1.37,1.00
2015.04.02 18:33:06.537,0.76235,0.7626,1.00,1.00
2015.04.02 18:33:07.419,0.7623,0.7626,1.37,1.00
2015.04.02 18:33:10.718,0.76235,0.7626,1.00,1.00
2015.04.02 18:33:11.049,0.7623,0.76261,1.75,1.00
2015.04.02 18:33:11.357,0.76235,0.76264,1.37,1.00
2015.04.02 18:33:11.459,0.76235,0.76264,1.37,1.00
2015.04.02 18:33:11.559,0.76235,0.76266,1.37,1.00
2015.04.02 18:33:13.366,0.76235,0.76266,1.00,1.00
2015.04.02 18:33:13.583,0.7624,0.76266,1.37,1.00
2015.04.02 18:33:13.787,0.76239,0.7627,1.00,1.00
2015.04.02 18:33:13.988,0.76237,0.76269,1.12,1.00
2015.04.02 18:33:14.088,0.76234,0.76264,1.37,1.00
2015.04.02 18:33:14.189,0.76232,0.76264,1.37,1.00
2015.04.02 18:33:14.777,0.76231,0.76263,1.75,1.00
2015.04.02 18:33:15.008,0.76233,0.76265,1.50,1.00
2015.04.02 18:33:15.387,0.76234,0.76265,1.75,1.00
2015.04.02 18:33:15.437,0.76235,0.76267,1.75,1.00
2015.04.02 18:33:15.537,0.7624,0.76269,1.37,1.00
2015.04.02 18:33:17.091,0.7624,0.76269,1.37,1.00
2015.04.02 18:33:17.192,0.7624,0.76273,1.37,1.00
2015.04.02 18:33:17.243,0.76245,0.76273,1.37,1.00
2015.04.02 18:33:17.806,0.76245,0.76273,1.00,1.00
2015.04.02 18:33:17.868,0.7624,0.76273,1.37,1.00
2015.04.02 18:33:17.918,0.7624,0.76273,1.37,1.00
2015.04.02 18:33:18.308,0.76238,0.7627,1.50,1.00
2015.04.02 18:33:18.549,0.76238,0.7627,1.37,1.00
2015.04.02 18:33:18.600,0.76238,0.7627,1.00,1.00
2015.04.02 18:33:18.700,0.76236,0.76268,1.37,1.00
2015.04.02 18:33:19.301,0.76235,0.76267,1.87,1.00
2015.04.02 18:33:20.287,0.7624,0.76267,1.00,1.00
2015.04.02 18:33:22.657,0.76235,0.76267,1.87,1.00
2015.04.02 18:33:23.208,0.76235,0.76267,3.00,1.00
2015.04.02 18:33:25.512,0.76235,0.76267,1.75,1.00
2015.04.02 18:33:25.815,0.76241,0.76273,1.00,1.00
2015.04.02 18:33:26.336,0.7624,0.76272,1.00,1.00
2015.04.02 18:33:26.749,0.76237,0.76269,1.37,1.00
2015.04.02 18:33:27.059,0.76237,0.76269,1.75,1.00
2015.04.02 18:33:27.619,0.76237,0.76269,1.75,1.00
2015.04.02 18:33:28.156,0.76237,0.76269,1.75,1.00
2015.04.02 18:33:29.476,0.7624,0.76271,1.75,1.00
2015.04.02 18:33:32.889,0.7624,0.76272,3.00,1.00
2015.04.02 18:33:35.946,0.7624,0.76272,1.00,1.00
2015.04.02 18:33:36.047,0.7624,0.76272,3.00,1.00
2015.04.02 18:33:40.039,0.7624,0.76271,1.75,1.00
2015.04.02 18:33:40.144,0.7624,0.76271,1.50,1.00
2015.04.02 18:33:40.416,0.7624,0.76269,1.50,1.00
2015.04.02 18:33:41.881,0.7624,0.76269,1.37,1.00
2015.04.02 18:33:41.982,0.7624,0.76267,1.00,1.00
2015.04.02 18:33:42.236,0.76235,0.76267,1.37,1.00
2015.04.02 18:33:42.825,0.76235,0.76267,1.37,1.00
2015.04.02 18:33:44.852,0.76235,0.76267,1.37,1.00
2015.04.02 18:33:51.564,0.76235,0.76267,1.75,1.00
2015.04.02 18:33:55.370,0.76235,0.76267,1.50,1.00
2015.04.02 18:33:58.076,0.76235,0.76267,1.75,1.00
2015.04.02 18:33:58.288,0.76235,0.76267,1.37,1.00
2015.04.02 18:34:05.496,0.76235,0.76267,1.87,1.00
2015.04.02 18:34:05.892,0.76235,0.76263,1.37,1.00
2015.04.02 18:34:06.142,0.76234,0.76266,1.37,1.00
2015.04.02 18:34:06.193,0.76234,0.76266,1.00,1.00
2015.04.02 18:34:06.243,0.76231,0.76263,1.00,1.00
2015.04.02 18:34:07.195,0.76231,0.76263,1.37,1.00
2015.04.02 18:34:07.295,0.76231,0.76263,1.37,1.00
2015.04.02 18:34:07.461,0.7623,0.76261,1.37,1.00
2015.04.02 18:34:07.976,0.7623,0.76261,1.37,1.00
2015.04.02 18:34:09.198,0.76229,0.76261,1.50,1.00
2015.04.02 18:34:10.005,0.7623,0.76258,1.37,1.00
2015.04.02 18:34:11.201,0.76226,0.76258,1.75,1.00
2015.04.02 18:34:11.603,0.76226,0.76258,1.75,1.00
2015.04.02 18:34:11.653,0.76224,0.76255,1.75,1.00
2015.04.02 18:34:11.703,0.76224,0.76255,1.75,1.00
2015.04.02 18:34:11.804,0.76221,0.76255,1.75,1.00
2015.04.02 18:34:12.021,0.76221,0.76255,1.75,1.00
2015.04.02 18:34:12.505,0.76224,0.76255,1.75,1.00
2015.04.02 18:34:16.012,0.76224,0.76255,1.75,1.00
2015.04.02 18:34:16.798,0.76224,0.76256,3.00,1.00
2015.04.02 18:34:17.376,0.76229,0.76257,1.37,1.00
2015.04.02 18:34:17.426,0.76229,0.76257,1.37,1.00
2015.04.02 18:34:19.918,0.76229,0.76257,1.50,1.00
2015.04.02 18:34:19.969,0.76229,0.76261,3.00,1.00
2015.04.02 18:34:20.125,0.7623,0.76264,3.00,1.00
2015.04.02 18:34:20.720,0.7623,0.76264,3.00,1.00
2015.04.02 18:34:24.227,0.7623,0.76264,1.75,1.00
2015.04.02 18:34:27.936,0.7623,0.76262,1.37,1.00
2015.04.02 18:34:28.045,0.7623,0.76259,1.37,1.00
2015.04.02 18:34:28.533,0.76234,0.76261,1.37,1.00
2015.04.02 18:34:28.878,0.76234,0.76263,1.37,1.00
2015.04.02 18:34:29.943,0.76235,0.76263,1.37,1.00
2015.04.02 18:34:30.356,0.76232,0.76264,1.37,1.00
2015.04.02 18:34:30.419,0.7623,0.7626,1.50,1.00
2015.04.02 18:34:30.795,0.76232,0.76264,1.37,1.00
2015.04.02 18:34:30.849,0.76232,0.76264,1.50,1.00
2015.04.02 18:34:32.618,0.76231,0.76263,1.75,1.00
2015.04.02 18:34:32.885,0.7623,0.76262,1.37,1.00
2015.04.02 18:34:32.949,0.76229,0.76259,1.37,1.00
2015.04.02 18:34:33.218,0.7623,0.76261,1.37,1.00
2015.04.02 18:34:33.420,0.76231,0.76263,1.50,1.00
2015.04.02 18:34:33.498,0.76231,0.76265,1.50,1.00
2015.04.02 18:34:34.047,0.76231,0.76265,1.75,1.00
2015.04.02 18:34:34.315,0.76235,0.76265,1.50,1.00
2015.04.02 18:34:35.809,0.76234,0.76266,1.75,1.00
2015.04.02 18:34:35.890,0.76234,0.76266,1.37,1.00
2015.04.02 18:34:38.105,0.76234,0.76266,1.50,1.00
2015.04.02 18:34:38.235,0.76236,0.76268,1.37,1.00
2015.04.02 18:34:38.936,0.76233,0.76267,1.75,1.00
2015.04.02 18:34:39.037,0.76233,0.76267,1.37,1.00
2015.04.02 18:34:39.155,0.76231,0.76265,1.75,1.00
2015.04.02 18:34:39.218,0.76231,0.76265,1.37,1.00
2015.04.02 18:34:39.595,0.76231,0.76263,1.37,1.00
2015.04.02 18:34:39.926,0.76231,0.76263,1.37,1.00
2015.04.02 18:34:40.978,0.7623,0.76261,1.37,1.00
2015.04.02 18:34:46.195,0.7623,0.76261,1.75,1.00
2015.04.02 18:34:48.453,0.7623,0.76261,1.50,1.00
2015.04.02 18:34:48.757,0.76229,0.76261,1.75,1.00
2015.04.02 18:34:48.808,0.76231,0.76263,1.75,1.00
2015.04.02 18:34:49.335,0.76231,0.76263,1.75,1.00
2015.04.02 18:34:50.705,0.76231,0.76263,1.75,1.00
2015.04.02 18:34:50.814,0.76234,0.76266,1.50,1.00
2015.04.02 18:34:51.257,0.76236,0.76268,1.37,1.00
2015.04.02 18:34:51.771,0.76236,0.76268,1.50,1.00
2015.04.02 18:34:54.948,0.76237,0.76269,1.37,1.00
2015.04.02 18:34:55.777,0.76237,0.76269,1.37,1.00
2015.04.02 18:34:55.878,0.76235,0.76267,1.37,1.00
2015.04.02 18:34:56.665,0.76235,0.76267,1.37,1.00
2015.04.02 18:34:58.116,0.76235,0.76267,1.75,1.00
2015.04.02 18:34:58.167,0.76239,0.76271,1.37,1.00
2015.04.02 18:34:58.219,0.76239,0.76271,1.00,1.37
2015.04.02 18:34:58.270,0.76236,0.76268,1.37,1.00
2015.04.02 18:34:58.585,0.76234,0.76266,1.37,1.00
2015.04.02 18:34:59.125,0.76234,0.76266,1.50,1.00
2015.04.02 18:35:01.640,0.76234,0.76266,1.37,1.00
2015.04.02 18:35:03.954,0.76232,0.76266,1.37,1.00
2015.04.02 18:35:05.951,0.76233,0.76267,1.37,1.12
2015.04.02 18:35:06.001,0.76233,0.76267,1.50,1.00
2015.04.02 18:35:06.535,0.76235,0.76267,1.37,1.00
2015.04.02 18:35:07.216,0.76235,0.76267,1.37,1.00
2015.04.02 18:35:09.969,0.76235,0.76267,1.37,1.00
2015.04.02 18:35:10.515,0.76235,0.76267,1.37,1.00
2015.04.02 18:35:11.073,0.76235,0.76267,1.50,1.00
2015.04.02 18:35:11.175,0.76235,0.76267,1.87,1.00
2015.04.02 18:35:12.216,0.76235,0.76267,1.37,1.00
2015.04.02 18:35:14.128,0.76235,0.76267,1.87,1.00
2015.04.02 18:35:14.492,0.76235,0.76267,3.00,1.00
2015.04.02 18:35:14.681,0.76237,0.76269,1.37,1.00
2015.04.02 18:35:15.100,0.76237,0.76269,1.75,1.00
2015.04.02 18:35:15.201,0.76242,0.76274,1.37,1.12
2015.04.02 18:35:15.524,0.76246,0.76279,1.00,1.00
2015.04.02 18:35:15.747,0.76243,0.76279,1.00,1.00
2015.04.02 18:35:16.348,0.76242,0.76274,1.00,1.00
2015.04.02 18:35:18.125,0.76242,0.76274,1.50,1.00
2015.04.02 18:35:18.766,0.76242,0.76274,1.37,1.00
2015.04.02 18:35:21.635,0.76242,0.76274,1.37,1.00
2015.04.02 18:35:22.246,0.76238,0.76272,1.75,1.00
2015.04.02 18:35:24.430,0.76237,0.76269,1.75,1.00
2015.04.02 18:35:25.367,0.76237,0.76269,1.75,1.00
2015.04.02 18:35:27.662,0.7624,0.76269,1.75,1.00
2015.04.02 18:35:32.880,0.76237,0.76269,1.75,1.00
2015.04.02 18:35:34.888,0.7624,0.76269,1.75,1.00
2015.04.02 18:35:34.989,0.7624,0.76272,3.00,1.00
2015.04.02 18:35:35.759,0.76242,0.76274,1.50,1.00
2015.04.02 18:35:42.716,0.76242,0.76274,1.37,1.00
2015.04.02 18:35:42.816,0.7624,0.76271,1.37,1.00
2015.04.02 18:35:43.018,0.76237,0.76271,1.37,1.12
2015.04.02 18:35:43.069,0.76235,0.76266,1.37,1.00
2015.04.02 18:35:43.625,0.76231,0.76265,1.75,1.00
2015.04.02 18:35:49.575,0.76235,0.76265,1.75,1.00
2015.04.02 18:35:49.625,0.76236,0.76268,1.75,1.00
2015.04.02 18:35:49.729,0.76238,0.7627,1.75,1.00
2015.04.02 18:35:49.939,0.76238,0.7627,1.75,1.00
2015.04.02 18:35:49.990,0.76241,0.76273,1.75,1.00
2015.04.02 18:35:50.536,0.76242,0.76274,1.75,1.00
2015.04.02 18:35:50.587,0.76242,0.76274,1.75,1.00
2015.04.02 18:35:51.465,0.76242,0.76274,1.75,1.00
2015.04.02 18:35:51.752,0.76242,0.76274,1.12,1.00
2015.04.02 18:35:51.853,0.7624,0.76272,1.37,1.00
2015.04.02 18:35:52.157,0.7624,0.76272,1.00,1.00
2015.04.02 18:35:52.528,0.76236,0.7627,1.00,1.00
2015.04.02 18:35:53.265,0.76236,0.7627,1.37,1.12
2015.04.02 18:35:53.674,0.76236,0.7627,1.75,1.00
2015.04.02 18:35:53.724,0.7624,0.76272,1.50,1.00
2015.04.02 18:35:53.825,0.76241,0.76275,1.75,1.00
2015.04.02 18:35:53.925,0.76241,0.76275,1.37,1.00
2015.04.02 18:35:54.417,0.76241,0.76275,1.75,1.00
2015.04.02 18:35:54.730,0.7624,0.76272,1.00,1.00
2015.04.02 18:35:54.831,0.76238,0.76272,1.00,1.00
2015.04.02 18:35:56.088,0.76238,0.76272,1.75,1.00
2015.04.02 18:35:56.548,0.7624,0.76274,1.37,1.00
2015.04.02 18:36:12.225,0.7624,0.76274,1.37,1.00
2015.04.02 18:36:12.278,0.76237,0.76271,1.50,1.00
2015.04.02 18:36:12.528,0.76237,0.76271,1.12,1.37
2015.04.02 18:36:12.610,0.76235,0.76262,1.37,1.00
2015.04.02 18:36:12.660,0.76235,0.76262,1.00,1.00
2015.04.02 18:36:12.761,0.7623,0.76262,1.00,1.37
2015.04.02 18:36:13.174,0.7623,0.76259,1.00,1.00
2015.04.02 18:36:13.224,0.76225,0.76259,1.00,1.00
2015.04.02 18:36:13.379,0.76225,0.76257,1.00,1.00
2015.04.02 18:36:13.818,0.76225,0.76254,1.00,1.00
2015.04.02 18:36:14.542,0.76225,0.76253,1.00,1.00
2015.04.02 18:36:14.867,0.7622,0.76253,3.00,1.00
2015.04.02 18:36:15.255,0.76225,0.76257,1.75,1.00
2015.04.02 18:36:15.601,0.76227,0.76259,1.50,1.00
2015.04.02 18:36:15.653,0.76227,0.76259,1.37,1.00
2015.04.02 18:36:15.753,0.76228,0.76262,1.12,1.00
2015.04.02 18:36:15.804,0.76228,0.76262,1.37,1.00
2015.04.02 18:36:17.404,0.76228,0.76262,1.75,1.00
2015.04.02 18:36:24.159,0.76229,0.76261,1.75,1.00
2015.04.02 18:36:24.209,0.76229,0.76261,1.37,1.00
2015.04.02 18:36:25.101,0.76229,0.76261,1.37,1.00
2015.04.02 18:36:27.010,0.76229,0.76261,1.50,1.00
2015.04.02 18:36:27.494,0.76231,0.76263,1.50,1.00
2015.04.02 18:36:29.444,0.76229,0.76261,1.50,1.00
2015.04.02 18:36:29.599,0.76234,0.76266,1.37,1.00
2015.04.02 18:36:29.887,0.76232,0.76264,1.00,1.00
2015.04.02 18:36:29.938,0.76235,0.76264,1.00,1.00
2015.04.02 18:36:30.386,0.76232,0.76264,1.00,1.00
2015.04.02 18:36:30.436,0.76234,0.76266,1.00,1.00
2015.04.02 18:36:31.254,0.76235,0.76266,1.00,1.00
2015.04.02 18:36:31.899,0.76234,0.76266,1.37,1.00
2015.04.02 18:36:32.574,0.76234,0.76266,1.37,1.00
2015.04.02 18:36:44.068,0.76235,0.76264,1.37,1.00
2015.04.02 18:36:48.645,0.76232,0.76264,1.75,1.00
2015.04.02 18:36:48.814,0.76232,0.76264,1.37,1.00
2015.04.02 18:36:49.127,0.76232,0.76264,1.75,1.00
2015.04.02 18:36:49.177,0.76235,0.76267,1.37,1.00
2015.04.02 18:36:49.228,0.76235,0.76267,1.50,1.00
2015.04.02 18:36:49.278,0.76237,0.76269,1.37,1.00
2015.04.02 18:36:49.425,0.76237,0.76269,1.75,1.00
2015.04.02 18:36:50.023,0.76237,0.76269,1.50,1.00
2015.04.02 18:36:50.230,0.76238,0.76272,1.37,1.00
2015.04.02 18:36:50.793,0.76238,0.76272,1.50,1.00
2015.04.02 18:37:00.903,0.76238,0.76272,1.37,1.00
2015.04.02 18:37:01.005,0.76238,0.76272,1.50,1.00
2015.04.02 18:37:01.981,0.76238,0.76272,1.37,1.00
2015.04.02 18:37:03.425,0.76238,0.76272,1.12,1.00
2015.04.02 18:37:04.152,0.76237,0.76271,1.37,1.00
2015.04.02 18:37:04.790,0.76237,0.76271,1.75,1.00
2015.04.02 18:37:06.395,0.76237,0.76271,1.37,1.00
2015.04.02 18:37:06.507,0.76237,0.76271,1.37,1.37
2015.04.02 18:37:06.607,0.76236,0.76268,1.00,1.00
2015.04.02 18:37:06.773,0.76238,0.76272,1.00,1.00
2015.04.02 18:37:07.281,0.76241,0.76273,1.00,1.00
2015.04.02 18:37:07.589,0.76243,0.76275,1.12,1.12
2015.04.02 18:37:08.302,0.76243,0.76275,1.00,1.37
2015.04.02 18:37:08.453,0.7624,0.76274,1.87,1.37
2015.04.02 18:37:11.608,0.7624,0.76274,1.37,1.37
2015.04.02 18:37:15.820,0.76241,0.76273,1.37,1.12
2015.04.02 18:37:16.304,0.76243,0.76275,1.00,1.00
2015.04.02 18:37:17.719,0.76243,0.76275,1.00,1.37
2015.04.02 18:37:17.970,0.76243,0.76275,1.37,1.00
2015.04.02 18:37:18.020,0.76243,0.76275,1.37,1.00
2015.04.02 18:37:18.121,0.76245,0.76277,1.37,1.00
2015.04.02 18:37:18.664,0.76244,0.76276,1.37,1.00
2015.04.02 18:37:18.984,0.76245,0.76277,3.00,1.00
2015.04.02 18:37:21.243,0.76245,0.76277,1.87,1.00
2015.04.02 18:37:32.147,0.76245,0.76277,1.12,1.00
2015.04.02 18:37:32.793,0.76245,0.76277,1.37,1.00
2015.04.02 18:37:33.128,0.76242,0.76274,1.50,1.00
2015.04.02 18:37:34.185,0.76242,0.76274,1.37,1.00
2015.04.02 18:37:46.067,0.76242,0.76274,1.37,1.00
2015.04.02 18:37:46.372,0.76244,0.76274,1.37,1.00
2015.04.02 18:37:46.894,0.76242,0.76274,1.50,1.00
2015.04.02 18:37:48.072,0.76242,0.76274,1.75,1.00
2015.04.02 18:37:49.074,0.76242,0.76274,1.75,1.00
2015.04.02 18:37:49.187,0.76244,0.76276,1.75,1.00
2015.04.02 18:37:49.375,0.76244,0.76276,1.50,1.00
2015.04.02 18:37:49.513,0.76244,0.76276,1.37,1.00
2015.04.02 18:37:49.563,0.76241,0.76273,1.75,1.00
2015.04.02 18:38:00.884,0.76241,0.76273,1.75,1.00
2015.04.02 18:38:01.306,0.76242,0.76276,1.75,1.00
2015.04.02 18:38:11.446,0.76244,0.76276,1.37,1.00
2015.04.02 18:38:11.747,0.76245,0.76276,1.50,1.00
2015.04.02 18:38:12.267,0.76245,0.76277,1.75,1.00
2015.04.02 18:38:14.267,0.76251,0.76285,1.12,1.37
2015.04.02 18:38:19.434,0.76251,0.76285,1.37,1.37
2015.04.02 18:38:21.427,0.76251,0.76285,1.12,1.37
2015.04.02 18:38:21.528,0.76249,0.76281,1.12,1.37
2015.04.02 18:38:21.843,0.76244,0.76278,1.00,1.75
2015.04.02 18:38:21.893,0.76241,0.76273,1.37,1.37
2015.04.02 18:38:22.408,0.76238,0.7627,1.37,1.00
2015.04.02 18:38:25.032,0.76238,0.7627,1.12,1.00
2015.04.02 18:38:27.828,0.76238,0.7627,1.12,1.37
2015.04.02 18:38:28.223,0.76243,0.76275,1.00,1.75
2015.04.02 18:38:28.532,0.76243,0.76275,1.00,1.50
2015.04.02 18:38:28.837,0.76244,0.76278,1.00,1.75
2015.04.02 18:38:28.938,0.76248,0.7628,1.00,1.50
2015.04.02 18:38:29.167,0.76249,0.76281,1.00,1.37
2015.04.02 18:38:29.482,0.76252,0.76284,1.00,1.75
2015.04.02 18:38:30.041,0.76252,0.76284,1.00,1.75
2015.04.02 18:38:31.647,0.76252,0.76284,1.00,1.37
2015.04.02 18:38:31.753,0.76252,0.76284,1.00,1.75
2015.04.02 18:38:32.307,0.76252,0.76284,1.00,1.75
2015.04.02 18:38:32.453,0.76252,0.76284,1.00,1.37
2015.04.02 18:38:33.056,0.76252,0.76284,1.00,1.75
2015.04.02 18:38:37.682,0.76252,0.76284,1.00,1.75
2015.04.02 18:38:38.356,0.76251,0.76283,1.00,1.75
2015.04.02 18:38:40.431,0.76251,0.76283,1.00,1.75
2015.04.02 18:38:40.482,0.76247,0.76279,1.00,1.37
2015.04.02 18:38:40.532,0.76247,0.76279,1.00,1.75
2015.04.02 18:38:40.872,0.76247,0.76279,1.00,1.75
2015.04.02 18:38:40.922,0.76247,0.76279,1.00,1.50
2015.04.02 18:38:41.491,0.76248,0.76282,1.00,1.75
2015.04.02 18:38:42.694,0.76248,0.76282,1.00,1.75
2015.04.02 18:38:44.622,0.76248,0.7628,1.00,1.75
2015.04.02 18:38:44.929,0.7625,0.76282,1.00,1.00
2015.04.02 18:38:44.980,0.76252,0.76284,1.00,1.00
2015.04.02 18:38:46.015,0.76252,0.76284,1.00,1.37
2015.04.02 18:38:46.322,0.76254,0.76286,1.00,1.50
2015.04.02 18:38:46.823,0.76254,0.76286,1.00,1.37
2015.04.02 18:38:50.939,0.76254,0.76286,1.00,1.75
2015.04.02 18:38:51.241,0.76252,0.76285,1.00,1.75
2015.04.02 18:38:51.611,0.76251,0.76283,1.00,1.75
2015.04.02 18:38:56.067,0.76254,0.76286,1.00,1.75
2015.04.02 18:39:05.277,0.76254,0.76285,1.00,1.75
2015.04.02 18:39:05.327,0.76252,0.76284,1.00,1.75
2015.04.02 18:39:05.428,0.76251,0.76283,1.00,1.75
2015.04.02 18:39:06.987,0.76251,0.7628,1.00,1.75
2015.04.02 18:39:08.472,0.76251,0.76285,1.00,3.00
2015.04.02 18:39:08.993,0.76251,0.76285,1.00,3.00
2015.04.02 18:39:09.067,0.76253,0.76285,1.00,3.00
2015.04.02 18:39:15.117,0.76253,0.76285,1.00,3.00
2015.04.02 18:39:19.187,0.76252,0.76284,1.00,1.75
2015.04.02 18:39:20.830,0.76252,0.76284,1.00,1.75
2015.04.02 18:39:22.681,0.76252,0.76284,1.00,1.75
2015.04.02 18:39:22.731,0.76249,0.76283,1.00,1.75
2015.04.02 18:39:23.303,0.76249,0.76281,1.00,1.75
2015.04.02 18:39:23.353,0.76249,0.76281,1.00,1.75
2015.04.02 18:39:23.403,0.76243,0.76275,1.00,1.50
2015.04.02 18:39:23.550,0.76243,0.76275,1.00,1.75
2015.04.02 18:39:23.701,0.76238,0.76272,1.00,1.75
2015.04.02 18:39:23.933,0.76236,0.76271,1.00,1.75
2015.04.02 18:39:24.151,0.76239,0.76271,1.00,1.75
2015.04.02 18:39:31.770,0.76239,0.76271,1.00,1.75
2015.04.02 18:39:33.977,0.76239,0.7627,1.00,1.75
2015.04.02 18:39:35.280,0.76239,0.76271,1.00,1.75
2015.04.02 18:39:39.792,0.76239,0.7627,1.00,1.75
2015.04.02 18:39:49.414,0.76239,0.7627,1.00,1.75
2015.04.02 18:39:56.837,0.76239,0.7627,1.00,1.75
2015.04.02 18:39:57.475,0.7624,0.7627,1.00,1.75
2015.04.02 18:40:07.059,0.7624,0.7627,1.00,1.75
2015.04.02 18:40:08.062,0.7624,0.76271,1.00,1.75
2015.04.02 18:40:13.680,0.7624,0.7627,1.00,1.75
2015.04.02 18:40:15.812,0.7624,0.76272,1.00,1.75
2015.04.02 18:40:16.500,0.7624,0.76272,1.00,1.75
2015.04.02 18:40:16.704,0.7624,0.76272,1.00,1.37
2015.04.02 18:40:16.805,0.7624,0.76272,1.00,1.75
2015.04.02 18:40:17.131,0.76243,0.76275,1.00,1.75
2015.04.02 18:40:29.037,0.76241,0.76273,1.00,1.50
2015.04.02 18:40:40.697,0.76243,0.76275,1.00,3.00
2015.04.02 18:40:53.323,0.76243,0.76275,1.00,1.50
2015.04.02 18:40:53.374,0.76245,0.76277,1.00,1.75
2015.04.02 18:40:53.643,0.76247,0.76281,1.00,1.75
2015.04.02 18:40:54.162,0.7625,0.76282,1.00,1.75
2015.04.02 18:40:54.214,0.7625,0.76282,1.00,1.75
2015.04.02 18:40:54.264,0.76252,0.76284,1.00,1.75
2015.04.02 18:40:58.956,0.76251,0.76283,1.00,1.75
2015.04.02 18:41:01.640,0.76251,0.76283,1.00,1.75
2015.04.02 18:41:02.242,0.76251,0.76283,1.00,1.75
2015.04.02 18:41:02.345,0.76251,0.76283,1.00,1.75
2015.04.02 18:41:02.395,0.76253,0.76285,1.00,1.75
2015.04.02 18:41:04.255,0.76253,0.76285,1.00,3.00
2015.04.02 18:41:10.172,0.76253,0.76285,1.00,3.00
2015.04.02 18:41:10.651,0.76255,0.76287,1.00,1.75
2015.04.02 18:41:12.884,0.76255,0.76287,1.00,1.75
2015.04.02 18:41:14.796,0.76255,0.76287,1.00,1.75
2015.04.02 18:41:17.101,0.76255,0.76287,1.00,1.75
2015.04.02 18:41:17.403,0.76258,0.7629,1.00,1.75
2015.04.02 18:41:20.222,0.76258,0.7629,1.00,3.00
2015.04.02 18:41:22.305,0.76259,0.7629,1.00,1.75
2015.04.02 18:41:24.828,0.76259,0.7629,1.00,1.50
2015.04.02 18:41:27.334,0.76259,0.76293,1.00,1.75
2015.04.02 18:41:45.787,0.76259,0.76293,1.00,1.75
2015.04.02 18:41:45.838,0.76262,0.76294,1.00,1.75
2015.04.02 18:41:45.888,0.76262,0.76294,1.00,1.75
2015.04.02 18:41:46.037,0.76265,0.76297,1.00,1.75
2015.04.02 18:41:46.088,0.76265,0.76297,1.00,1.00
2015.04.02 18:41:46.188,0.76267,0.76299,1.00,1.00
2015.04.02 18:41:46.492,0.76259,0.7629,1.00,1.00
2015.04.02 18:41:46.982,0.76259,0.76291,1.00,1.75
2015.04.02 18:42:08.228,0.76259,0.7629,1.00,1.75
2015.04.02 18:42:09.245,0.76258,0.7629,1.00,3.00
2015.04.02 18:42:10.191,0.76258,0.7629,1.00,1.75
2015.04.02 18:42:10.241,0.76259,0.76291,1.00,1.75
2015.04.02 18:42:10.352,0.76267,0.76295,1.00,1.50
2015.04.02 18:42:10.461,0.76268,0.76296,1.00,1.37
2015.04.02 18:42:11.350,0.7627,0.763,1.00,1.75
2015.04.02 18:42:12.948,0.7627,0.763,1.00,1.75
2015.04.02 18:42:12.998,0.76267,0.763,1.00,1.75
2015.04.02 18:42:14.251,0.76267,0.76295,1.00,1.75
2015.04.02 18:42:14.860,0.76266,0.76298,1.00,1.75
2015.04.02 18:42:15.499,0.76266,0.76298,1.00,1.75
2015.04.02 18:42:17.172,0.76266,0.76295,1.00,1.50
2015.04.02 18:42:17.861,0.76266,0.76295,1.00,1.75
2015.04.02 18:42:19.164,0.76266,0.76295,1.00,1.75
2015.04.02 18:42:19.687,0.76266,0.76298,1.00,1.75
2015.04.02 18:42:19.809,0.76263,0.76295,1.00,1.75
2015.04.02 18:42:20.419,0.76263,0.76297,1.00,1.75
2015.04.02 18:42:27.903,0.76263,0.76296,1.00,1.75
2015.04.02 18:42:28.404,0.76263,0.76296,1.00,1.75
2015.04.02 18:42:28.610,0.76263,0.76296,1.00,1.75
2015.04.02 18:42:29.061,0.76263,0.76291,1.00,1.75
2015.04.02 18:42:29.163,0.76257,0.76291,1.00,1.75
2015.04.02 18:42:29.272,0.76257,0.76286,1.00,1.00
2015.04.02 18:42:29.372,0.76254,0.76285,1.00,1.00
2015.04.02 18:42:29.492,0.76259,0.76286,1.00,1.00
2015.04.02 18:42:29.707,0.7625,0.76285,1.00,1.00
2015.04.02 18:42:29.770,0.7625,0.7629,1.00,1.37
2015.04.02 18:42:29.940,0.76255,0.76287,1.00,1.00
2015.04.02 18:42:30.255,0.76255,0.76285,1.00,1.00
2015.04.02 18:42:30.428,0.76255,0.76287,1.00,1.00
2015.04.02 18:42:30.757,0.76255,0.76287,1.00,1.75
2015.04.02 18:42:31.359,0.76257,0.76289,1.00,1.75
2015.04.02 18:42:31.660,0.76257,0.76289,1.00,1.75
2015.04.02 18:42:32.785,0.76257,0.76289,1.00,1.75
2015.04.02 18:42:56.738,0.76257,0.76289,1.00,1.37
2015.04.02 18:42:56.789,0.76261,0.76293,1.00,1.75
2015.04.02 18:42:57.044,0.76264,0.76296,1.00,1.50
2015.04.02 18:42:57.248,0.76264,0.76296,1.00,1.75
2015.04.02 18:43:00.697,0.76264,0.76296,1.00,1.75
2015.04.02 18:43:00.870,0.76264,0.76298,1.00,1.75
2015.04.02 18:43:01.274,0.76264,0.76298,1.00,1.75
2015.04.02 18:43:01.391,0.76264,0.76298,1.00,1.75
2015.04.02 18:43:02.381,0.76264,0.76298,1.00,1.75
2015.04.02 18:43:05.589,0.76264,0.76298,1.00,1.75
2015.04.02 18:43:14.334,0.76264,0.76298,1.00,1.75
2015.04.02 18:43:14.384,0.76266,0.763,1.00,3.00
2015.04.02 18:43:17.353,0.76266,0.76296,1.00,1.75
2015.04.02 18:43:20.070,0.76266,0.763,1.00,3.00
2015.04.02 18:43:31.027,0.76266,0.763,1.00,3.00
2015.04.02 18:43:43.515,0.7627,0.763,1.00,1.75
2015.04.02 18:43:43.566,0.7627,0.76295,1.00,1.37
2015.04.02 18:43:43.678,0.7627,0.76296,1.00,1.37
2015.04.02 18:43:43.844,0.76272,0.76296,1.00,1.37
2015.04.02 18:43:43.894,0.76272,0.76304,1.00,1.75
2015.04.02 18:43:44.188,0.76273,0.76305,1.00,3.00
2015.04.02 18:43:44.614,0.76275,0.76305,1.00,1.75
2015.04.02 18:43:45.161,0.76275,0.76305,1.00,1.37
2015.04.02 18:43:45.767,0.76276,0.7631,1.00,1.75
2015.04.02 18:43:46.293,0.76276,0.7631,1.00,3.00
2015.04.02 18:43:56.410,0.7628,0.76305,1.00,1.37
2015.04.02 18:43:56.824,0.76278,0.76306,1.00,1.37
2015.04.02 18:43:57.247,0.76278,0.76305,1.00,1.37
2015.04.02 18:43:57.374,0.76275,0.76305,1.00,1.37
2015.04.02 18:43:57.911,0.76275,0.76306,1.00,1.75
2015.04.02 18:43:58.559,0.76275,0.76305,1.00,1.75
2015.04.02 18:43:59.521,0.76275,0.763,1.00,1.37
2015.04.02 18:44:03.836,0.76275,0.763,1.00,1.00
2015.04.02 18:44:04.157,0.76277,0.763,1.00,1.37
2015.04.02 18:44:04.207,0.76273,0.763,1.00,1.37
2015.04.02 18:44:04.747,0.76273,0.76305,1.00,3.00
2015.04.02 18:44:13.708,0.76273,0.76305,1.00,3.00
2015.04.02 18:44:17.174,0.76275,0.76305,1.00,1.75
2015.04.02 18:44:19.280,0.76275,0.76305,1.00,1.75
2015.04.02 18:44:19.781,0.76274,0.76305,1.00,1.75
2015.04.02 18:44:20.307,0.76274,0.76305,1.00,1.75
2015.04.02 18:44:20.610,0.76274,0.76305,1.00,1.75
2015.04.02 18:44:20.683,0.76274,0.76305,1.00,1.75
2015.04.02 18:44:21.184,0.76275,0.76305,1.00,1.75
2015.04.02 18:44:21.686,0.76275,0.76305,1.00,1.75
2015.04.02 18:44:22.228,0.76275,0.76305,1.00,1.75
2015.04.02 18:44:22.787,0.76275,0.76305,1.00,1.75
2015.04.02 18:44:22.991,0.76275,0.76305,1.00,1.75
2015.04.02 18:44:23.292,0.76275,0.76307,1.00,1.75
2015.04.02 18:44:23.444,0.76277,0.76309,1.00,1.75
2015.04.02 18:44:31.410,0.76277,0.76309,1.00,1.75
2015.04.02 18:44:31.912,0.76277,0.76309,1.00,1.75
2015.04.02 18:44:34.774,0.76274,0.76306,1.00,1.75
2015.04.02 18:44:34.824,0.76274,0.76306,1.00,1.75
2015.04.02 18:44:34.886,0.76272,0.76306,1.00,3.00
2015.04.02 18:44:35.050,0.76272,0.76305,1.00,1.75
2015.04.02 18:44:37.360,0.76272,0.763,1.00,1.37
2015.04.02 18:44:37.415,0.76274,0.763,1.00,1.37
2015.04.02 18:44:37.628,0.76274,0.763,1.00,1.12
2015.04.02 18:44:37.678,0.76276,0.76305,1.00,1.50
2015.04.02 18:44:38.830,0.76276,0.76305,1.00,1.75
2015.04.02 18:44:38.954,0.76274,0.76305,1.00,1.75
2015.04.02 18:44:39.479,0.76274,0.763,1.00,1.37
2015.04.02 18:44:40.333,0.76274,0.763,1.00,1.50
2015.04.02 18:44:40.436,0.76274,0.76305,1.00,1.75
2015.04.02 18:44:40.835,0.76274,0.76305,1.00,1.75
2015.04.02 18:44:41.738,0.76274,0.76305,1.00,1.75
2015.04.02 18:44:42.586,0.76274,0.76305,1.00,1.75
2015.04.02 18:44:43.090,0.76274,0.76306,1.00,3.00
2015.04.02 18:44:43.648,0.76275,0.76306,1.00,1.75
2015.04.02 18:44:43.886,0.76275,0.76307,1.00,1.75
2015.04.02 18:44:44.185,0.76275,0.76307,1.00,1.50
2015.04.02 18:44:44.236,0.76279,0.7631,1.00,1.75
2015.04.02 18:44:44.657,0.76279,0.7631,1.00,1.37
2015.04.02 18:44:44.808,0.76282,0.76314,1.00,1.75
2015.04.02 18:44:45.864,0.76282,0.7631,1.00,1.75
2015.04.02 18:44:48.105,0.76282,0.7631,1.00,1.50
2015.04.02 18:44:49.844,0.7628,0.7631,1.00,1.50
2015.04.02 18:44:50.398,0.76281,0.76313,1.00,1.75
2015.04.02 18:44:56.096,0.76281,0.7631,1.00,1.75
2015.04.02 18:44:56.146,0.76278,0.7631,1.00,1.75
2015.04.02 18:44:56.196,0.76278,0.7631,1.00,1.75
2015.04.02 18:44:56.247,0.76275,0.76305,1.00,1.75
2015.04.02 18:45:00.303,0.76275,0.76307,1.00,1.75
2015.04.02 18:45:00.453,0.76278,0.7631,1.00,1.75
2015.04.02 18:45:00.787,0.76275,0.76307,1.00,1.75
2015.04.02 18:45:01.406,0.76275,0.76305,1.00,1.75
2015.04.02 18:45:01.757,0.76277,0.76309,1.00,1.75
2015.04.02 18:45:02.011,0.76277,0.76309,1.00,1.75
2015.04.02 18:45:02.062,0.76279,0.7631,1.00,1.75
2015.04.02 18:45:02.274,0.76276,0.76308,1.00,1.75
2015.04.02 18:45:03.136,0.76276,0.76305,1.00,1.50
2015.04.02 18:45:09.324,0.76276,0.76308,1.00,1.75
2015.04.02 18:45:09.474,0.76274,0.76306,1.00,1.75
2015.04.02 18:45:09.644,0.76272,0.76304,1.00,1.75
2015.04.02 18:45:14.594,0.76274,0.763,1.00,1.37
2015.04.02 18:45:15.935,0.76271,0.76305,1.00,3.00
2015.04.02 18:45:16.787,0.76271,0.76305,1.00,3.00
2015.04.02 18:45:18.164,0.76271,0.76305,1.00,3.00
2015.04.02 18:45:22.735,0.76273,0.76305,1.00,3.00
2015.04.02 18:45:22.899,0.76273,0.76305,1.00,1.75
2015.04.02 18:45:23.001,0.76275,0.76306,1.00,1.75
2015.04.02 18:45:23.153,0.76275,0.76305,1.00,1.75
2015.04.02 18:45:24.260,0.76275,0.76307,1.00,1.75
2015.04.02 18:45:24.827,0.76275,0.76307,1.00,1.75
2015.04.02 18:45:24.934,0.76277,0.76309,1.00,1.75
2015.04.02 18:45:24.985,0.76277,0.76309,1.00,1.75
2015.04.02 18:45:25.155,0.76279,0.7631,1.00,1.75
2015.04.02 18:45:32.595,0.76279,0.76305,1.00,1.37
2015.04.02 18:45:38.214,0.76279,0.7631,1.00,1.75
2015.04.02 18:45:43.946,0.76279,0.76305,1.00,1.37
2015.04.02 18:45:44.243,0.7628,0.76305,1.00,1.12
2015.04.02 18:45:44.295,0.76282,0.76305,1.00,1.12
2015.04.02 18:45:44.844,0.76283,0.76311,1.00,1.50
2015.04.02 18:45:47.656,0.76283,0.7631,1.00,1.50
2015.04.02 18:45:51.387,0.76281,0.76305,1.00,1.37
2015.04.02 18:45:51.573,0.7628,0.76305,1.00,1.37
2015.04.02 18:45:51.994,0.76278,0.76305,1.00,1.37
2015.04.02 18:45:57.619,0.76278,0.76305,1.00,1.37
2015.04.02 18:46:01.199,0.76278,0.76305,1.00,1.37
2015.04.02 18:46:02.802,0.76278,0.76305,1.00,1.50
2015.04.02 18:46:02.938,0.76278,0.76305,1.00,1.37
2015.04.02 18:46:03.003,0.76278,0.76305,1.00,1.75
2015.04.02 18:46:03.141,0.76275,0.76305,1.00,1.75
2015.04.02 18:46:03.852,0.76275,0.76305,1.00,1.75
2015.04.02 18:46:04.105,0.76268,0.763,1.00,3.00
2015.04.02 18:46:04.649,0.76267,0.76295,1.00,1.75
2015.04.02 18:46:06.131,0.76267,0.76295,1.00,1.75
2015.04.02 18:46:06.184,0.76264,0.76295,1.00,1.75
2015.04.02 18:46:06.927,0.76264,0.76298,1.00,1.75
2015.04.02 18:46:06.977,0.76264,0.7629,1.00,1.37
2015.04.02 18:46:07.505,0.76263,0.76295,1.00,3.00
2015.04.02 18:46:07.945,0.76259,0.76291,1.00,1.50
2015.04.02 18:46:07.995,0.76259,0.7629,1.00,1.75
2015.04.02 18:46:08.154,0.76259,0.7629,1.00,1.75
2015.04.02 18:46:08.506,0.76261,0.7629,1.00,1.75
2015.04.02 18:46:08.557,0.76261,0.7629,1.00,1.37
2015.04.02 18:46:09.265,0.76261,0.7629,1.00,1.37
2015.04.02 18:46:09.360,0.76261,0.7629,1.00,1.75
2015.04.02 18:46:09.927,0.7626,0.76292,1.00,1.75
2015.04.02 18:46:11.621,0.76257,0.7629,1.00,1.75
2015.04.02 18:46:12.074,0.76257,0.7629,1.00,1.75
2015.04.02 18:46:26.809,0.76257,0.76291,1.00,1.75
2015.04.02 18:46:26.973,0.7626,0.76292,1.00,1.75
2015.04.02 18:46:27.348,0.76262,0.76294,1.00,1.75
2015.04.02 18:46:29.919,0.76262,0.76294,1.00,1.75
2015.04.02 18:46:33.544,0.76262,0.76294,1.00,1.75
2015.04.02 18:46:33.594,0.7626,0.76292,1.00,1.75
2015.04.02 18:46:38.246,0.7626,0.7629,1.00,1.75
2015.04.02 18:46:39.950,0.7626,0.7629,1.00,1.50
2015.04.02 18:46:40.071,0.76262,0.7629,1.00,1.37
2015.04.02 18:46:41.661,0.76262,0.76294,1.00,1.75
2015.04.02 18:46:53.916,0.76262,0.7629,1.00,1.75
2015.04.02 18:46:53.966,0.76259,0.76291,1.00,1.75
2015.04.02 18:46:54.033,0.76257,0.76289,1.00,1.75
2015.04.02 18:46:54.289,0.76257,0.76289,1.00,1.75
2015.04.02 18:46:55.996,0.76257,0.76289,1.00,1.75
2015.04.02 18:46:58.300,0.76257,0.76289,1.00,1.75
2015.04.02 18:46:58.605,0.76262,0.7629,1.00,1.37
2015.04.02 18:47:00.247,0.76262,0.7629,1.00,1.75
2015.04.02 18:47:00.304,0.7626,0.7629,1.00,1.75
2015.04.02 18:47:00.512,0.7626,0.7629,1.00,1.50
2015.04.02 18:47:00.562,0.76262,0.7629,1.00,1.50
2015.04.02 18:47:01.722,0.76263,0.76295,1.00,1.75
2015.04.02 18:47:01.772,0.76261,0.76293,1.00,1.75
2015.04.02 18:47:01.825,0.76261,0.76293,1.00,1.50
2015.04.02 18:47:02.029,0.76264,0.7629,1.00,1.37
2015.04.02 18:47:02.358,0.76261,0.7629,1.00,1.50
2015.04.02 18:47:04.585,0.76261,0.76291,1.00,1.50
2015.04.02 18:47:04.887,0.76261,0.7629,1.00,1.75
2015.04.02 18:47:06.055,0.76261,0.7629,1.00,1.37
2015.04.02 18:47:06.659,0.76261,0.7629,1.00,1.75
2015.04.02 18:47:14.176,0.76261,0.7629,1.00,1.50
2015.04.02 18:47:16.194,0.76263,0.7629,1.00,1.50
2015.04.02 18:47:24.393,0.7626,0.76292,1.00,1.75
2015.04.02 18:47:24.508,0.7626,0.76292,1.00,1.75
2015.04.02 18:47:28.223,0.7626,0.7629,1.00,1.75
2015.04.02 18:47:28.568,0.76262,0.76285,1.00,1.12
2015.04.02 18:47:28.671,0.76262,0.7629,1.00,1.37
2015.04.02 18:47:29.128,0.76262,0.7629,1.00,1.50
2015.04.02 18:47:29.230,0.76262,0.7629,1.00,1.37
2015.04.02 18:47:29.331,0.76262,0.76291,1.00,1.37
2015.04.02 18:47:29.381,0.76267,0.76295,1.00,1.75
2015.04.02 18:47:29.723,0.76267,0.76301,1.00,3.00
2015.04.02 18:47:29.893,0.76271,0.76303,1.00,1.75
2015.04.02 18:47:30.404,0.76271,0.76303,1.00,1.75
2015.04.02 18:47:31.381,0.76271,0.76303,1.00,1.75
2015.04.02 18:47:31.892,0.76273,0.763,1.00,1.50
2015.04.02 18:47:32.328,0.76275,0.763,1.00,1.37
2015.04.02 18:47:34.456,0.76275,0.763,1.00,1.37
2015.04.02 18:47:35.192,0.76275,0.763,1.00,1.37
2015.04.02 18:47:38.465,0.76275,0.76305,1.00,1.75
2015.04.02 18:47:39.004,0.76275,0.76305,1.00,1.75
2015.04.02 18:47:39.155,0.76273,0.76305,1.00,3.00
2015.04.02 18:47:52.991,0.76273,0.76301,1.00,1.50
2015.04.02 18:47:53.503,0.76273,0.76305,1.00,1.75
2015.04.02 18:47:54.799,0.76273,0.76305,1.00,1.75
2015.04.02 18:47:55.083,0.76276,0.76305,1.00,1.75
2015.04.02 18:47:55.766,0.76276,0.76308,1.00,1.75
2015.04.02 18:47:58.923,0.76276,0.76308,1.00,1.75
2015.04.02 18:47:59.048,0.76273,0.76307,1.00,1.75
2015.04.02 18:48:00.130,0.76273,0.76305,1.00,1.75
2015.04.02 18:48:01.583,0.76276,0.76305,1.00,1.50
2015.04.02 18:48:01.684,0.76278,0.76305,1.00,1.50
2015.04.02 18:48:07.070,0.76278,0.7631,1.00,1.75
2015.04.02 18:48:07.182,0.7628,0.7631,1.00,1.75
2015.04.02 18:48:07.403,0.76278,0.7631,1.00,3.00
2015.04.02 18:48:07.732,0.7628,0.7631,1.00,1.75
2015.04.02 18:48:12.061,0.7628,0.7631,1.00,1.75
2015.04.02 18:48:22.434,0.7628,0.7631,1.00,1.75
2015.04.02 18:48:23.791,0.76274,0.76306,1.00,1.37
2015.04.02 18:48:25.399,0.76274,0.76306,1.00,1.37
2015.04.02 18:48:26.344,0.76275,0.76309,1.00,1.50
2015.04.02 18:48:27.963,0.76275,0.76309,1.00,1.37
2015.04.02 18:48:30.115,0.76275,0.76309,1.12,1.37
2015.04.02 18:48:30.222,0.76276,0.7631,1.00,1.37
2015.04.02 18:48:31.219,0.76276,0.7631,1.12,1.37
2015.04.02 18:48:31.602,0.76279,0.76311,1.00,1.37
2015.04.02 18:48:32.481,0.76277,0.76309,1.00,1.37
2015.04.02 18:48:37.063,0.76277,0.76309,1.00,1.37
2015.04.02 18:48:37.113,0.76275,0.76307,1.00,1.37
2015.04.02 18:48:38.570,0.76275,0.76307,1.00,1.12
2015.04.02 18:48:41.639,0.76275,0.76307,1.00,1.37
2015.04.02 18:49:10.119,0.76275,0.76307,1.00,1.00
2015.04.02 18:49:10.784,0.76276,0.7631,1.00,1.37
2015.04.02 18:49:11.229,0.76276,0.7631,1.37,1.37
2015.04.02 18:49:13.181,0.7628,0.76312,1.00,1.37
2015.04.02 18:49:14.161,0.7628,0.76312,1.00,1.37
2015.04.02 18:49:19.794,0.76284,0.76315,1.00,1.37
2015.04.02 18:49:20.464,0.76283,0.76315,1.00,1.37
2015.04.02 18:49:30.195,0.76283,0.76315,1.00,1.37
2015.04.02 18:49:31.500,0.76283,0.76315,1.00,1.37
2015.04.02 18:49:33.201,0.76281,0.76313,1.12,1.37
2015.04.02 18:49:33.882,0.76281,0.76313,1.00,1.37
2015.04.02 18:49:44.633,0.76281,0.76313,1.00,1.37
2015.04.02 18:50:00.184,0.76281,0.76313,1.00,1.12
2015.04.02 18:50:00.263,0.76283,0.76315,1.00,1.37
2015.04.02 18:50:00.426,0.76282,0.76316,1.00,1.00
2015.04.02 18:50:00.594,0.76286,0.76318,1.00,1.00
2015.04.02 18:50:00.703,0.76286,0.76325,1.00,1.37
2015.04.02 18:50:00.754,0.76286,0.7632,1.00,1.00
2015.04.02 18:50:00.854,0.76289,0.76336,1.00,1.87
2015.04.02 18:50:01.141,0.76291,0.76335,1.00,1.12
2015.04.02 18:50:01.372,0.76285,0.76335,1.00,1.12
2015.04.02 18:50:01.422,0.76295,0.7634,1.00,1.50
2015.04.02 18:50:01.715,0.7628,0.7633,1.37,1.00
2015.04.02 18:50:01.854,0.7628,0.76325,1.37,1.00
2015.04.02 18:50:02.156,0.76288,0.7632,1.00,1.00
2015.04.02 18:50:02.416,0.76288,0.76322,1.00,1.00
2015.04.02 18:50:02.754,0.76288,0.76322,1.00,1.75
2015.04.02 18:50:04.110,0.76288,0.76322,1.00,1.50
2015.04.02 18:50:04.411,0.76288,0.76322,1.00,1.37
2015.04.02 18:50:04.461,0.76291,0.76325,1.00,1.75
2015.04.02 18:50:04.512,0.76291,0.76325,1.00,1.37
2015.04.02 18:50:04.562,0.76295,0.76327,1.00,1.37
2015.04.02 18:50:04.764,0.76296,0.76328,1.00,1.37
2015.04.02 18:50:05.096,0.76299,0.76331,1.00,1.37
2015.04.02 18:50:05.319,0.76299,0.76331,1.00,1.37
2015.04.02 18:50:05.432,0.76301,0.76333,1.00,1.37
2015.04.02 18:50:06.023,0.76301,0.76333,1.00,1.37
2015.04.02 18:50:06.092,0.76304,0.76336,1.00,1.37
2015.04.02 18:50:06.429,0.763,0.76334,1.00,1.75
2015.04.02 18:50:06.931,0.763,0.76334,1.00,1.75
2015.04.02 18:50:07.373,0.76299,0.76331,1.00,1.00
2015.04.02 18:50:07.423,0.76303,0.76335,1.00,1.37
2015.04.02 18:50:07.741,0.76303,0.76335,1.00,3.00
2015.04.02 18:50:08.288,0.76302,0.76334,1.00,1.37
2015.04.02 18:50:09.682,0.76302,0.76334,1.00,1.75
2015.04.02 18:50:09.733,0.763,0.76332,1.00,1.37
2015.04.02 18:50:11.152,0.76299,0.7633,1.00,1.37
2015.04.02 18:50:12.272,0.76299,0.7633,1.00,1.37
2015.04.02 18:50:13.132,0.76298,0.7633,1.00,1.87
2015.04.02 18:50:13.462,0.763,0.76332,1.00,1.37
2015.04.02 18:50:13.869,0.763,0.7633,1.00,1.75
2015.04.02 18:50:13.919,0.76295,0.76327,1.00,1.50
2015.04.02 18:50:14.020,0.76293,0.76325,1.00,1.37
2015.04.02 18:50:14.245,0.76295,0.76327,1.00,1.37
2015.04.02 18:50:14.296,0.76295,0.76327,1.00,1.37
2015.04.02 18:50:14.453,0.76297,0.76329,1.00,1.37
2015.04.02 18:50:15.183,0.76297,0.76329,1.12,1.37
2015.04.02 18:50:15.334,0.76295,0.76327,1.00,1.12
2015.04.02 18:50:15.384,0.76295,0.76325,1.00,1.37
2015.04.02 18:50:15.442,0.76293,0.76325,1.00,1.87
2015.04.02 18:50:15.662,0.76295,0.76325,1.00,1.37
2015.04.02 18:50:15.713,0.76295,0.76325,1.00,1.12
2015.04.02 18:50:15.887,0.76295,0.76329,1.00,1.37
2015.04.02 18:50:15.988,0.76295,0.76329,1.37,1.37
2015.04.02 18:50:16.418,0.76299,0.76331,1.00,1.37
2015.04.02 18:50:17.344,0.76296,0.76325,1.00,1.00
2015.04.02 18:50:17.603,0.76294,0.76326,1.12,1.37
2015.04.02 18:50:17.798,0.76295,0.76327,1.37,1.37
2015.04.02 18:50:18.576,0.76297,0.76329,1.00,1.37
2015.04.02 18:50:18.852,0.76295,0.76327,1.00,1.12
2015.04.02 18:50:18.902,0.76295,0.76325,1.00,1.00
2015.04.02 18:50:19.232,0.76296,0.76328,1.00,1.37
2015.04.02 18:50:19.292,0.76299,0.76331,1.00,1.37
2015.04.02 18:50:19.742,0.763,0.76332,1.00,1.37
2015.04.02 18:50:20.065,0.76297,0.76329,1.00,1.12
2015.04.02 18:50:20.166,0.76297,0.76329,1.00,1.75
2015.04.02 18:50:20.216,0.76295,0.76327,1.00,1.37
2015.04.02 18:50:20.532,0.76297,0.76329,1.00,1.37
2015.04.02 18:50:21.712,0.76299,0.76331,1.00,1.50
2015.04.02 18:50:21.932,0.76294,0.76326,1.00,1.37
2015.04.02 18:50:22.132,0.76294,0.76326,1.00,1.37
2015.04.02 18:50:22.701,0.76296,0.7633,1.00,1.50
2015.04.02 18:50:23.152,0.76299,0.76331,1.00,1.37
2015.04.02 18:50:23.592,0.763,0.76332,1.00,1.37
2015.04.02 18:50:25.149,0.763,0.76332,1.00,1.37
2015.04.02 18:50:25.751,0.763,0.76332,1.00,1.37
2015.04.02 18:50:27.701,0.76301,0.76335,1.00,1.50
2015.04.02 18:50:28.983,0.76301,0.76335,1.00,1.37
2015.04.02 18:50:31.502,0.76301,0.76335,1.00,1.37
2015.04.02 18:50:31.571,0.76301,0.76335,1.00,1.75
2015.04.02 18:50:31.832,0.76299,0.76331,1.00,1.37
2015.04.02 18:50:32.711,0.76297,0.7633,1.00,1.37
2015.04.02 18:50:36.413,0.76297,0.76331,1.00,1.50
2015.04.02 18:50:36.948,0.76296,0.76328,1.00,1.37
2015.04.02 18:50:38.122,0.76296,0.76328,1.00,1.37
2015.04.02 18:50:47.627,0.76296,0.76328,1.00,1.75
2015.04.02 18:50:47.678,0.76291,0.76323,1.00,1.37
2015.04.02 18:50:47.932,0.76291,0.76323,1.00,1.37
2015.04.02 18:50:48.222,0.76288,0.76322,1.12,1.37
2015.04.02 18:50:48.333,0.7629,0.76322,1.00,1.37
2015.04.02 18:50:48.882,0.76288,0.76322,1.00,1.37
2015.04.02 18:50:51.523,0.76291,0.76323,1.00,1.50
2015.04.02 18:50:51.574,0.76291,0.76323,1.00,1.37
2015.04.02 18:50:51.683,0.76292,0.76326,1.00,1.37
2015.04.02 18:50:57.671,0.76292,0.76326,1.00,1.87
2015.04.02 18:51:00.002,0.76293,0.76325,1.00,1.37
2015.04.02 18:51:00.578,0.76293,0.76325,1.00,1.37
2015.04.02 18:51:03.841,0.76296,0.76328,1.00,1.37
2015.04.02 18:51:03.891,0.76296,0.76328,1.12,1.00
2015.04.02 18:51:03.952,0.76303,0.7633,1.00,1.12
2015.04.02 18:51:04.003,0.76303,0.76335,1.00,1.00
2015.04.02 18:51:04.281,0.76301,0.76333,1.00,1.00
2015.04.02 18:51:04.478,0.76299,0.76333,1.00,1.00
2015.04.02 18:51:04.529,0.76298,0.7633,1.00,1.00
2015.04.02 18:51:05.589,0.76298,0.7633,1.37,1.37
2015.04.02 18:51:05.689,0.76297,0.76329,1.12,1.37
2015.04.02 18:51:05.790,0.76297,0.7633,1.37,1.37
2015.04.02 18:51:05.895,0.76297,0.76331,1.37,1.12
2015.04.02 18:51:06.236,0.763,0.7633,1.00,1.37
2015.04.02 18:51:06.286,0.76297,0.76329,1.00,1.37
2015.04.02 18:51:06.337,0.76297,0.76329,1.00,1.37
2015.04.02 18:51:06.437,0.76296,0.76328,1.00,1.37
2015.04.02 18:51:06.488,0.76294,0.76326,1.12,1.12
2015.04.02 18:51:06.989,0.76294,0.76326,1.12,1.37
2015.04.02 18:51:07.640,0.76294,0.76326,1.37,1.12
2015.04.02 18:51:08.314,0.76294,0.76326,1.12,1.37
2015.04.02 18:51:11.541,0.76297,0.76329,1.00,1.37
2015.04.02 18:51:25.225,0.76297,0.76325,1.37,1.00
2015.04.02 18:51:25.341,0.763,0.7633,1.00,1.37
2015.04.02 18:51:25.401,0.76298,0.7633,1.12,1.87
2015.04.02 18:51:25.451,0.76298,0.7633,1.00,3.00
2015.04.02 18:51:25.511,0.76295,0.76327,1.12,1.37
2015.04.02 18:51:25.561,0.76295,0.76326,1.00,1.37
2015.04.02 18:51:26.280,0.76296,0.76328,1.00,1.50
2015.04.02 18:51:26.531,0.76296,0.76328,1.00,1.37
2015.04.02 18:51:28.538,0.76296,0.76328,1.00,1.37
2015.04.02 18:51:30.143,0.76296,0.76328,1.00,1.37
2015.04.02 18:51:34.055,0.76296,0.76328,1.00,1.75
2015.04.02 18:51:34.105,0.76294,0.76326,1.00,1.75
2015.04.02 18:51:34.206,0.76289,0.76321,1.00,1.37
2015.04.02 18:51:34.755,0.76289,0.7632,1.00,1.37
2015.04.02 18:51:36.359,0.76289,0.76321,1.00,1.50
2015.04.02 18:51:37.410,0.76289,0.76321,1.00,1.37
2015.04.02 18:51:37.962,0.76289,0.76321,1.00,1.37
2015.04.02 18:51:40.367,0.76289,0.76321,1.00,1.37
2015.04.02 18:51:40.468,0.76289,0.76321,1.37,1.12
2015.04.02 18:51:40.824,0.76293,0.76325,1.00,1.87
2015.04.02 18:51:42.272,0.76293,0.76325,1.00,3.00
2015.04.02 18:51:42.874,0.76293,0.76325,1.00,1.75
2015.04.02 18:51:43.001,0.76291,0.76323,1.00,1.37
2015.04.02 18:51:44.578,0.76291,0.76323,1.00,1.75
2015.04.02 18:51:44.696,0.76288,0.76322,1.00,1.75
2015.04.02 18:51:56.821,0.76288,0.7632,1.00,1.75
2015.04.02 18:51:57.399,0.76287,0.76319,1.00,1.37
2015.04.02 18:51:57.762,0.76287,0.76319,1.00,1.75
2015.04.02 18:51:59.304,0.76287,0.76319,1.00,1.37
2015.04.02 18:52:00.930,0.76287,0.76319,1.00,1.50
2015.04.02 18:52:01.232,0.76283,0.76315,1.00,1.75
2015.04.02 18:52:01.282,0.76279,0.76311,1.00,1.50
2015.04.02 18:52:01.812,0.76276,0.76308,1.00,1.37
2015.04.02 18:52:01.913,0.76276,0.76305,1.00,1.37
2015.04.02 18:52:03.417,0.76276,0.76308,1.00,1.37
2015.04.02 18:52:09.363,0.76276,0.76308,1.12,1.37
2015.04.02 18:52:17.769,0.76278,0.7631,1.00,1.37
2015.04.02 18:52:18.582,0.76279,0.76311,1.00,1.37
2015.04.02 18:52:21.887,0.76279,0.76311,1.00,1.37
2015.04.02 18:52:23.991,0.76279,0.76311,1.00,1.37
2015.04.02 18:52:24.593,0.76279,0.76311,1.00,1.37
2015.04.02 18:52:25.597,0.76279,0.76311,1.00,1.37
2015.04.02 18:52:25.902,0.76275,0.76309,1.37,1.37
2015.04.02 18:52:26.007,0.76275,0.76309,1.00,1.50
2015.04.02 18:52:30.420,0.76275,0.76307,1.12,1.37
2015.04.02 18:52:30.760,0.76272,0.76304,1.00,1.37
2015.04.02 18:52:33.631,0.76272,0.76304,1.00,1.37
2015.04.02 18:52:34.700,0.76274,0.76306,1.00,1.50
2015.04.02 18:52:34.750,0.76274,0.76306,1.00,1.37
2015.04.02 18:52:35.136,0.76275,0.76307,1.12,1.37
2015.04.02 18:52:39.765,0.76275,0.76307,1.00,1.37
2015.04.02 18:52:39.870,0.76273,0.76305,1.12,1.87
2015.04.02 18:52:42.689,0.76273,0.76305,1.00,1.37
2015.04.02 18:52:43.029,0.76266,0.76298,1.50,1.00
2015.04.02 18:52:43.080,0.76267,0.76301,1.75,1.00
2015.04.02 18:52:43.831,0.76266,0.76298,1.75,1.00
2015.04.02 18:52:45.000,0.76266,0.76298,1.37,1.00
2015.04.02 18:52:46.100,0.76266,0.76298,1.37,1.00
2015.04.02 18:52:46.821,0.76264,0.76297,1.37,1.00
2015.04.02 18:52:47.569,0.76264,0.76294,1.37,1.00
2015.04.02 18:53:25.792,0.76262,0.76294,1.75,1.00
2015.04.02 18:53:30.375,0.76262,0.76294,1.75,1.00
2015.04.02 18:53:30.818,0.76265,0.76297,1.50,1.00
2015.04.02 18:53:31.228,0.76265,0.76297,1.37,1.00
2015.04.02 18:53:31.405,0.76265,0.76297,1.75,1.00
2015.04.02 18:53:45.257,0.76265,0.76297,1.75,1.00
2015.04.02 18:53:45.319,0.76265,0.76299,1.75,1.00
2015.04.02 18:53:45.370,0.76265,0.76299,3.00,1.00
2015.04.02 18:53:47.452,0.76265,0.76299,3.00,1.00
2015.04.02 18:53:51.369,0.76268,0.763,1.75,1.00
2015.04.02 18:53:58.178,0.76268,0.763,1.12,1.00
2015.04.02 18:53:58.228,0.76264,0.76296,1.37,1.00
2015.04.02 18:54:02.220,0.76264,0.76296,3.00,1.00
2015.04.02 18:54:02.699,0.76267,0.76299,1.37,1.00
2015.04.02 18:54:03.415,0.76267,0.76299,1.75,1.00
2015.04.02 18:54:04.042,0.76268,0.763,1.50,1.00
2015.04.02 18:54:19.437,0.76268,0.763,1.75,1.00
2015.04.02 18:54:20.277,0.7627,0.763,1.75,1.00
2015.04.02 18:54:39.444,0.7627,0.763,1.37,1.00
2015.04.02 18:54:39.544,0.7627,0.763,1.12,1.00
2015.04.02 18:54:39.645,0.76268,0.763,1.12,1.37
2015.04.02 18:54:39.946,0.76265,0.76299,1.50,1.00
2015.04.02 18:54:39.996,0.76263,0.76295,1.00,1.00
2015.04.02 18:54:40.097,0.76263,0.76295,1.50,1.00
2015.04.02 18:54:40.197,0.76263,0.76295,1.00,1.00
2015.04.02 18:54:40.248,0.76266,0.76298,1.00,1.00
2015.04.02 18:54:40.429,0.76266,0.763,1.00,1.00
2015.04.02 18:54:40.889,0.7627,0.76302,1.00,1.00
2015.04.02 18:54:41.090,0.76271,0.76305,1.00,1.00
2015.04.02 18:54:41.879,0.76271,0.76305,1.75,1.00
2015.04.02 18:54:42.153,0.76271,0.76305,1.00,1.12
2015.04.02 18:54:42.589,0.76271,0.76305,1.75,1.00
2015.04.02 18:54:45.161,0.76271,0.76305,1.75,1.00
2015.04.02 18:54:55.629,0.76275,0.76307,1.37,1.00
2015.04.02 18:54:55.790,0.76275,0.76307,1.50,1.00
2015.04.02 18:54:56.617,0.76275,0.76307,3.00,1.00
2015.04.02 18:54:58.157,0.76276,0.76308,1.50,1.00
2015.04.02 18:54:58.207,0.76276,0.76308,1.37,1.00
2015.04.02 18:54:59.036,0.76276,0.76308,1.37,1.00
2015.04.02 18:55:00.593,0.76274,0.76306,1.37,1.00
2015.04.02 18:55:00.643,0.76274,0.76306,1.50,1.00
2015.04.02 18:55:00.744,0.76274,0.76306,1.12,1.00
2015.04.02 18:55:01.000,0.76272,0.76304,1.37,1.00
2015.04.02 18:55:01.329,0.76267,0.76301,1.75,1.00
2015.04.02 18:55:01.521,0.76267,0.76301,1.00,1.00
2015.04.02 18:55:01.571,0.7627,0.76301,1.00,1.00
2015.04.02 18:55:01.900,0.76267,0.76301,1.00,1.00
2015.04.02 18:55:02.224,0.76267,0.76301,1.37,1.00
2015.04.02 18:55:07.242,0.76267,0.76301,1.50,1.00
2015.04.02 18:55:08.390,0.7627,0.76302,1.37,1.00
2015.04.02 18:55:08.854,0.76271,0.76303,1.50,1.00
2015.04.02 18:55:08.920,0.76273,0.76305,1.37,1.00
2015.04.02 18:55:15.758,0.7627,0.76302,1.75,1.00
2015.04.02 18:55:15.808,0.7627,0.76302,1.37,1.00
2015.04.02 18:55:16.303,0.7627,0.76302,3.00,1.00
2015.04.02 18:55:16.403,0.76273,0.76305,1.37,1.00
2015.04.02 18:55:18.709,0.7627,0.76304,1.50,1.00
2015.04.02 18:55:18.820,0.7627,0.76302,1.75,1.00
2015.04.02 18:55:21.117,0.7627,0.76302,1.37,1.00
2015.04.02 18:55:22.223,0.7627,0.76302,1.37,1.00
2015.04.02 18:55:22.478,0.76267,0.76301,1.75,1.00
2015.04.02 18:55:22.528,0.76267,0.76301,1.37,1.00
2015.04.02 18:55:23.073,0.7627,0.76302,1.00,1.00
2015.04.02 18:55:23.526,0.7627,0.76302,1.50,1.00
2015.04.02 18:55:23.898,0.76272,0.76304,1.37,1.00
2015.04.02 18:55:24.228,0.76272,0.76304,1.50,1.00
2015.04.02 18:55:25.406,0.76273,0.76305,1.37,1.00
2015.04.02 18:55:27.297,0.76273,0.76305,1.37,1.00
2015.04.02 18:55:30.658,0.76273,0.76305,1.37,1.00
2015.04.02 18:55:41.888,0.76273,0.76305,1.37,1.00
2015.04.02 18:55:42.069,0.76271,0.76303,1.37,1.00
2015.04.02 18:55:42.230,0.7627,0.76302,1.12,1.37
2015.04.02 18:55:42.280,0.76267,0.76299,1.37,1.00
2015.04.02 18:55:42.598,0.76269,0.76301,1.75,1.00
2015.04.02 18:55:42.698,0.76272,0.76304,1.37,1.00
2015.04.02 18:55:45.203,0.76272,0.76304,1.37,1.00
2015.04.02 18:56:05.844,0.76272,0.76304,1.00,1.37
2015.04.02 18:56:06.267,0.76272,0.76304,1.00,1.50
2015.04.02 18:56:06.339,0.76264,0.76296,1.37,1.00
2015.04.02 18:56:06.652,0.76266,0.76298,1.37,1.00
2015.04.02 18:56:06.795,0.76264,0.76296,1.37,1.00
2015.04.02 18:56:06.895,0.76264,0.76298,1.50,1.00
2015.04.02 18:56:06.946,0.76264,0.76298,1.37,1.00
2015.04.02 18:56:07.439,0.76261,0.76295,1.37,1.00
2015.04.02 18:56:09.049,0.76261,0.76295,1.50,1.00
2015.04.02 18:56:09.099,0.76263,0.76297,1.37,1.12
2015.04.02 18:56:14.758,0.76263,0.76297,1.37,1.37
2015.04.02 18:56:14.812,0.76261,0.76293,1.37,1.00
2015.04.02 18:56:14.863,0.76261,0.76293,1.12,1.37
2015.04.02 18:56:14.965,0.7626,0.7629,1.37,1.00
2015.04.02 18:56:15.071,0.7626,0.76292,1.00,1.00
2015.04.02 18:56:15.619,0.76258,0.7629,1.00,1.00
2015.04.02 18:56:15.928,0.76255,0.76287,1.50,1.00
2015.04.02 18:56:16.258,0.76258,0.7629,1.00,1.00
2015.04.02 18:56:17.365,0.76258,0.7629,1.50,1.00
2015.04.02 18:56:17.767,0.76258,0.7629,1.37,1.00
2015.04.02 18:56:18.806,0.76255,0.76289,1.50,1.00
2015.04.02 18:56:19.771,0.76255,0.76289,1.37,1.00
2015.04.02 18:56:22.659,0.76255,0.76289,1.87,1.00
2015.04.02 18:56:22.709,0.76255,0.76289,1.87,1.00
2015.04.02 18:56:22.910,0.76255,0.76289,1.37,1.00
2015.04.02 18:56:27.285,0.76255,0.76289,1.87,1.00
2015.04.02 18:56:27.687,0.76255,0.76289,1.50,1.00
2015.04.02 18:56:27.817,0.76257,0.76289,1.00,1.00
2015.04.02 18:56:27.971,0.76255,0.76287,1.00,1.00
2015.04.02 18:56:28.284,0.7625,0.76282,1.00,1.00
2015.04.02 18:56:28.707,0.7625,0.76284,1.00,1.00
2015.04.02 18:56:28.816,0.76253,0.76285,1.00,1.00
2015.04.02 18:56:29.292,0.76253,0.76285,1.37,1.00
2015.04.02 18:56:29.993,0.76253,0.76285,1.50,1.00
2015.04.02 18:56:33.699,0.76253,0.76285,1.75,1.00
2015.04.02 18:56:33.749,0.76256,0.76288,1.37,1.00
2015.04.02 18:56:37.116,0.76256,0.76288,1.50,1.00
2015.04.02 18:56:37.286,0.76259,0.76291,1.37,1.00
2015.04.02 18:56:40.611,0.76259,0.76291,1.50,1.00
2015.04.02 18:56:40.661,0.76261,0.76293,1.37,1.00
2015.04.02 18:56:41.228,0.76261,0.76293,1.37,1.00
2015.04.02 18:56:41.815,0.76261,0.76293,1.50,1.00
2015.04.02 18:56:48.029,0.76261,0.76295,1.50,1.50
2015.04.02 18:56:49.277,0.76261,0.76295,1.37,1.50
2015.04.02 18:56:49.383,0.76261,0.76293,1.37,1.00
2015.04.02 18:56:50.363,0.76263,0.76295,1.37,1.00
2015.04.02 18:56:50.687,0.76266,0.76305,1.75,1.12
2015.04.02 18:56:51.108,0.76271,0.76303,1.37,1.00
2015.04.02 18:56:51.416,0.76268,0.763,1.37,1.50
2015.04.02 18:56:51.717,0.76266,0.76298,1.37,1.00
2015.04.02 18:56:52.576,0.76266,0.76298,1.37,1.00
2015.04.02 18:56:53.236,0.76265,0.76297,1.37,1.00
2015.04.02 18:56:53.287,0.76265,0.76297,1.37,1.00
2015.04.02 18:57:00.053,0.76265,0.76297,1.37,1.12
2015.04.02 18:57:00.240,0.76263,0.76295,1.37,1.00
2015.04.02 18:57:00.556,0.76263,0.76295,1.50,1.00
2015.04.02 18:57:01.186,0.76263,0.76295,1.37,1.00
2015.04.02 18:57:02.177,0.76263,0.76295,1.50,1.00
2015.04.02 18:57:04.529,0.76264,0.76298,1.37,1.00
2015.04.02 18:57:05.005,0.76264,0.76298,1.75,1.00
2015.04.02 18:57:05.537,0.76267,0.76299,1.37,1.00
2015.04.02 18:57:05.866,0.76268,0.763,1.12,1.37
2015.04.02 18:57:05.967,0.76266,0.76298,1.50,1.00
2015.04.02 18:57:06.110,0.7627,0.76302,1.37,1.12
2015.04.02 18:57:06.215,0.7627,0.76302,1.12,1.12
2015.04.02 18:57:06.326,0.76268,0.763,1.37,1.00
2015.04.02 18:57:12.079,0.76268,0.763,1.37,1.12
2015.04.02 18:57:12.429,0.76265,0.76297,1.50,1.00
2015.04.02 18:57:12.559,0.76267,0.76299,1.37,1.00
2015.04.02 18:57:13.213,0.76268,0.763,1.37,1.00
2015.04.02 18:57:13.682,0.76268,0.763,1.75,1.00
2015.04.02 18:57:13.806,0.76272,0.76304,1.37,1.00
2015.04.02 18:57:14.026,0.76274,0.76306,1.37,1.00
2015.04.02 18:57:14.368,0.76271,0.76303,1.37,1.00
2015.04.02 18:57:14.689,0.76273,0.76305,1.37,1.00
2015.04.02 18:57:21.428,0.76273,0.76305,1.37,1.00
2015.04.02 18:57:22.006,0.76273,0.76305,1.37,1.00
2015.04.02 18:57:22.750,0.76273,0.76305,1.12,1.00
2015.04.02 18:57:23.325,0.76269,0.76301,1.37,1.00
2015.04.02 18:57:23.702,0.76268,0.763,1.37,1.00
2015.04.02 18:57:24.704,0.76266,0.763,1.37,1.00
2015.04.02 18:57:25.245,0.76266,0.763,1.37,1.00
2015.04.02 18:57:25.607,0.76266,0.763,1.37,1.00
2015.04.02 18:57:29.614,0.76266,0.763,1.37,1.00
2015.04.02 18:57:29.955,0.76265,0.76297,1.37,1.00
2015.04.02 18:57:31.517,0.76265,0.76297,1.37,1.00
2015.04.02 18:57:32.235,0.76265,0.76297,3.00,1.00
2015.04.02 18:57:32.285,0.76268,0.763,1.37,1.00
2015.04.02 18:57:32.526,0.76268,0.763,1.75,1.00
2015.04.02 18:57:34.557,0.7627,0.76304,1.37,1.00
2015.04.02 18:57:37.327,0.7627,0.76304,1.50,1.00
2015.04.02 18:57:37.975,0.7627,0.76304,1.75,1.00
2015.04.02 18:57:43.339,0.7627,0.76304,1.37,1.00
2015.04.02 18:57:44.025,0.76273,0.76305,1.37,1.00
2015.04.02 18:57:45.265,0.76273,0.76305,1.37,1.00
2015.04.02 18:57:45.594,0.76276,0.76308,1.37,1.00
2015.04.02 18:57:53.956,0.76276,0.76308,1.37,1.00
2015.04.02 18:57:54.696,0.76277,0.76309,1.37,1.00
2015.04.02 18:57:57.365,0.76276,0.76308,1.37,1.00
2015.04.02 18:58:00.337,0.76275,0.76307,1.37,1.00
2015.04.02 18:58:00.865,0.76277,0.76311,1.37,1.12
2015.04.02 18:58:00.916,0.76277,0.76311,1.50,1.00
2015.04.02 18:58:02.173,0.76279,0.76311,1.37,1.00
2015.04.02 18:58:03.047,0.76277,0.76309,1.37,1.00
2015.04.02 18:58:03.475,0.76277,0.76309,1.75,1.00
2015.04.02 18:58:04.056,0.76276,0.76308,1.75,1.00
2015.04.02 18:58:08.884,0.76276,0.76308,1.50,1.00
2015.04.02 18:58:09.557,0.76277,0.76309,1.50,1.00
2015.04.02 18:58:14.593,0.76277,0.76309,1.75,1.00
2015.04.02 18:58:17.199,0.76277,0.76309,1.50,1.00
2015.04.02 18:58:19.615,0.76277,0.76309,1.75,1.00
2015.04.02 18:58:20.205,0.76277,0.76309,1.75,1.00
2015.04.02 18:58:23.507,0.76278,0.76312,1.75,1.00
2015.04.02 18:58:30.625,0.76278,0.76312,1.37,1.00
2015.04.02 18:58:36.735,0.76278,0.76312,1.75,1.00
2015.04.02 18:58:42.245,0.7628,0.76312,1.75,1.00
2015.04.02 18:58:43.148,0.7628,0.76312,1.50,1.00
2015.04.02 18:58:43.550,0.7628,0.76312,1.37,1.00
2015.04.02 18:58:47.156,0.76279,0.7631,1.37,1.00
2015.04.02 18:58:50.166,0.76279,0.7631,1.75,1.00
2015.04.02 18:58:50.236,0.76279,0.76313,3.00,1.00
2015.04.02 18:58:50.813,0.76279,0.76313,3.00,1.00
2015.04.02 18:58:53.282,0.76279,0.76313,3.00,1.00
2015.04.02 18:58:53.333,0.76281,0.76315,1.75,1.00
2015.04.02 18:58:53.434,0.76292,0.76324,1.12,1.37
2015.04.02 18:58:53.484,0.76292,0.7632,1.12,1.00
2015.04.02 18:58:53.585,0.76294,0.76325,1.00,1.37
2015.04.02 18:58:54.544,0.76295,0.76327,1.00,1.37
2015.04.02 18:58:56.598,0.76295,0.76325,1.00,1.37
2015.04.02 18:58:56.649,0.76292,0.76325,1.00,1.37
2015.04.02 18:58:56.851,0.7629,0.76321,1.00,1.12
2015.04.02 18:58:57.397,0.7629,0.7632,1.00,1.00
2015.04.02 18:58:59.188,0.7629,0.76322,1.12,1.00
2015.04.02 18:59:00.357,0.7629,0.76324,1.12,1.00
2015.04.02 18:59:03.143,0.7629,0.76324,1.37,1.37
2015.04.02 18:59:06.120,0.7629,0.76324,1.00,1.37
2015.04.02 18:59:06.297,0.76287,0.76319,1.00,1.00
2015.04.02 18:59:06.865,0.76286,0.76318,1.37,1.00
2015.04.02 18:59:07.124,0.76286,0.76318,1.00,1.37
2015.04.02 18:59:07.745,0.76283,0.76315,1.37,1.00
2015.04.02 18:59:08.483,0.76285,0.76317,1.12,1.37
2015.04.02 18:59:09.028,0.76285,0.76315,1.37,1.00
2015.04.02 18:59:09.285,0.76287,0.76319,1.00,1.37
2015.04.02 18:59:09.798,0.76285,0.76319,1.37,1.37
2015.04.02 18:59:10.331,0.76285,0.76319,1.37,1.00
2015.04.02 18:59:10.605,0.76289,0.76321,1.12,1.00
2015.04.02 18:59:11.373,0.76289,0.7632,1.12,1.00
2015.04.02 18:59:12.694,0.76289,0.76323,1.12,1.37
2015.04.02 18:59:12.838,0.76289,0.76323,1.00,1.37
2015.04.02 18:59:13.258,0.76289,0.76321,1.37,1.00
2015.04.02 18:59:13.337,0.76291,0.76323,1.00,1.00
2015.04.02 18:59:13.463,0.76291,0.7632,1.37,1.00
2015.04.02 18:59:16.545,0.76292,0.7632,1.37,1.00
2015.04.02 18:59:16.895,0.76288,0.7632,1.37,1.87
2015.04.02 18:59:18.648,0.76289,0.76323,1.00,1.75
2015.04.02 18:59:18.773,0.76287,0.76319,1.12,1.12
2015.04.02 18:59:18.836,0.76289,0.76321,1.00,1.87
2015.04.02 18:59:19.173,0.76289,0.7632,1.00,1.37
2015.04.02 18:59:19.865,0.76289,0.7632,1.00,1.37
2015.04.02 18:59:20.872,0.76289,0.7632,1.12,1.37
2015.04.02 18:59:21.184,0.76286,0.76318,1.00,1.12
2015.04.02 18:59:21.383,0.76286,0.76315,1.00,1.00
2015.04.02 18:59:21.713,0.76286,0.76318,1.00,1.12
2015.04.02 18:59:22.373,0.76286,0.76315,1.00,1.00
2015.04.02 18:59:23.058,0.76286,0.76318,1.12,1.37
2015.04.02 18:59:23.598,0.76286,0.76318,1.00,1.37
2015.04.02 18:59:24.243,0.76286,0.76315,1.00,1.00
2015.04.02 18:59:24.777,0.76284,0.76315,1.37,1.00
2015.04.02 18:59:25.111,0.76284,0.76315,1.00,1.37
2015.04.02 18:59:25.713,0.76284,0.76315,1.00,1.37
2015.04.02 18:59:27.066,0.76284,0.76315,1.12,1.12
2015.04.02 18:59:27.584,0.76284,0.76316,1.00,1.37
2015.04.02 18:59:28.598,0.76285,0.76317,1.00,1.37
2015.04.02 18:59:29.183,0.76285,0.76317,1.12,1.37
2015.04.02 18:59:30.073,0.76285,0.76317,1.00,1.37
2015.04.02 18:59:31.613,0.76285,0.76317,1.00,1.37
2015.04.02 18:59:33.437,0.76284,0.76316,1.00,1.37
2015.04.02 18:59:37.096,0.76291,0.7632,1.00,1.75
2015.04.02 18:59:37.390,0.76291,0.7632,1.00,1.37
2015.04.02 18:59:37.491,0.76291,0.76321,1.00,1.37
2015.04.02 18:59:37.541,0.76295,0.76326,1.00,1.75
2015.04.02 18:59:39.155,0.76295,0.76325,1.00,1.37
2015.04.02 18:59:39.485,0.76297,0.76325,1.00,1.37
2015.04.02 18:59:39.872,0.76297,0.7632,1.00,1.00
2015.04.02 18:59:40.499,0.76297,0.76321,1.00,1.00
2015.04.02 18:59:41.135,0.76297,0.76325,1.00,1.37
2015.04.02 18:59:41.355,0.76297,0.76325,1.00,1.37
2015.04.02 18:59:41.405,0.76299,0.76325,1.00,1.37
2015.04.02 18:59:41.623,0.76296,0.76325,1.00,1.37
2015.04.02 18:59:41.794,0.76296,0.7632,1.00,1.00
2015.04.02 18:59:42.125,0.76296,0.76325,1.00,1.37
2015.04.02 18:59:42.203,0.76296,0.76325,1.00,1.75
2015.04.02 18:59:42.266,0.76292,0.76325,1.00,1.75
2015.04.02 18:59:42.316,0.76292,0.76325,1.00,1.75
2015.04.02 18:59:44.108,0.76292,0.7632,1.00,1.37
2015.04.02 18:59:44.209,0.76292,0.7632,1.00,1.00
2015.04.02 18:59:44.259,0.763,0.7632,1.00,1.00
2015.04.02 18:59:44.326,0.763,0.76332,1.00,1.00
2015.04.02 18:59:44.376,0.76303,0.76335,1.00,1.00
2015.04.02 18:59:44.687,0.76306,0.76336,1.00,1.00
2015.04.02 18:59:45.015,0.76309,0.76335,1.00,1.00
2015.04.02 18:59:45.316,0.7631,0.7633,1.00,1.00
2015.04.02 18:59:45.366,0.76307,0.7633,1.00,1.00
2015.04.02 18:59:45.474,0.76305,0.7633,1.00,1.00
2015.04.02 18:59:45.538,0.76305,0.76335,1.00,1.00
2015.04.02 18:59:45.588,0.7631,0.76335,1.00,1.00
2015.04.02 18:59:45.648,0.7631,0.76342,1.00,1.12
2015.04.02 18:59:45.958,0.76306,0.76341,1.00,1.00
2015.04.02 18:59:46.136,0.76311,0.7634,1.00,1.00
2015.04.02 18:59:46.776,0.76309,0.7634,1.00,1.00
2015.04.02 18:59:47.221,0.76309,0.7634,1.00,1.75
2015.04.02 18:59:47.523,0.76308,0.7634,1.00,1.75
2015.04.02 18:59:47.573,0.76306,0.76338,1.00,1.75
2015.04.02 18:59:47.674,0.76304,0.76335,1.00,1.75
2015.04.02 18:59:48.021,0.76304,0.7633,1.00,1.12
2015.04.02 18:59:48.225,0.76306,0.7633,1.00,1.00
2015.04.02 18:59:48.834,0.76306,0.76335,1.00,1.37
2015.04.02 18:59:48.884,0.76308,0.76335,1.00,1.37
2015.04.02 18:59:48.975,0.76306,0.76335,1.00,1.37
2015.04.02 18:59:49.124,0.76306,0.76335,1.00,1.00
2015.04.02 18:59:49.330,0.76309,0.76335,1.00,1.00
2015.04.02 18:59:49.825,0.76309,0.76335,1.00,1.37
2015.04.02 18:59:49.875,0.76306,0.76335,1.00,1.37
2015.04.02 18:59:50.595,0.76306,0.76335,1.00,1.37
2015.04.02 18:59:50.815,0.76306,0.7633,1.00,1.00
2015.04.02 18:59:52.073,0.76308,0.76331,1.00,1.37
2015.04.02 18:59:52.234,0.76308,0.76335,1.00,1.37
2015.04.02 18:59:52.334,0.76308,0.76335,1.00,1.75
2015.04.02 18:59:52.435,0.76308,0.76335,1.00,1.37
2015.04.02 18:59:53.537,0.76308,0.76335,1.00,1.75
2015.04.02 18:59:55.743,0.76308,0.76331,1.00,1.75
2015.04.02 18:59:55.844,0.76302,0.76325,1.00,1.37
2015.04.02 18:59:55.944,0.763,0.76325,1.00,1.37
2015.04.02 18:59:56.052,0.76298,0.76325,1.00,1.37
2015.04.02 18:59:57.116,0.76297,0.76325,1.00,1.37
2015.04.02 18:59:57.267,0.76294,0.76325,1.00,1.37
2015.04.02 18:59:58.722,0.76294,0.76328,1.00,1.37
2015.04.02 18:59:58.772,0.76297,0.76329,1.00,1.50
2015.04.02 18:59:59.253,0.76297,0.76329,1.00,1.75
2015.04.02 18:59:59.316,0.76294,0.76328,1.00,1.75
2015.04.02 18:59:59.455,0.76294,0.76328,1.00,1.50
2015.04.02 18:59:59.556,0.76298,0.7633,1.00,1.75
