2018.02.09 20:00:00.093,0.74415,0.74429,1.37,1.00
2018.02.09 20:00:00.225,0.74411,0.74427,1.37,1.87
2018.02.09 20:00:00.276,0.74409,0.74426,1.12,1.37
2018.02.09 20:00:00.479,0.7441,0.74426,1.37,1.12
2018.02.09 20:00:00.581,0.7441,0.74427,1.12,1.37
2018.02.09 20:00:00.804,0.74408,0.74425,1.62,1.37
2018.02.09 20:00:01.113,0.7441,0.74428,1.87,2.06
2018.02.09 20:00:01.289,0.74413,0.74431,2.06,1.87
2018.02.09 20:00:01.440,0.74411,0.74427,3.75,1.00
2018.02.09 20:00:01.491,0.74411,0.74427,1.37,1.37
2018.02.09 20:00:01.887,0.7441,0.74425,1.12,1.00
2018.02.09 20:00:02.088,0.74407,0.74424,1.62,1.87
2018.02.09 20:00:02.606,0.74407,0.74424,1.37,2.06
2018.02.09 20:00:03.053,0.7441,0.74426,1.00,1.87
2018.02.09 20:00:03.105,0.7441,0.74426,1.87,1.00
2018.02.09 20:00:03.716,0.74411,0.74427,1.37,1.37
2018.02.09 20:00:04.155,0.74409,0.74425,1.50,3.00
2018.02.09 20:00:04.206,0.74405,0.74421,1.87,1.12
2018.02.09 20:00:04.759,0.74406,0.74422,1.37,1.12
2018.02.09 20:00:05.311,0.74407,0.74423,1.87,1.12
2018.02.09 20:00:06.195,0.74408,0.74423,1.37,1.00
2018.02.09 20:00:06.246,0.74407,0.74421,1.37,1.00
2018.02.09 20:00:06.348,0.74404,0.7442,2.62,1.00
2018.02.09 20:00:06.598,0.74403,0.74419,1.12,1.87
2018.02.09 20:00:07.234,0.74403,0.74419,1.87,1.12
2018.02.09 20:00:07.618,0.74401,0.74416,1.37,1.00
2018.02.09 20:00:07.719,0.74397,0.74414,1.37,1.37
2018.02.09 20:00:08.270,0.74398,0.74414,1.12,1.37
2018.02.09 20:00:09.048,0.74397,0.74414,2.06,1.37
2018.02.09 20:00:09.099,0.74397,0.74413,1.87,1.12
2018.02.09 20:00:10.137,0.74396,0.74412,1.37,1.00
2018.02.09 20:00:10.836,0.74396,0.74412,1.87,1.37
2018.02.09 20:00:11.209,0.74397,0.74413,1.37,1.37
2018.02.09 20:00:11.751,0.74399,0.74413,1.00,1.37
2018.02.09 20:00:11.802,0.744,0.74417,1.12,3.92
2018.02.09 20:00:12.273,0.74401,0.74417,1.00,1.12
2018.02.09 20:00:13.092,0.74401,0.74417,1.00,1.37
2018.02.09 20:00:13.472,0.74398,0.74416,1.37,1.37
2018.02.09 20:00:14.277,0.74398,0.74415,1.62,1.37
2018.02.09 20:00:14.794,0.74398,0.74415,1.62,1.37
2018.02.09 20:00:15.046,0.74401,0.74415,1.00,1.37
2018.02.09 20:00:15.096,0.74401,0.74417,1.37,1.37
2018.02.09 20:00:15.197,0.74402,0.74418,1.37,1.00
2018.02.09 20:00:15.850,0.74402,0.74418,1.12,1.12
2018.02.09 20:00:17.186,0.744,0.74418,1.87,1.37
2018.02.09 20:00:17.239,0.744,0.74418,1.87,1.12
2018.02.09 20:00:18.201,0.74401,0.74418,1.87,1.37
2018.02.09 20:00:18.706,0.74401,0.74418,1.87,1.37
2018.02.09 20:00:19.144,0.74397,0.74412,1.12,1.12
2018.02.09 20:00:20.204,0.74398,0.74415,1.12,1.87
2018.02.09 20:00:20.926,0.74398,0.74414,1.12,1.61
2018.02.09 20:00:21.468,0.74398,0.74414,1.00,1.37
2018.02.09 20:00:21.621,0.74398,0.74414,1.00,1.87
2018.02.09 20:00:21.772,0.74402,0.74416,1.00,1.37
2018.02.09 20:00:21.924,0.74402,0.74418,1.12,1.87
2018.02.09 20:00:22.524,0.74399,0.74415,1.87,1.00
2018.02.09 20:00:23.149,0.74401,0.74417,1.12,1.37
2018.02.09 20:00:23.251,0.74403,0.74418,1.00,1.37
2018.02.09 20:00:24.139,0.74404,0.74419,1.00,1.37
2018.02.09 20:00:24.629,0.74401,0.74416,1.00,1.37
2018.02.09 20:00:24.832,0.74403,0.74419,1.00,2.62
2018.02.09 20:00:24.934,0.74403,0.7442,1.37,1.62
2018.02.09 20:00:25.237,0.74402,0.74417,1.12,1.12
2018.02.09 20:00:26.646,0.74402,0.74418,1.37,1.12
2018.02.09 20:00:26.999,0.74402,0.74416,1.12,1.12
2018.02.09 20:00:27.613,0.74401,0.74415,1.12,1.00
2018.02.09 20:00:28.157,0.74398,0.74415,1.87,1.12
2018.02.09 20:00:28.534,0.74397,0.74412,1.37,1.12
2018.02.09 20:00:28.885,0.74397,0.7441,1.37,1.00
2018.02.09 20:00:29.023,0.74394,0.7441,1.37,1.12
2018.02.09 20:00:29.073,0.74396,0.74412,1.37,1.25
2018.02.09 20:00:29.412,0.74394,0.74407,1.37,1.00
2018.02.09 20:00:29.672,0.74391,0.7441,1.37,2.06
2018.02.09 20:00:30.211,0.74393,0.74409,1.87,1.00
2018.02.09 20:00:30.757,0.74393,0.7441,1.37,1.12
2018.02.09 20:00:30.808,0.74393,0.7441,1.87,1.37
2018.02.09 20:00:30.910,0.74392,0.74407,1.37,1.00
2018.02.09 20:00:31.122,0.7439,0.74407,1.37,1.37
2018.02.09 20:00:31.780,0.74391,0.74406,1.37,1.00
2018.02.09 20:00:32.333,0.74392,0.74407,1.37,1.00
2018.02.09 20:00:32.486,0.74392,0.74409,1.37,1.12
2018.02.09 20:00:33.012,0.74393,0.7441,1.37,2.06
2018.02.09 20:00:33.525,0.74393,0.7441,1.37,1.87
2018.02.09 20:00:34.066,0.74395,0.74412,1.87,1.62
2018.02.09 20:00:34.467,0.744,0.74416,1.00,1.37
2018.02.09 20:00:34.669,0.74404,0.74421,1.37,1.37
2018.02.09 20:00:34.780,0.74404,0.74421,1.37,1.12
2018.02.09 20:00:34.831,0.74411,0.74424,1.00,2.25
2018.02.09 20:00:34.881,0.74411,0.74427,1.00,1.87
2018.02.09 20:00:34.984,0.74411,0.74427,1.37,1.37
2018.02.09 20:00:35.396,0.74412,0.74428,1.12,1.87
2018.02.09 20:00:35.637,0.74411,0.74427,1.12,1.37
2018.02.09 20:00:36.495,0.7441,0.74427,1.25,1.37
2018.02.09 20:00:36.803,0.74407,0.74423,1.87,1.37
2018.02.09 20:00:37.333,0.74405,0.74424,3.19,1.87
2018.02.09 20:00:37.568,0.74407,0.74424,1.12,1.37
2018.02.09 20:00:38.207,0.74405,0.74422,1.87,1.37
2018.02.09 20:00:38.628,0.74405,0.74422,1.87,1.12
2018.02.09 20:00:38.686,0.74405,0.74422,1.87,1.37
2018.02.09 20:00:39.138,0.74406,0.74423,1.37,1.37
2018.02.09 20:00:39.443,0.74409,0.74426,1.12,1.37
2018.02.09 20:00:40.043,0.7441,0.74426,1.37,1.37
2018.02.09 20:00:40.633,0.7441,0.74426,1.12,1.12
2018.02.09 20:00:41.161,0.7441,0.74427,1.00,1.87
2018.02.09 20:00:41.855,0.74411,0.74427,1.12,1.37
2018.02.09 20:00:42.246,0.74414,0.7443,1.12,1.37
2018.02.09 20:00:42.572,0.74411,0.74427,1.12,1.37
2018.02.09 20:00:42.921,0.74408,0.74425,1.62,1.87
2018.02.09 20:00:43.545,0.74408,0.74426,1.37,1.37
2018.02.09 20:00:43.646,0.74408,0.74423,1.12,1.12
2018.02.09 20:00:43.751,0.74405,0.74423,2.06,1.37
2018.02.09 20:00:45.820,0.74405,0.74422,1.87,1.12
2018.02.09 20:00:46.522,0.74406,0.74423,1.37,1.50
2018.02.09 20:00:47.026,0.74407,0.74423,1.37,1.12
2018.02.09 20:00:47.277,0.74407,0.74424,1.87,1.37
2018.02.09 20:00:47.516,0.74407,0.74424,1.87,1.37
2018.02.09 20:00:48.023,0.74407,0.74424,1.87,1.37
2018.02.09 20:00:48.611,0.74407,0.74422,1.37,1.00
2018.02.09 20:00:49.130,0.74407,0.74422,1.37,1.12
2018.02.09 20:00:49.919,0.74404,0.7442,1.37,1.37
2018.02.09 20:00:50.416,0.74405,0.74421,1.37,1.31
2018.02.09 20:00:50.937,0.74406,0.74422,1.12,1.00
2018.02.09 20:00:52.723,0.74407,0.74424,1.87,1.37
2018.02.09 20:00:53.757,0.74409,0.74425,1.12,1.87
2018.02.09 20:00:54.151,0.74408,0.74425,1.37,1.37
2018.02.09 20:00:54.916,0.74411,0.74428,1.00,3.75
2018.02.09 20:00:54.967,0.74412,0.74428,1.00,1.87
2018.02.09 20:00:55.068,0.74413,0.74429,1.37,1.37
2018.02.09 20:00:56.284,0.74413,0.74429,1.12,1.37
2018.02.09 20:00:56.905,0.74412,0.74428,1.00,1.87
2018.02.09 20:00:57.427,0.74412,0.74428,1.12,1.87
2018.02.09 20:00:58.635,0.74411,0.74428,1.00,1.87
2018.02.09 20:00:59.422,0.74412,0.74428,1.00,1.87
2018.02.09 20:00:59.523,0.7441,0.74427,1.12,1.37
2018.02.09 20:00:59.961,0.7441,0.74424,1.37,1.00
2018.02.09 20:01:00.115,0.74414,0.74431,1.37,1.37
2018.02.09 20:01:00.569,0.74419,0.74435,1.00,2.25
2018.02.09 20:01:00.659,0.74419,0.74437,1.37,1.87
2018.02.09 20:01:01.485,0.7442,0.74436,1.87,1.12
2018.02.09 20:01:01.537,0.74423,0.74439,1.37,1.25
2018.02.09 20:01:01.807,0.74423,0.74441,1.87,1.12
2018.02.09 20:01:01.857,0.74424,0.74442,1.87,1.37
2018.02.09 20:01:02.508,0.74426,0.74443,1.37,1.37
2018.02.09 20:01:03.203,0.74426,0.74443,1.37,1.12
2018.02.09 20:01:03.357,0.74426,0.74442,1.12,1.12
2018.02.09 20:01:03.459,0.74426,0.7444,1.12,1.00
2018.02.09 20:01:03.931,0.74426,0.74442,1.87,1.12
2018.02.09 20:01:04.312,0.74426,0.74442,1.00,2.06
2018.02.09 20:01:04.754,0.74425,0.7444,1.37,1.00
2018.02.09 20:01:04.957,0.74424,0.7444,1.37,1.37
2018.02.09 20:01:05.161,0.74427,0.74443,1.00,1.87
2018.02.09 20:01:05.415,0.7443,0.74445,1.12,1.37
2018.02.09 20:01:05.931,0.7443,0.74445,1.37,1.00
2018.02.09 20:01:06.253,0.74429,0.74446,1.87,1.87
2018.02.09 20:01:06.890,0.74429,0.74446,1.87,1.37
2018.02.09 20:01:07.599,0.7443,0.74447,1.37,1.37
2018.02.09 20:01:08.072,0.74433,0.74449,1.12,2.06
2018.02.09 20:01:08.227,0.74434,0.7445,1.87,1.12
2018.02.09 20:01:09.030,0.74434,0.7445,1.37,1.37
2018.02.09 20:01:09.472,0.74436,0.74452,1.37,1.37
2018.02.09 20:01:10.024,0.74437,0.74452,1.12,1.12
2018.02.09 20:01:10.612,0.74437,0.74453,1.37,1.12
2018.02.09 20:01:10.949,0.74431,0.74447,1.37,1.12
2018.02.09 20:01:11.533,0.7443,0.74447,2.25,1.37
2018.02.09 20:01:13.273,0.74431,0.74447,1.37,1.12
2018.02.09 20:01:14.072,0.74434,0.74451,1.87,1.37
2018.02.09 20:01:15.187,0.74434,0.7445,1.37,1.00
2018.02.09 20:01:15.237,0.74437,0.74453,1.00,1.12
2018.02.09 20:01:15.768,0.74436,0.74452,1.37,1.12
2018.02.09 20:01:15.854,0.74435,0.74448,1.37,1.00
2018.02.09 20:01:15.956,0.74431,0.74446,1.37,1.00
2018.02.09 20:01:16.473,0.74429,0.74445,1.87,1.12
2018.02.09 20:01:17.210,0.7443,0.74446,1.37,1.12
2018.02.09 20:01:18.240,0.74431,0.74448,1.87,1.12
2018.02.09 20:01:18.424,0.7443,0.74446,1.87,1.00
2018.02.09 20:01:19.095,0.74431,0.74447,1.37,1.00
2018.02.09 20:01:20.371,0.74431,0.74446,1.37,1.00
2018.02.09 20:01:22.404,0.7443,0.74446,1.37,1.00
2018.02.09 20:01:24.335,0.7443,0.74446,1.37,1.00
2018.02.09 20:01:24.985,0.74431,0.74447,1.37,1.00
2018.02.09 20:01:25.294,0.74429,0.74445,1.87,1.00
2018.02.09 20:01:25.385,0.74429,0.74445,1.87,1.00
2018.02.09 20:01:26.024,0.74429,0.74447,1.37,2.06
2018.02.09 20:01:26.125,0.74429,0.74446,1.87,1.12
2018.02.09 20:01:26.654,0.74431,0.74447,1.37,1.87
2018.02.09 20:01:27.542,0.7443,0.74446,1.37,1.00
2018.02.09 20:01:28.432,0.7443,0.74446,1.37,1.37
2018.02.09 20:01:29.044,0.74429,0.74445,1.87,1.00
2018.02.09 20:01:30.052,0.74429,0.74446,1.87,1.12
2018.02.09 20:01:30.213,0.74429,0.74446,1.87,1.12
2018.02.09 20:01:30.314,0.74427,0.74442,2.62,1.00
2018.02.09 20:01:30.465,0.74409,0.74425,1.87,1.00
2018.02.09 20:01:30.640,0.74408,0.74425,1.87,1.12
2018.02.09 20:01:31.254,0.74408,0.74425,1.87,1.12
2018.02.09 20:01:32.053,0.74408,0.74425,1.87,1.12
2018.02.09 20:01:32.744,0.74408,0.74425,1.87,1.00
2018.02.09 20:01:33.255,0.74408,0.74425,3.75,1.12
2018.02.09 20:01:34.166,0.7441,0.74426,1.37,1.12
2018.02.09 20:01:34.649,0.74407,0.74424,1.87,1.37
2018.02.09 20:01:35.291,0.74408,0.74424,1.37,1.00
2018.02.09 20:01:35.946,0.74408,0.74424,1.12,1.12
2018.02.09 20:01:36.308,0.74405,0.74422,1.37,1.37
2018.02.09 20:01:38.124,0.74404,0.74421,1.87,1.12
2018.02.09 20:01:40.812,0.74405,0.74422,1.37,1.37
2018.02.09 20:01:41.225,0.74402,0.74417,1.87,1.00
2018.02.09 20:01:41.327,0.74399,0.74416,1.12,1.87
2018.02.09 20:01:41.428,0.744,0.74416,1.00,1.12
2018.02.09 20:01:41.966,0.74399,0.74416,1.37,1.37
2018.02.09 20:01:42.522,0.74398,0.74415,1.37,1.87
2018.02.09 20:01:42.776,0.744,0.74418,2.06,1.37
2018.02.09 20:01:42.827,0.744,0.74418,2.06,1.37
2018.02.09 20:01:44.325,0.74402,0.74417,1.12,1.37
2018.02.09 20:01:44.774,0.74402,0.7442,1.37,1.37
2018.02.09 20:01:45.150,0.74402,0.7442,1.37,1.12
2018.02.09 20:01:45.733,0.74403,0.74421,1.87,1.87
2018.02.09 20:01:46.135,0.74403,0.74421,1.87,3.75
2018.02.09 20:01:46.654,0.74403,0.7442,1.37,1.87
2018.02.09 20:01:47.214,0.74404,0.7442,1.12,1.87
2018.02.09 20:01:47.834,0.74404,0.7442,1.12,1.87
2018.02.09 20:01:48.720,0.74403,0.7442,1.37,1.37
2018.02.09 20:01:50.356,0.74408,0.74424,1.37,1.87
2018.02.09 20:01:50.941,0.74409,0.74426,1.37,1.12
2018.02.09 20:01:51.637,0.74409,0.74426,1.37,1.12
2018.02.09 20:01:52.003,0.74412,0.74431,1.37,1.62
2018.02.09 20:01:52.053,0.74414,0.7443,1.12,1.12
2018.02.09 20:01:52.587,0.74416,0.74432,1.12,1.87
2018.02.09 20:01:52.773,0.74417,0.74434,1.87,1.12
2018.02.09 20:01:52.874,0.74417,0.74435,1.87,1.62
2018.02.09 20:01:53.134,0.74421,0.74438,1.31,1.37
2018.02.09 20:01:53.267,0.74423,0.74439,1.00,3.00
2018.02.09 20:01:53.368,0.74428,0.74445,1.00,1.37
2018.02.09 20:01:53.470,0.74428,0.74445,1.37,1.37
2018.02.09 20:01:53.662,0.74427,0.74444,1.31,1.37
2018.02.09 20:01:54.187,0.74426,0.74445,1.87,2.06
2018.02.09 20:01:54.759,0.74427,0.74443,1.12,1.00
2018.02.09 20:01:55.319,0.74426,0.74443,1.37,1.87
2018.02.09 20:01:56.116,0.74426,0.74443,1.87,1.37
2018.02.09 20:01:56.644,0.74424,0.7444,1.37,1.12
2018.02.09 20:01:57.267,0.74424,0.7444,1.12,1.37
2018.02.09 20:01:58.215,0.74425,0.74441,1.12,1.87
2018.02.09 20:01:58.385,0.74422,0.74441,2.06,1.87
2018.02.09 20:01:58.632,0.74421,0.74439,1.69,3.00
2018.02.09 20:01:59.040,0.74423,0.74438,1.00,1.37
2018.02.09 20:01:59.294,0.7441,0.74428,1.12,1.37
2018.02.09 20:01:59.676,0.74412,0.74427,1.00,1.12
2018.02.09 20:02:00.009,0.74409,0.74423,1.00,1.00
2018.02.09 20:02:00.425,0.74407,0.74422,1.25,1.37
2018.02.09 20:02:00.975,0.74407,0.74423,1.00,3.00
2018.02.09 20:02:01.799,0.74408,0.7442,1.00,1.37
2018.02.09 20:02:02.101,0.74411,0.74424,1.00,1.37
2018.02.09 20:02:02.357,0.74409,0.74425,1.00,1.37
2018.02.09 20:02:02.408,0.74408,0.74423,1.00,1.37
2018.02.09 20:02:02.923,0.74407,0.74422,1.12,1.37
2018.02.09 20:02:03.715,0.74407,0.74422,1.00,1.37
2018.02.09 20:02:03.945,0.74408,0.74425,1.69,1.37
2018.02.09 20:02:04.210,0.74408,0.74425,1.31,3.00
2018.02.09 20:02:04.763,0.74408,0.74423,1.12,1.37
2018.02.09 20:02:05.430,0.74408,0.74423,1.00,1.37
2018.02.09 20:02:05.583,0.74411,0.74426,1.00,2.62
2018.02.09 20:02:06.170,0.74412,0.74426,1.00,1.37
2018.02.09 20:02:06.680,0.74412,0.74426,1.00,1.12
2018.02.09 20:02:07.082,0.74412,0.74426,1.00,1.37
2018.02.09 20:02:07.263,0.7441,0.74426,1.00,1.37
2018.02.09 20:02:07.920,0.74409,0.74424,1.00,1.37
2018.02.09 20:02:08.867,0.7441,0.74426,1.00,3.00
2018.02.09 20:02:09.307,0.74408,0.74423,1.00,1.37
2018.02.09 20:02:09.359,0.74406,0.74422,1.12,1.87
2018.02.09 20:02:09.410,0.74404,0.7442,1.12,1.37
2018.02.09 20:02:09.729,0.74391,0.74406,1.79,1.12
2018.02.09 20:02:09.831,0.74395,0.74409,1.00,1.00
2018.02.09 20:02:10.476,0.74393,0.7441,1.60,1.37
2018.02.09 20:02:10.981,0.74393,0.74408,1.60,1.37
2018.02.09 20:02:11.483,0.74393,0.74407,1.60,1.37
2018.02.09 20:02:11.541,0.74394,0.74407,1.35,1.12
2018.02.09 20:02:11.744,0.74396,0.74409,1.00,1.37
2018.02.09 20:02:11.828,0.74397,0.74413,1.00,1.37
2018.02.09 20:02:12.434,0.74398,0.74413,1.00,1.37
2018.02.09 20:02:12.535,0.74396,0.74411,1.00,1.37
2018.02.09 20:02:12.837,0.74394,0.74411,1.35,1.87
2018.02.09 20:02:13.464,0.74394,0.74409,1.35,1.37
2018.02.09 20:02:13.999,0.74395,0.74409,1.00,1.37
2018.02.09 20:02:14.055,0.74395,0.74411,1.00,1.87
2018.02.09 20:02:15.020,0.74396,0.74411,1.00,1.37
2018.02.09 20:02:17.891,0.74396,0.74411,1.00,1.00
2018.02.09 20:02:18.530,0.74396,0.74412,1.00,1.12
2018.02.09 20:02:19.108,0.74398,0.74414,1.37,1.37
2018.02.09 20:02:19.409,0.74398,0.74414,1.00,1.37
2018.02.09 20:02:19.627,0.744,0.74417,1.37,1.37
2018.02.09 20:02:19.678,0.74403,0.74417,1.00,1.37
2018.02.09 20:02:20.102,0.74401,0.74417,1.12,1.37
2018.02.09 20:02:20.204,0.744,0.74416,1.00,1.87
2018.02.09 20:02:20.695,0.74402,0.74415,1.00,2.25
2018.02.09 20:02:20.746,0.74401,0.74417,1.00,1.87
2018.02.09 20:02:20.847,0.74399,0.74415,1.31,1.37
2018.02.09 20:02:21.259,0.74402,0.74418,1.00,1.87
2018.02.09 20:02:21.818,0.744,0.74417,1.12,1.87
2018.02.09 20:02:21.869,0.744,0.74416,1.00,1.37
2018.02.09 20:02:22.294,0.744,0.74415,1.00,1.12
2018.02.09 20:02:22.447,0.74402,0.74417,1.00,1.37
2018.02.09 20:02:22.721,0.744,0.74417,1.12,1.87
2018.02.09 20:02:23.479,0.744,0.74417,1.12,1.37
2018.02.09 20:02:23.632,0.744,0.74415,1.25,1.37
2018.02.09 20:02:24.590,0.74401,0.74416,1.00,1.37
2018.02.09 20:02:25.156,0.74401,0.74416,1.00,1.12
2018.02.09 20:02:26.746,0.74399,0.74417,1.87,1.87
2018.02.09 20:02:26.956,0.74398,0.74414,1.12,1.37
2018.02.09 20:02:27.456,0.74395,0.74412,1.19,3.75
2018.02.09 20:02:27.507,0.74394,0.74409,1.30,1.12
2018.02.09 20:02:27.558,0.74392,0.74409,1.72,3.75
2018.02.09 20:02:27.860,0.74386,0.74401,1.60,1.37
2018.02.09 20:02:28.052,0.74387,0.74401,1.60,1.00
2018.02.09 20:02:28.590,0.74387,0.74402,1.60,1.12
2018.02.09 20:02:29.531,0.74387,0.74402,1.60,1.37
2018.02.09 20:02:30.376,0.74384,0.74399,1.72,1.00
2018.02.09 20:02:30.902,0.74383,0.74399,2.85,1.87
2018.02.09 20:02:31.971,0.74385,0.74401,1.72,1.37
2018.02.09 20:02:32.383,0.74387,0.74402,1.60,1.37
2018.02.09 20:02:32.947,0.74391,0.74405,1.60,1.37
2018.02.09 20:02:33.657,0.74391,0.74405,1.60,1.37
2018.02.09 20:02:33.900,0.74388,0.74404,1.60,1.37
2018.02.09 20:02:35.498,0.74385,0.74402,1.72,1.87
2018.02.09 20:02:35.746,0.74387,0.74402,1.60,1.12
2018.02.09 20:02:36.907,0.74388,0.74404,1.97,1.37
2018.02.09 20:02:37.415,0.74389,0.74404,1.60,1.37
2018.02.09 20:02:38.747,0.74388,0.74404,1.60,3.75
2018.02.09 20:02:39.259,0.74385,0.74401,1.91,1.37
2018.02.09 20:02:39.764,0.74385,0.74401,1.60,3.75
2018.02.09 20:02:39.916,0.74385,0.74399,1.60,1.12
2018.02.09 20:02:40.418,0.74386,0.74401,1.60,3.00
2018.02.09 20:02:42.364,0.74384,0.74401,1.97,1.87
2018.02.09 20:02:43.017,0.74386,0.74402,1.72,1.12
2018.02.09 20:02:43.393,0.74386,0.74402,1.00,1.12
2018.02.09 20:02:43.768,0.74386,0.74402,1.12,1.37
2018.02.09 20:02:44.576,0.74384,0.74401,1.62,1.37
2018.02.09 20:02:44.923,0.74386,0.74403,1.37,1.37
2018.02.09 20:02:45.728,0.74386,0.74403,1.37,1.12
2018.02.09 20:02:46.024,0.74389,0.74405,1.12,1.87
2018.02.09 20:02:46.366,0.74387,0.74402,1.00,1.37
2018.02.09 20:02:46.521,0.74387,0.74402,1.00,1.12
2018.02.09 20:02:46.572,0.74389,0.74402,1.00,1.12
2018.02.09 20:02:46.766,0.74389,0.74405,1.12,1.00
2018.02.09 20:02:47.333,0.7439,0.74406,1.37,1.37
2018.02.09 20:02:47.798,0.74393,0.74408,1.00,1.37
2018.02.09 20:02:48.250,0.74392,0.74409,1.37,1.87
2018.02.09 20:02:48.301,0.74395,0.74409,1.00,1.37
2018.02.09 20:02:48.402,0.74397,0.74411,1.12,1.12
2018.02.09 20:02:48.554,0.74399,0.74414,1.00,1.37
2018.02.09 20:02:48.934,0.744,0.74416,1.37,1.87
2018.02.09 20:02:49.931,0.744,0.74416,1.12,1.87
2018.02.09 20:02:50.370,0.74403,0.74419,1.00,1.87
2018.02.09 20:02:50.724,0.74402,0.74416,1.37,1.00
2018.02.09 20:02:50.775,0.744,0.74416,1.12,1.87
2018.02.09 20:02:51.198,0.744,0.74418,1.37,1.37
2018.02.09 20:02:51.525,0.744,0.74416,1.12,1.37
2018.02.09 20:02:51.677,0.74398,0.74416,1.12,2.25
2018.02.09 20:02:51.933,0.74396,0.74413,1.12,1.37
2018.02.09 20:02:51.984,0.74396,0.74412,1.00,1.87
2018.02.09 20:02:52.162,0.74392,0.74409,1.62,1.87
2018.02.09 20:02:52.316,0.74391,0.74407,1.31,1.87
2018.02.09 20:02:52.824,0.7439,0.74407,1.37,1.37
2018.02.09 20:02:53.229,0.74394,0.7441,1.00,1.87
2018.02.09 20:02:53.332,0.74394,0.7441,1.37,1.12
2018.02.09 20:02:53.584,0.74391,0.74407,2.44,1.00
2018.02.09 20:02:54.327,0.74391,0.74407,1.37,1.12
2018.02.09 20:02:54.554,0.74391,0.74408,1.00,1.37
2018.02.09 20:02:54.724,0.74391,0.74406,1.00,1.37
2018.02.09 20:02:55.287,0.7439,0.74406,1.31,1.37
2018.02.09 20:02:55.832,0.7439,0.74404,1.00,1.37
2018.02.09 20:02:56.136,0.74388,0.74405,1.12,1.87
2018.02.09 20:02:56.765,0.74389,0.74404,1.12,1.12
2018.02.09 20:02:57.084,0.74391,0.74406,1.00,1.37
2018.02.09 20:02:57.134,0.74391,0.74406,1.00,1.12
2018.02.09 20:02:57.812,0.74391,0.74407,1.12,1.87
2018.02.09 20:02:58.007,0.74387,0.74403,1.37,1.87
2018.02.09 20:02:58.058,0.74387,0.74403,1.00,1.87
2018.02.09 20:02:58.159,0.74386,0.74402,1.00,1.37
2018.02.09 20:02:58.496,0.74387,0.74403,1.87,1.12
2018.02.09 20:02:59.032,0.74391,0.74406,1.00,1.37
2018.02.09 20:02:59.235,0.74395,0.74411,1.37,1.00
2018.02.09 20:03:00.037,0.74397,0.74413,1.00,1.37
2018.02.09 20:03:00.653,0.74398,0.74414,1.00,1.87
2018.02.09 20:03:00.754,0.744,0.74416,1.12,2.62
2018.02.09 20:03:03.020,0.74402,0.74417,1.00,1.37
2018.02.09 20:03:03.318,0.74402,0.74417,1.00,1.12
2018.02.09 20:03:03.369,0.74398,0.74415,3.94,1.50
2018.02.09 20:03:04.110,0.74402,0.74418,1.00,3.75
2018.02.09 20:03:04.160,0.74403,0.7442,1.12,1.87
2018.02.09 20:03:04.668,0.74403,0.74419,1.37,1.87
2018.02.09 20:03:04.871,0.74407,0.74423,1.37,1.12
2018.02.09 20:03:06.321,0.74407,0.74423,1.00,3.00
2018.02.09 20:03:06.374,0.74403,0.74419,1.37,1.87
2018.02.09 20:03:06.425,0.74403,0.74419,1.12,1.87
2018.02.09 20:03:07.312,0.74402,0.74418,1.00,1.37
2018.02.09 20:03:08.140,0.74402,0.74418,1.37,1.87
2018.02.09 20:03:08.455,0.74405,0.74421,1.12,1.87
2018.02.09 20:03:09.075,0.74404,0.74422,1.50,2.06
2018.02.09 20:03:09.417,0.74399,0.74414,1.00,1.37
2018.02.09 20:03:10.154,0.74399,0.74414,1.00,1.12
2018.02.09 20:03:10.449,0.74398,0.74413,1.00,1.37
2018.02.09 20:03:10.892,0.744,0.74415,1.00,1.37
2018.02.09 20:03:11.127,0.744,0.74416,1.12,1.87
2018.02.09 20:03:11.177,0.744,0.74416,1.00,1.87
2018.02.09 20:03:11.811,0.74399,0.74415,1.31,1.37
2018.02.09 20:03:12.919,0.74399,0.74415,1.12,1.12
2018.02.09 20:03:13.254,0.744,0.74417,1.37,1.87
2018.02.09 20:03:13.850,0.74402,0.74417,1.00,1.37
2018.02.09 20:03:13.966,0.74402,0.74417,1.00,1.37
2018.02.09 20:03:14.507,0.74402,0.74417,1.00,1.37
2018.02.09 20:03:14.714,0.74402,0.74417,1.00,3.00
2018.02.09 20:03:14.765,0.744,0.74415,1.00,1.37
2018.02.09 20:03:15.371,0.74398,0.74415,1.69,1.37
2018.02.09 20:03:15.473,0.74403,0.74414,1.00,1.00
2018.02.09 20:03:15.524,0.744,0.74416,1.37,1.87
2018.02.09 20:03:15.575,0.74399,0.74415,1.69,1.37
2018.02.09 20:03:15.866,0.74396,0.74412,1.62,1.12
2018.02.09 20:03:16.051,0.74399,0.74412,1.00,1.37
2018.02.09 20:03:16.152,0.74399,0.74413,1.37,1.00
2018.02.09 20:03:16.253,0.74399,0.74413,1.00,1.37
2018.02.09 20:03:16.407,0.74399,0.74415,1.12,1.37
2018.02.09 20:03:17.354,0.74399,0.74415,1.37,1.37
2018.02.09 20:03:17.961,0.74399,0.74415,1.12,1.37
2018.02.09 20:03:18.115,0.74396,0.74411,2.25,1.00
2018.02.09 20:03:18.232,0.74395,0.74411,1.00,1.37
2018.02.09 20:03:18.755,0.74395,0.74411,1.12,1.37
2018.02.09 20:03:19.275,0.74397,0.74413,1.00,1.87
2018.02.09 20:03:19.552,0.74397,0.74413,1.00,1.87
2018.02.09 20:03:20.094,0.74396,0.74412,1.12,1.37
2018.02.09 20:03:20.403,0.74401,0.74417,1.37,1.37
2018.02.09 20:03:20.898,0.74404,0.74421,1.37,1.37
2018.02.09 20:03:21.328,0.74404,0.74419,1.00,1.37
2018.02.09 20:03:21.480,0.74402,0.74417,1.00,1.37
2018.02.09 20:03:21.609,0.74407,0.74419,1.00,1.87
2018.02.09 20:03:21.660,0.74408,0.74421,1.00,1.87
2018.02.09 20:03:21.760,0.74408,0.74424,1.00,1.37
2018.02.09 20:03:22.308,0.74408,0.74424,1.12,1.87
2018.02.09 20:03:22.359,0.7441,0.74425,1.00,1.37
2018.02.09 20:03:22.460,0.74411,0.74425,1.00,1.12
2018.02.09 20:03:22.561,0.74407,0.74423,1.25,1.37
2018.02.09 20:03:23.213,0.74408,0.74423,1.00,1.37
2018.02.09 20:03:23.757,0.74409,0.74423,1.00,1.12
2018.02.09 20:03:24.573,0.74412,0.74425,1.00,1.37
2018.02.09 20:03:24.624,0.74412,0.74426,1.25,1.37
2018.02.09 20:03:25.157,0.74413,0.74426,1.00,1.12
2018.02.09 20:03:26.112,0.74414,0.74427,1.00,1.37
2018.02.09 20:03:26.265,0.74409,0.74426,1.87,1.37
2018.02.09 20:03:26.317,0.74408,0.74422,1.37,1.00
2018.02.09 20:03:26.368,0.74407,0.74422,1.25,1.37
2018.02.09 20:03:26.702,0.74406,0.74422,1.00,3.75
2018.02.09 20:03:26.936,0.74407,0.74421,1.00,1.37
2018.02.09 20:03:27.037,0.74406,0.74422,1.25,1.12
2018.02.09 20:03:27.358,0.74407,0.74422,1.37,1.12
2018.02.09 20:03:27.708,0.74402,0.74418,3.00,1.00
2018.02.09 20:03:27.759,0.744,0.74416,3.56,1.37
2018.02.09 20:03:27.810,0.74399,0.74413,1.37,1.00
2018.02.09 20:03:27.861,0.74399,0.74413,1.00,1.37
2018.02.09 20:03:28.388,0.74398,0.74413,1.12,1.37
2018.02.09 20:03:28.641,0.74398,0.74412,1.00,1.37
2018.02.09 20:03:28.897,0.74396,0.74412,1.00,1.37
2018.02.09 20:03:29.460,0.74396,0.74412,1.00,1.37
2018.02.09 20:03:29.666,0.74398,0.74414,1.12,1.37
2018.02.09 20:03:29.973,0.74401,0.74415,1.00,1.12
2018.02.09 20:03:30.309,0.74399,0.74415,1.12,1.37
2018.02.09 20:03:30.916,0.74399,0.74415,1.00,3.00
2018.02.09 20:03:31.388,0.744,0.74416,1.00,1.37
2018.02.09 20:03:32.642,0.74401,0.74415,1.00,1.37
2018.02.09 20:03:33.211,0.74402,0.74417,1.00,1.37
2018.02.09 20:03:33.262,0.74402,0.7442,2.25,1.87
2018.02.09 20:03:33.313,0.74406,0.74421,1.00,1.37
2018.02.09 20:03:33.778,0.74407,0.74422,1.00,1.37
2018.02.09 20:03:33.962,0.74409,0.74425,1.00,2.25
2018.02.09 20:03:34.013,0.7441,0.74426,1.12,2.62
2018.02.09 20:03:34.937,0.74411,0.74425,1.00,1.37
2018.02.09 20:03:35.368,0.74409,0.74425,1.12,1.37
2018.02.09 20:03:36.864,0.74409,0.74425,1.37,1.37
2018.02.09 20:03:37.548,0.7441,0.74425,1.00,1.37
2018.02.09 20:03:37.599,0.74411,0.74425,1.12,1.12
2018.02.09 20:03:37.801,0.74414,0.74429,1.00,1.37
2018.02.09 20:03:38.551,0.74415,0.7443,1.00,1.12
2018.02.09 20:03:39.372,0.74414,0.74431,1.12,1.87
2018.02.09 20:03:39.473,0.74414,0.74431,1.12,1.87
2018.02.09 20:03:39.985,0.74415,0.74431,1.12,1.87
2018.02.09 20:03:41.210,0.74414,0.74431,1.12,1.87
2018.02.09 20:03:41.536,0.74416,0.74432,1.00,4.50
2018.02.09 20:03:41.637,0.74416,0.74432,1.37,1.37
2018.02.09 20:03:41.855,0.74415,0.74432,1.12,1.37
2018.02.09 20:03:42.401,0.74416,0.74433,1.12,1.37
2018.02.09 20:03:42.452,0.74416,0.74433,1.12,1.37
2018.02.09 20:03:42.658,0.74416,0.74432,1.00,3.00
2018.02.09 20:03:42.989,0.7442,0.74435,1.00,1.37
2018.02.09 20:03:43.178,0.74423,0.74438,1.00,1.37
2018.02.09 20:03:43.513,0.74425,0.7444,1.00,1.12
2018.02.09 20:03:45.169,0.74425,0.7444,1.00,1.37
2018.02.09 20:03:45.474,0.74423,0.74437,1.00,1.00
2018.02.09 20:03:45.994,0.7442,0.74436,1.62,1.12
2018.02.09 20:03:46.045,0.74419,0.74437,1.12,3.75
2018.02.09 20:03:46.550,0.74418,0.74436,1.87,1.87
2018.02.09 20:03:47.101,0.74419,0.74435,1.00,1.37
2018.02.09 20:03:47.650,0.74418,0.74435,1.31,1.87
2018.02.09 20:03:48.193,0.74419,0.74435,1.12,1.37
2018.02.09 20:03:50.426,0.74418,0.74435,1.12,1.37
2018.02.09 20:03:50.635,0.74416,0.74432,1.12,1.37
2018.02.09 20:03:52.215,0.74416,0.74432,1.00,3.00
2018.02.09 20:03:52.615,0.74412,0.74429,2.06,1.12
2018.02.09 20:03:52.666,0.74412,0.74429,2.06,1.37
2018.02.09 20:03:53.248,0.74413,0.7443,1.12,1.87
2018.02.09 20:03:53.966,0.74417,0.74432,1.00,3.00
2018.02.09 20:03:54.068,0.74417,0.74432,1.00,1.37
2018.02.09 20:03:55.321,0.74418,0.74432,1.00,1.37
2018.02.09 20:03:56.048,0.74416,0.74433,1.00,1.87
2018.02.09 20:03:56.149,0.74416,0.74432,1.00,1.87
2018.02.09 20:03:56.355,0.74417,0.74433,1.62,1.37
2018.02.09 20:03:56.507,0.74415,0.7443,1.00,1.37
2018.02.09 20:03:57.157,0.74415,0.74429,1.00,1.12
2018.02.09 20:03:58.712,0.74414,0.74429,1.00,1.37
2018.02.09 20:04:00.018,0.74414,0.74429,1.00,1.37
2018.02.09 20:04:00.226,0.74411,0.74426,1.12,1.12
2018.02.09 20:04:00.277,0.74411,0.74426,1.00,1.37
2018.02.09 20:04:00.805,0.7441,0.74424,1.00,1.37
2018.02.09 20:04:02.161,0.7441,0.74424,1.00,1.37
2018.02.09 20:04:02.212,0.74407,0.74423,1.62,1.87
2018.02.09 20:04:02.342,0.74406,0.74421,1.00,1.00
2018.02.09 20:04:02.624,0.74407,0.74421,1.00,1.37
2018.02.09 20:04:04.429,0.74409,0.74423,1.00,1.87
2018.02.09 20:04:04.481,0.7441,0.74425,1.00,1.37
2018.02.09 20:04:05.125,0.74411,0.74426,1.00,1.37
2018.02.09 20:04:05.697,0.7441,0.74427,1.00,3.75
2018.02.09 20:04:05.849,0.74409,0.74425,1.00,1.87
2018.02.09 20:04:06.154,0.74404,0.74421,2.06,1.37
2018.02.09 20:04:06.209,0.74403,0.74419,1.00,1.37
2018.02.09 20:04:06.461,0.74401,0.74417,1.25,1.37
2018.02.09 20:04:06.812,0.74401,0.74417,1.25,1.87
2018.02.09 20:04:07.303,0.74402,0.74419,1.37,2.62
2018.02.09 20:04:07.817,0.74403,0.74417,1.00,1.37
2018.02.09 20:04:08.384,0.74402,0.74417,1.00,1.37
2018.02.09 20:04:08.934,0.74402,0.74417,1.00,1.37
2018.02.09 20:04:09.105,0.744,0.74415,1.00,1.37
2018.02.09 20:04:09.510,0.74402,0.74417,1.00,1.37
2018.02.09 20:04:09.865,0.74403,0.74418,1.00,1.37
2018.02.09 20:04:10.399,0.74404,0.74418,1.00,1.37
2018.02.09 20:04:11.426,0.74407,0.7442,1.00,2.25
2018.02.09 20:04:11.528,0.74408,0.74422,1.00,1.37
2018.02.09 20:04:11.696,0.7441,0.74426,1.87,1.12
2018.02.09 20:04:12.248,0.7441,0.74427,1.37,1.37
2018.02.09 20:04:13.526,0.74411,0.74427,1.37,1.12
2018.02.09 20:04:13.824,0.74412,0.74427,1.37,1.00
2018.02.09 20:04:14.500,0.74412,0.74428,1.37,1.31
2018.02.09 20:04:16.114,0.74412,0.74428,1.12,1.62
2018.02.09 20:04:16.215,0.74409,0.74426,1.87,1.37
2018.02.09 20:04:16.719,0.74409,0.74424,3.00,1.00
2018.02.09 20:04:16.770,0.74407,0.74423,2.62,1.37
2018.02.09 20:04:17.012,0.74407,0.74425,1.87,1.37
2018.02.09 20:04:18.979,0.74405,0.74421,4.50,1.00
2018.02.09 20:04:19.030,0.74406,0.74423,1.87,1.00
2018.02.09 20:04:19.081,0.74406,0.74422,1.87,1.37
2018.02.09 20:04:19.373,0.74405,0.74422,1.31,1.87
2018.02.09 20:04:19.611,0.74405,0.74422,1.62,1.87
2018.02.09 20:04:19.836,0.74402,0.74419,1.12,1.87
2018.02.09 20:04:20.557,0.74401,0.74417,1.62,1.00
2018.02.09 20:04:20.952,0.74404,0.74419,1.00,1.37
2018.02.09 20:04:21.003,0.74405,0.74422,1.12,1.87
2018.02.09 20:04:21.205,0.74405,0.74422,1.87,1.37
2018.02.09 20:04:21.709,0.74405,0.74423,1.37,2.06
2018.02.09 20:04:22.433,0.74407,0.74423,1.37,1.12
2018.02.09 20:04:22.584,0.74404,0.7442,1.12,1.12
2018.02.09 20:04:22.686,0.74403,0.7442,1.37,1.87
2018.02.09 20:04:23.024,0.744,0.74416,1.12,1.37
2018.02.09 20:04:23.125,0.744,0.74416,1.37,1.12
2018.02.09 20:04:23.327,0.74399,0.74415,1.37,1.37
2018.02.09 20:04:23.629,0.74396,0.74412,1.37,1.12
2018.02.09 20:04:23.849,0.74395,0.74412,1.87,1.37
2018.02.09 20:04:23.952,0.74395,0.74412,1.12,1.87
2018.02.09 20:04:24.537,0.74394,0.74411,1.37,1.87
2018.02.09 20:04:25.143,0.74396,0.74412,1.37,1.37
2018.02.09 20:04:25.194,0.74397,0.74413,1.12,1.00
2018.02.09 20:04:25.295,0.744,0.74416,1.12,2.62
2018.02.09 20:04:25.397,0.744,0.74416,1.00,1.87
2018.02.09 20:04:27.084,0.74399,0.74415,1.12,1.00
2018.02.09 20:04:27.236,0.74399,0.74415,1.12,1.37
2018.02.09 20:04:27.377,0.74399,0.74415,1.12,1.12
2018.02.09 20:04:27.428,0.74401,0.74418,1.25,1.37
2018.02.09 20:04:27.754,0.74401,0.74418,1.62,1.87
2018.02.09 20:04:28.071,0.744,0.74416,1.37,1.37
2018.02.09 20:04:28.381,0.74399,0.74415,1.12,1.37
2018.02.09 20:04:29.989,0.74399,0.74415,1.00,1.87
2018.02.09 20:04:30.606,0.74399,0.74415,1.37,1.37
2018.02.09 20:04:30.934,0.74401,0.74418,1.37,1.87
2018.02.09 20:04:31.138,0.74401,0.74417,1.12,1.37
2018.02.09 20:04:32.153,0.74399,0.74416,1.37,1.87
2018.02.09 20:04:32.254,0.74398,0.74415,1.12,1.87
2018.02.09 20:04:33.234,0.74398,0.74414,1.00,1.37
2018.02.09 20:04:33.594,0.744,0.74416,1.00,1.87
2018.02.09 20:04:33.645,0.744,0.74416,1.37,1.87
2018.02.09 20:04:35.666,0.74401,0.74417,1.12,1.00
2018.02.09 20:04:35.767,0.74402,0.74418,1.37,1.12
2018.02.09 20:04:36.371,0.74402,0.74419,1.87,1.12
2018.02.09 20:04:36.965,0.74403,0.7442,1.37,1.37
2018.02.09 20:04:37.117,0.74405,0.74422,1.37,1.37
2018.02.09 20:04:37.706,0.74404,0.7442,1.62,1.50
2018.02.09 20:04:37.757,0.74402,0.74418,1.37,1.12
2018.02.09 20:04:38.302,0.74401,0.74418,1.37,1.37
2018.02.09 20:04:38.419,0.74401,0.74418,1.87,1.12
2018.02.09 20:04:39.176,0.74401,0.74418,1.37,1.37
2018.02.09 20:04:39.281,0.74399,0.74415,1.87,1.00
2018.02.09 20:04:39.483,0.74399,0.74415,1.12,1.87
2018.02.09 20:04:40.214,0.74397,0.74415,1.37,1.87
2018.02.09 20:04:40.467,0.744,0.74417,1.00,3.00
2018.02.09 20:04:40.517,0.744,0.74417,1.37,1.37
2018.02.09 20:04:41.166,0.744,0.74417,1.37,1.37
2018.02.09 20:04:42.449,0.744,0.74416,1.12,1.37
2018.02.09 20:04:43.509,0.74401,0.74417,1.37,1.87
2018.02.09 20:04:44.413,0.74397,0.74413,1.37,1.12
2018.02.09 20:04:44.515,0.74399,0.74415,1.87,1.12
2018.02.09 20:04:45.160,0.74399,0.74417,1.87,1.87
2018.02.09 20:04:45.972,0.74399,0.74415,1.50,1.12
2018.02.09 20:04:46.699,0.74396,0.74415,1.87,1.12
2018.02.09 20:04:46.756,0.74396,0.74413,1.87,1.12
2018.02.09 20:04:47.129,0.74394,0.74411,1.87,1.37
2018.02.09 20:04:47.645,0.74394,0.7441,1.87,1.37
2018.02.09 20:04:49.072,0.74394,0.74411,1.87,1.37
2018.02.09 20:04:49.431,0.74397,0.74414,1.37,1.37
2018.02.09 20:04:49.989,0.74397,0.74414,1.37,1.37
2018.02.09 20:04:50.634,0.74398,0.74415,1.37,1.87
2018.02.09 20:04:51.905,0.74397,0.74415,2.06,1.37
2018.02.09 20:04:51.957,0.74399,0.74415,1.87,1.12
2018.02.09 20:04:52.712,0.74399,0.74415,1.87,1.37
2018.02.09 20:04:53.317,0.74405,0.74419,1.00,3.00
2018.02.09 20:04:53.368,0.74407,0.74423,1.00,3.19
2018.02.09 20:04:53.419,0.74408,0.74423,1.37,1.00
2018.02.09 20:04:54.641,0.74408,0.74423,1.12,1.00
2018.02.09 20:04:54.936,0.74409,0.74425,1.12,1.12
2018.02.09 20:04:55.038,0.74411,0.74427,1.37,1.12
2018.02.09 20:04:55.571,0.74412,0.74429,1.87,1.12
2018.02.09 20:04:55.981,0.74413,0.7443,1.87,1.12
2018.02.09 20:04:56.299,0.74415,0.74431,1.37,1.87
2018.02.09 20:04:56.845,0.74413,0.7443,1.87,1.12
2018.02.09 20:04:57.516,0.74412,0.74428,1.87,1.12
2018.02.09 20:04:57.836,0.74412,0.74428,1.12,1.37
2018.02.09 20:04:58.457,0.74411,0.74428,1.37,1.87
2018.02.09 20:04:58.709,0.74409,0.74426,1.87,1.12
2018.02.09 20:04:59.231,0.74409,0.74425,1.37,1.62
2018.02.09 20:04:59.300,0.74407,0.74423,1.37,1.12
2018.02.09 20:04:59.401,0.74407,0.74423,1.12,1.87
2018.02.09 20:04:59.657,0.74404,0.74422,1.87,1.37
2018.02.09 20:05:03.220,0.74405,0.74422,1.87,1.00
2018.02.09 20:05:04.079,0.74406,0.74422,1.12,1.37
2018.02.09 20:05:06.478,0.74406,0.74422,1.37,1.00
2018.02.09 20:05:06.580,0.74408,0.74425,1.37,1.00
2018.02.09 20:05:07.876,0.74404,0.7442,1.87,1.00
2018.02.09 20:05:08.187,0.74404,0.7442,1.12,1.87
2018.02.09 20:05:09.623,0.74403,0.7442,1.37,1.87
2018.02.09 20:05:16.064,0.74403,0.7442,1.37,1.37
2018.02.09 20:05:19.810,0.74402,0.74419,1.87,1.12
2018.02.09 20:05:20.524,0.74404,0.74421,1.87,1.37
2018.02.09 20:05:21.002,0.74401,0.74417,2.62,1.00
2018.02.09 20:05:21.174,0.74398,0.74417,1.87,1.37
2018.02.09 20:05:21.225,0.74397,0.7441,2.25,1.00
2018.02.09 20:05:21.276,0.74396,0.74409,1.00,1.00
2018.02.09 20:05:21.379,0.74393,0.74409,1.37,1.37
2018.02.09 20:05:23.096,0.74393,0.74409,1.37,1.12
2018.02.09 20:05:23.198,0.74392,0.74408,1.87,1.00
2018.02.09 20:05:23.412,0.74393,0.7441,1.12,1.87
2018.02.09 20:05:23.463,0.74394,0.7441,1.87,1.12
2018.02.09 20:05:26.344,0.74394,0.74411,1.12,1.31
2018.02.09 20:05:26.395,0.74394,0.74411,1.37,1.62
2018.02.09 20:05:26.496,0.74394,0.74411,1.12,1.31
2018.02.09 20:05:27.096,0.74394,0.74411,1.12,1.62
2018.02.09 20:05:27.806,0.74394,0.74411,1.37,1.31
2018.02.09 20:05:28.308,0.74394,0.7441,1.87,1.00
2018.02.09 20:05:28.930,0.74394,0.74411,1.87,1.12
2018.02.09 20:05:29.464,0.74396,0.74413,1.87,1.12
2018.02.09 20:05:29.646,0.74397,0.74413,1.87,1.00
2018.02.09 20:05:31.264,0.74397,0.74413,1.87,1.00
2018.02.09 20:05:32.657,0.74397,0.74414,1.87,1.12
2018.02.09 20:05:33.150,0.74404,0.74417,1.00,1.37
2018.02.09 20:05:33.254,0.74403,0.74421,2.06,1.12
2018.02.09 20:05:33.304,0.74403,0.74421,3.94,1.37
2018.02.09 20:05:33.918,0.74407,0.74423,1.37,1.37
2018.02.09 20:05:34.441,0.74406,0.74422,1.37,1.12
2018.02.09 20:05:35.435,0.74406,0.74424,1.37,2.06
2018.02.09 20:05:35.871,0.74403,0.7442,1.37,2.06
2018.02.09 20:05:37.871,0.74404,0.74421,1.37,1.12
2018.02.09 20:05:38.215,0.74403,0.74419,1.37,1.12
2018.02.09 20:05:39.648,0.74403,0.74419,1.37,1.00
2018.02.09 20:05:39.863,0.74404,0.74421,1.87,1.00
2018.02.09 20:05:40.917,0.74408,0.74425,1.00,3.19
2018.02.09 20:05:40.968,0.74408,0.74425,1.37,1.31
2018.02.09 20:05:41.312,0.74408,0.74425,1.87,1.12
2018.02.09 20:05:41.872,0.74409,0.74425,1.37,1.12
2018.02.09 20:05:42.628,0.7441,0.74424,1.37,1.00
2018.02.09 20:05:42.779,0.74406,0.74422,1.87,1.12
2018.02.09 20:05:43.459,0.74406,0.74423,1.87,1.00
2018.02.09 20:05:43.939,0.74406,0.74423,1.87,1.12
2018.02.09 20:05:44.489,0.7441,0.74427,1.37,1.37
2018.02.09 20:05:45.116,0.7441,0.74427,1.37,1.37
2018.02.09 20:05:45.323,0.7441,0.74427,1.37,1.12
2018.02.09 20:05:45.425,0.74408,0.74424,3.75,1.00
2018.02.09 20:05:45.526,0.74408,0.74424,1.37,1.00
2018.02.09 20:05:46.814,0.74409,0.74424,1.12,1.00
2018.02.09 20:05:46.987,0.7441,0.74426,1.12,1.00
2018.02.09 20:05:47.139,0.7441,0.74426,1.87,1.00
2018.02.09 20:05:48.432,0.7441,0.74427,1.37,1.00
2018.02.09 20:05:48.991,0.7441,0.74426,1.87,1.00
2018.02.09 20:05:49.245,0.74408,0.74425,1.87,1.12
2018.02.09 20:05:49.345,0.74408,0.74425,1.12,1.37
2018.02.09 20:05:49.538,0.74409,0.74426,1.37,1.12
2018.02.09 20:05:49.940,0.74411,0.74428,1.37,1.12
2018.02.09 20:05:50.455,0.74411,0.74428,1.37,1.37
2018.02.09 20:05:52.334,0.7441,0.74427,1.37,1.37
2018.02.09 20:05:52.538,0.74408,0.74422,1.00,1.00
2018.02.09 20:05:52.590,0.74406,0.74421,1.12,1.00
2018.02.09 20:05:53.196,0.74403,0.7442,1.37,1.12
2018.02.09 20:05:54.804,0.74404,0.74418,1.37,1.00
2018.02.09 20:05:55.802,0.74402,0.74419,1.37,1.62
2018.02.09 20:05:56.838,0.74402,0.7442,1.87,2.06
2018.02.09 20:05:56.939,0.74404,0.7442,1.37,1.31
2018.02.09 20:05:58.203,0.74403,0.74419,1.87,1.12
2018.02.09 20:05:58.716,0.74402,0.74418,1.37,1.12
2018.02.09 20:05:59.775,0.74401,0.74419,1.87,1.87
2018.02.09 20:06:00.213,0.74398,0.74414,3.75,1.00
2018.02.09 20:06:00.282,0.74397,0.74413,1.87,1.12
2018.02.09 20:06:00.383,0.74396,0.74411,1.37,1.00
2018.02.09 20:06:00.585,0.74395,0.74411,1.87,1.12
2018.02.09 20:06:00.970,0.74396,0.74414,1.87,1.87
2018.02.09 20:06:01.632,0.74397,0.74414,1.37,1.37
2018.02.09 20:06:02.512,0.74397,0.74414,1.12,1.37
2018.02.09 20:06:02.841,0.74394,0.74412,2.06,1.87
2018.02.09 20:06:03.880,0.74394,0.74411,1.87,1.12
2018.02.09 20:06:03.982,0.74398,0.74414,1.12,1.12
2018.02.09 20:06:04.412,0.74399,0.74416,1.87,1.87
2018.02.09 20:06:04.923,0.74402,0.74418,1.37,1.37
2018.02.09 20:06:05.025,0.74403,0.74419,1.37,1.12
2018.02.09 20:06:05.305,0.74401,0.74418,1.37,1.37
2018.02.09 20:06:05.759,0.74405,0.74421,1.87,1.12
2018.02.09 20:06:06.528,0.74405,0.74422,1.87,1.00
2018.02.09 20:06:07.102,0.74405,0.74421,1.87,1.00
2018.02.09 20:06:07.788,0.74405,0.74419,1.37,1.00
2018.02.09 20:06:08.037,0.74402,0.74418,1.37,1.12
2018.02.09 20:06:08.138,0.744,0.74418,1.37,1.87
2018.02.09 20:06:08.247,0.744,0.74416,1.87,1.00
2018.02.09 20:06:08.782,0.744,0.74417,1.37,1.00
2018.02.09 20:06:09.313,0.744,0.74417,1.87,1.00
2018.02.09 20:06:09.766,0.74402,0.74418,1.37,1.12
2018.02.09 20:06:10.560,0.74402,0.74419,1.87,1.37
2018.02.09 20:06:10.903,0.74404,0.7442,1.37,1.12
2018.02.09 20:06:12.451,0.74403,0.7442,1.37,1.37
2018.02.09 20:06:12.869,0.74405,0.74422,1.37,1.37
2018.02.09 20:06:13.411,0.74406,0.74423,1.87,1.37
2018.02.09 20:06:14.022,0.74408,0.74424,1.37,1.37
2018.02.09 20:06:14.073,0.74409,0.74425,1.87,1.12
2018.02.09 20:06:14.589,0.7441,0.74427,1.37,1.37
2018.02.09 20:06:14.856,0.7441,0.74427,1.37,1.12
2018.02.09 20:06:15.471,0.74409,0.74426,2.06,1.00
2018.02.09 20:06:15.573,0.74409,0.74425,1.87,1.37
2018.02.09 20:06:16.222,0.74409,0.74425,1.87,1.37
2018.02.09 20:06:16.724,0.74407,0.74423,1.87,1.12
2018.02.09 20:06:17.056,0.74404,0.74422,1.87,2.06
2018.02.09 20:06:18.487,0.74403,0.7442,1.37,1.37
2018.02.09 20:06:18.614,0.74403,0.7442,1.12,1.87
2018.02.09 20:06:18.940,0.74402,0.74419,1.87,1.12
2018.02.09 20:06:19.298,0.74407,0.74423,1.00,1.37
2018.02.09 20:06:19.936,0.74407,0.74424,1.37,1.87
2018.02.09 20:06:20.462,0.74406,0.74422,1.00,1.12
2018.02.09 20:06:20.863,0.74405,0.7442,1.00,1.00
2018.02.09 20:06:21.428,0.74401,0.74417,1.87,1.37
2018.02.09 20:06:21.737,0.74402,0.74419,1.37,2.06
2018.02.09 20:06:22.137,0.74402,0.74419,1.12,1.87
2018.02.09 20:06:22.900,0.74401,0.74417,1.37,1.37
2018.02.09 20:06:23.343,0.74404,0.74419,1.00,1.37
2018.02.09 20:06:25.147,0.74401,0.74417,1.37,1.00
2018.02.09 20:06:25.197,0.744,0.74417,3.00,1.50
2018.02.09 20:06:25.248,0.744,0.74417,1.37,1.87
2018.02.09 20:06:25.891,0.74399,0.74414,1.37,1.12
2018.02.09 20:06:26.437,0.74398,0.74414,1.12,1.37
2018.02.09 20:06:27.121,0.74398,0.74414,1.00,1.87
2018.02.09 20:06:27.389,0.74395,0.74412,1.87,1.37
2018.02.09 20:06:27.542,0.74394,0.74409,1.12,1.12
2018.02.09 20:06:27.784,0.74392,0.74408,1.87,1.37
2018.02.09 20:06:28.642,0.74392,0.74408,1.37,1.12
2018.02.09 20:06:29.268,0.74392,0.74408,1.37,1.37
2018.02.09 20:06:29.808,0.74391,0.74408,1.87,1.37
2018.02.09 20:06:30.316,0.74392,0.74409,1.37,1.87
2018.02.09 20:06:31.725,0.74392,0.74409,1.37,1.37
2018.02.09 20:06:33.105,0.74392,0.7441,1.87,1.37
2018.02.09 20:06:33.430,0.74398,0.74414,1.12,1.87
2018.02.09 20:06:35.288,0.74397,0.74414,1.37,1.87
2018.02.09 20:06:35.582,0.74404,0.7442,1.87,1.00
2018.02.09 20:06:35.977,0.74407,0.74423,1.00,2.25
2018.02.09 20:06:36.079,0.74407,0.74423,1.12,1.87
2018.02.09 20:06:36.916,0.74408,0.74423,1.00,1.37
2018.02.09 20:06:37.464,0.74407,0.74423,1.00,1.87
2018.02.09 20:06:38.251,0.74408,0.74423,1.00,1.37
2018.02.09 20:06:38.353,0.74407,0.74422,1.00,1.37
2018.02.09 20:06:38.661,0.74407,0.74422,1.00,1.12
2018.02.09 20:06:39.461,0.74407,0.74424,1.37,1.87
2018.02.09 20:06:39.614,0.74406,0.74422,1.00,1.87
2018.02.09 20:06:40.153,0.74405,0.74422,1.37,1.87
2018.02.09 20:06:40.204,0.74405,0.74422,1.37,1.12
2018.02.09 20:06:40.392,0.74405,0.74422,1.37,1.12
2018.02.09 20:06:40.918,0.74405,0.74421,1.87,1.00
2018.02.09 20:06:41.895,0.74405,0.74421,1.87,1.12
2018.02.09 20:06:45.079,0.74404,0.7442,1.87,1.12
2018.02.09 20:06:45.228,0.74402,0.74419,1.37,1.87
2018.02.09 20:06:45.741,0.74402,0.74419,1.37,1.87
2018.02.09 20:06:45.897,0.74402,0.74418,1.12,1.12
2018.02.09 20:06:46.059,0.74402,0.74418,1.37,1.12
2018.02.09 20:06:46.363,0.74402,0.74419,1.87,1.87
2018.02.09 20:06:46.944,0.74402,0.74417,1.12,1.00
2018.02.09 20:06:47.130,0.74398,0.74415,1.37,1.87
2018.02.09 20:06:47.392,0.74396,0.7441,3.00,1.00
2018.02.09 20:06:47.557,0.74394,0.7441,1.12,1.87
2018.02.09 20:06:48.184,0.74392,0.74409,1.62,1.37
2018.02.09 20:06:48.744,0.74392,0.74408,1.00,1.87
2018.02.09 20:06:49.051,0.74389,0.74404,1.37,1.00
2018.02.09 20:06:50.020,0.7439,0.74406,1.12,1.37
2018.02.09 20:06:50.370,0.74392,0.74408,1.37,1.37
2018.02.09 20:06:51.066,0.74391,0.74408,1.87,1.37
2018.02.09 20:06:51.587,0.74388,0.74404,1.87,1.00
2018.02.09 20:06:51.638,0.74389,0.74405,1.12,1.37
2018.02.09 20:06:51.975,0.74389,0.74405,1.37,1.12
2018.02.09 20:06:52.488,0.7439,0.74406,1.12,1.87
2018.02.09 20:06:53.271,0.74387,0.74403,1.87,1.12
2018.02.09 20:06:53.434,0.7439,0.74406,1.00,1.87
2018.02.09 20:06:53.737,0.74387,0.74403,1.12,1.87
2018.02.09 20:06:54.274,0.74386,0.74403,1.37,1.37
2018.02.09 20:06:54.738,0.74386,0.74403,2.25,1.87
2018.02.09 20:06:54.995,0.74386,0.74403,1.37,1.12
2018.02.09 20:06:56.335,0.74386,0.74402,1.37,1.50
2018.02.09 20:06:56.385,0.74384,0.74402,2.81,1.37
2018.02.09 20:06:56.651,0.74384,0.744,1.00,1.37
2018.02.09 20:06:56.882,0.74383,0.74398,1.00,1.37
2018.02.09 20:06:56.933,0.74384,0.744,1.00,1.87
2018.02.09 20:06:57.539,0.74383,0.74399,1.87,1.00
2018.02.09 20:06:57.641,0.74382,0.74398,1.37,1.37
2018.02.09 20:06:57.881,0.74383,0.74399,1.37,1.12
2018.02.09 20:06:58.249,0.74387,0.74402,1.00,1.37
2018.02.09 20:06:58.351,0.74387,0.74403,1.12,1.87
2018.02.09 20:06:58.840,0.74388,0.74405,1.37,1.87
2018.02.09 20:06:59.532,0.74387,0.74403,1.87,1.12
2018.02.09 20:07:00.121,0.74388,0.74404,1.37,1.12
2018.02.09 20:07:00.895,0.7439,0.74406,1.12,1.87
2018.02.09 20:07:01.456,0.74389,0.74406,2.25,1.12
2018.02.09 20:07:01.777,0.74389,0.74406,1.37,1.37
2018.02.09 20:07:02.532,0.74389,0.74405,1.37,1.12
2018.02.09 20:07:02.980,0.74387,0.74405,1.37,2.06
2018.02.09 20:07:03.429,0.74389,0.74405,1.12,1.00
2018.02.09 20:07:03.479,0.7439,0.74405,1.37,1.00
2018.02.09 20:07:03.533,0.7439,0.74407,1.37,1.12
2018.02.09 20:07:03.585,0.7439,0.74407,1.37,1.37
2018.02.09 20:07:04.123,0.7439,0.74407,1.37,1.37
2018.02.09 20:07:04.817,0.7439,0.74407,1.12,1.37
2018.02.09 20:07:06.517,0.7439,0.74406,1.12,1.37
2018.02.09 20:07:06.946,0.74391,0.74409,1.37,1.37
2018.02.09 20:07:08.869,0.74393,0.74409,1.00,1.87
2018.02.09 20:07:09.262,0.74391,0.74408,1.12,1.87
2018.02.09 20:07:09.364,0.74393,0.74408,1.00,1.37
2018.02.09 20:07:10.107,0.74393,0.74409,1.12,1.87
2018.02.09 20:07:10.433,0.74391,0.74408,1.62,1.37
2018.02.09 20:07:10.961,0.74393,0.74409,1.37,1.37
2018.02.09 20:07:11.436,0.74393,0.7441,1.12,1.12
2018.02.09 20:07:11.487,0.74393,0.7441,1.12,1.37
2018.02.09 20:07:12.361,0.74393,0.74409,1.00,3.00
2018.02.09 20:07:12.412,0.7439,0.74407,1.37,1.87
2018.02.09 20:07:12.564,0.74389,0.74405,1.31,1.37
2018.02.09 20:07:13.114,0.74387,0.74404,1.12,1.87
2018.02.09 20:07:13.644,0.74387,0.74402,1.00,1.12
2018.02.09 20:07:14.254,0.74387,0.74402,1.00,1.37
2018.02.09 20:07:14.791,0.74386,0.74402,1.00,1.37
2018.02.09 20:07:16.012,0.74384,0.74401,1.87,1.12
2018.02.09 20:07:16.597,0.74384,0.74401,1.37,1.37
2018.02.09 20:07:17.321,0.74383,0.74401,2.44,1.87
2018.02.09 20:07:18.722,0.74385,0.74401,1.00,1.37
2018.02.09 20:07:19.049,0.74388,0.74402,1.00,1.37
2018.02.09 20:07:19.881,0.74387,0.74402,1.12,1.37
2018.02.09 20:07:20.276,0.74389,0.74404,1.00,1.37
2018.02.09 20:07:20.327,0.74389,0.74404,1.12,1.12
2018.02.09 20:07:20.428,0.74389,0.74405,1.37,1.12
2018.02.09 20:07:21.128,0.74391,0.74407,1.00,1.37
2018.02.09 20:07:21.230,0.74391,0.74408,1.37,1.87
2018.02.09 20:07:21.589,0.74394,0.74408,1.00,1.37
2018.02.09 20:07:21.741,0.74395,0.74411,1.12,1.37
2018.02.09 20:07:21.851,0.74398,0.74412,1.00,1.62
2018.02.09 20:07:21.902,0.74399,0.74415,1.00,4.50
2018.02.09 20:07:22.004,0.744,0.74416,1.12,1.87
2018.02.09 20:07:23.635,0.744,0.74415,1.00,3.00
2018.02.09 20:07:23.691,0.74398,0.74415,1.00,3.75
2018.02.09 20:07:24.267,0.74399,0.74417,1.87,1.87
2018.02.09 20:07:24.317,0.74401,0.74417,1.12,1.87
2018.02.09 20:07:24.879,0.74398,0.74414,2.25,1.00
2018.02.09 20:07:24.930,0.74396,0.74412,1.37,1.50
2018.02.09 20:07:25.233,0.74394,0.74412,1.87,1.87
2018.02.09 20:07:25.335,0.74395,0.7441,1.12,1.37
2018.02.09 20:07:25.891,0.74396,0.74412,1.00,1.12
2018.02.09 20:07:26.043,0.74397,0.74416,1.37,3.75
2018.02.09 20:07:26.257,0.74399,0.74415,1.12,1.87
2018.02.09 20:07:27.169,0.74399,0.74416,1.37,1.37
2018.02.09 20:07:27.476,0.74398,0.74414,1.37,1.87
2018.02.09 20:07:27.800,0.74397,0.74413,1.12,1.37
2018.02.09 20:07:28.561,0.74397,0.74413,1.37,1.37
2018.02.09 20:07:28.985,0.74397,0.74414,1.37,1.87
2018.02.09 20:07:29.356,0.74401,0.74417,1.12,1.37
2018.02.09 20:07:29.928,0.74401,0.74417,1.37,1.37
2018.02.09 20:07:30.909,0.74401,0.74418,1.37,1.37
2018.02.09 20:07:31.499,0.74401,0.74418,1.37,1.12
2018.02.09 20:07:31.600,0.74401,0.74419,1.37,2.06
2018.02.09 20:07:32.066,0.74401,0.74416,1.37,1.00
2018.02.09 20:07:32.687,0.744,0.74416,1.37,1.37
2018.02.09 20:07:33.294,0.74398,0.74414,1.87,1.00
2018.02.09 20:07:34.077,0.74399,0.74415,1.87,1.12
2018.02.09 20:07:34.792,0.74399,0.74415,1.87,1.12
2018.02.09 20:07:35.574,0.74399,0.74414,1.37,1.00
2018.02.09 20:07:36.272,0.74399,0.74415,1.87,1.12
2018.02.09 20:07:37.988,0.74399,0.74414,1.37,1.00
2018.02.09 20:07:39.007,0.74398,0.74414,1.37,1.12
2018.02.09 20:07:39.059,0.74396,0.74411,1.37,1.00
2018.02.09 20:07:39.242,0.74394,0.7441,1.12,1.37
2018.02.09 20:07:39.293,0.74394,0.7441,1.37,1.12
2018.02.09 20:07:40.535,0.74394,0.7441,1.37,1.12
2018.02.09 20:07:41.074,0.74393,0.74409,1.37,1.00
2018.02.09 20:07:41.743,0.74392,0.74408,1.37,1.00
2018.02.09 20:07:42.316,0.74393,0.7441,1.37,1.31
2018.02.09 20:07:42.501,0.74395,0.74411,1.37,1.25
2018.02.09 20:07:42.837,0.7439,0.74405,1.37,1.00
2018.02.09 20:07:43.031,0.74391,0.74405,1.12,1.00
2018.02.09 20:07:43.298,0.74388,0.74405,1.37,2.06
2018.02.09 20:07:43.639,0.74389,0.74406,1.37,1.37
2018.02.09 20:07:43.741,0.74391,0.74408,1.87,1.12
2018.02.09 20:07:45.284,0.74393,0.74409,1.12,1.87
2018.02.09 20:07:45.386,0.74394,0.74411,1.87,1.12
2018.02.09 20:07:46.832,0.74394,0.7441,1.37,1.00
2018.02.09 20:07:47.081,0.74393,0.7441,1.87,1.37
2018.02.09 20:07:47.653,0.74392,0.74408,1.37,1.12
2018.02.09 20:07:48.066,0.74391,0.74406,1.37,1.00
2018.02.09 20:07:49.111,0.74391,0.74408,1.87,1.00
2018.02.09 20:07:49.212,0.74393,0.74409,1.37,1.12
2018.02.09 20:07:50.009,0.74394,0.7441,1.37,1.12
2018.02.09 20:07:50.478,0.74397,0.74414,1.37,1.37
2018.02.09 20:07:50.677,0.74399,0.74415,1.12,1.00
2018.02.09 20:07:52.359,0.74398,0.74417,1.87,1.37
2018.02.09 20:07:53.162,0.744,0.74416,1.00,1.12
2018.02.09 20:07:53.768,0.744,0.74417,1.87,1.37
2018.02.09 20:07:55.051,0.744,0.74417,1.87,1.12
2018.02.09 20:07:55.920,0.74403,0.74419,1.00,1.62
2018.02.09 20:07:56.046,0.74402,0.74419,1.87,1.12
2018.02.09 20:07:56.767,0.74403,0.7442,1.87,1.12
2018.02.09 20:07:57.103,0.74403,0.74418,1.37,1.00
2018.02.09 20:07:57.275,0.74401,0.74418,1.87,1.00
2018.02.09 20:07:58.297,0.74401,0.74417,1.37,1.00
2018.02.09 20:08:00.841,0.74399,0.74415,1.37,1.12
2018.02.09 20:08:01.194,0.74396,0.74411,1.12,1.00
2018.02.09 20:08:01.244,0.74397,0.74414,1.37,2.06
2018.02.09 20:08:02.228,0.74398,0.74414,1.87,1.37
2018.02.09 20:08:02.990,0.74396,0.74412,1.87,1.37
2018.02.09 20:08:03.903,0.74396,0.74413,1.87,1.37
2018.02.09 20:08:04.883,0.74396,0.74413,1.87,1.12
2018.02.09 20:08:05.201,0.74401,0.74416,1.12,1.37
2018.02.09 20:08:05.710,0.74401,0.74418,1.37,1.37
2018.02.09 20:08:06.132,0.74398,0.74415,1.87,1.37
2018.02.09 20:08:07.517,0.74398,0.74413,1.37,1.12
2018.02.09 20:08:08.077,0.74396,0.74411,1.37,1.00
2018.02.09 20:08:09.858,0.74396,0.74413,1.87,1.12
2018.02.09 20:08:09.960,0.74399,0.74415,1.87,1.12
2018.02.09 20:08:10.657,0.74399,0.74415,3.75,1.00
2018.02.09 20:08:10.983,0.74399,0.74414,1.12,1.00
2018.02.09 20:08:11.084,0.744,0.74417,1.87,1.00
2018.02.09 20:08:11.401,0.74403,0.7442,1.87,1.37
2018.02.09 20:08:11.772,0.74402,0.74418,1.37,1.12
2018.02.09 20:08:12.657,0.74402,0.74417,1.37,1.00
2018.02.09 20:08:13.930,0.744,0.74417,1.37,1.37
2018.02.09 20:08:14.112,0.74399,0.74415,1.00,1.12
2018.02.09 20:08:15.331,0.74397,0.74416,1.87,1.37
2018.02.09 20:08:15.501,0.74398,0.74414,1.37,1.12
2018.02.09 20:08:15.806,0.744,0.74417,1.37,1.12
2018.02.09 20:08:16.542,0.744,0.74417,1.87,1.12
2018.02.09 20:08:16.694,0.74404,0.74419,1.00,1.37
2018.02.09 20:08:17.409,0.74404,0.74419,1.37,1.00
2018.02.09 20:08:18.141,0.74403,0.74419,1.87,1.12
2018.02.09 20:08:18.483,0.74403,0.74421,2.44,1.00
2018.02.09 20:08:19.291,0.74405,0.74418,1.37,1.00
2018.02.09 20:08:19.444,0.74402,0.74418,1.37,1.31
2018.02.09 20:08:19.568,0.74402,0.74417,1.00,1.00
2018.02.09 20:08:19.718,0.74402,0.74417,1.37,1.00
2018.02.09 20:08:20.199,0.74401,0.74415,1.37,1.00
2018.02.09 20:08:20.743,0.74399,0.74415,1.37,1.00
2018.02.09 20:08:21.609,0.74399,0.74415,1.37,1.12
2018.02.09 20:08:23.166,0.74399,0.74413,1.37,1.00
2018.02.09 20:08:23.318,0.74397,0.74413,1.37,1.00
2018.02.09 20:08:23.474,0.74396,0.74409,1.37,1.00
2018.02.09 20:08:23.702,0.7439,0.74403,1.12,1.00
2018.02.09 20:08:23.855,0.74387,0.74402,1.37,1.12
2018.02.09 20:08:24.448,0.74386,0.74402,1.87,1.12
2018.02.09 20:08:24.499,0.74389,0.74403,1.12,1.12
2018.02.09 20:08:24.851,0.74392,0.74406,1.37,1.00
2018.02.09 20:08:25.647,0.74391,0.74407,1.37,1.00
2018.02.09 20:08:26.405,0.74391,0.74406,1.37,1.00
2018.02.09 20:08:26.523,0.74391,0.74406,1.37,1.00
2018.02.09 20:08:28.032,0.7439,0.74405,1.37,1.00
2018.02.09 20:08:29.990,0.74389,0.74405,3.75,1.00
2018.02.09 20:08:32.238,0.7439,0.74406,1.87,1.00
2018.02.09 20:08:32.694,0.74387,0.74402,1.87,1.31
2018.02.09 20:08:33.061,0.74388,0.74404,1.37,1.00
2018.02.09 20:08:33.597,0.74388,0.74402,1.37,1.00
2018.02.09 20:08:33.648,0.74387,0.74402,1.12,1.00
2018.02.09 20:08:33.952,0.74388,0.74402,1.37,1.00
2018.02.09 20:08:34.117,0.74388,0.74404,1.37,1.12
2018.02.09 20:08:35.136,0.74388,0.74406,3.75,1.37
2018.02.09 20:08:35.941,0.74389,0.74403,1.37,1.00
2018.02.09 20:08:36.043,0.74386,0.74402,1.37,1.12
2018.02.09 20:08:37.137,0.74388,0.74404,1.12,1.00
2018.02.09 20:08:37.301,0.74389,0.74405,1.87,1.12
2018.02.09 20:08:37.974,0.7439,0.74406,1.37,1.12
2018.02.09 20:08:38.506,0.74391,0.74407,1.37,1.12
2018.02.09 20:08:38.822,0.74385,0.744,1.87,1.12
2018.02.09 20:08:39.063,0.74384,0.74402,1.87,1.12
2018.02.09 20:08:39.341,0.74387,0.74404,1.87,1.00
2018.02.09 20:08:39.908,0.74388,0.74404,1.37,1.37
2018.02.09 20:08:40.447,0.74388,0.74406,1.37,2.06
2018.02.09 20:08:41.392,0.74388,0.74406,1.37,2.06
2018.02.09 20:08:41.637,0.74391,0.74406,1.37,1.00
2018.02.09 20:08:41.981,0.74389,0.74404,1.37,1.00
2018.02.09 20:08:42.631,0.74389,0.74404,1.37,1.00
2018.02.09 20:08:42.866,0.74389,0.74404,1.12,1.00
2018.02.09 20:08:43.018,0.7439,0.74405,1.37,1.00
2018.02.09 20:08:43.351,0.74389,0.74403,1.37,1.00
2018.02.09 20:08:43.404,0.74388,0.74402,1.37,1.00
2018.02.09 20:08:43.847,0.74388,0.74404,1.12,1.12
2018.02.09 20:08:44.041,0.74388,0.74405,3.00,1.12
2018.02.09 20:08:44.694,0.74391,0.74405,1.37,1.00
2018.02.09 20:08:45.298,0.74389,0.74405,1.37,1.12
2018.02.09 20:08:46.075,0.74389,0.74405,3.00,1.00
2018.02.09 20:08:46.126,0.74389,0.74407,3.00,2.06
2018.02.09 20:08:46.511,0.74393,0.74411,1.87,1.37
2018.02.09 20:08:46.815,0.74395,0.74412,1.87,1.37
2018.02.09 20:08:47.252,0.74398,0.74413,1.37,1.00
2018.02.09 20:08:47.451,0.74398,0.74415,1.87,1.31
2018.02.09 20:08:47.683,0.744,0.74415,1.37,1.00
2018.02.09 20:08:48.516,0.744,0.74414,1.37,1.00
2018.02.09 20:08:48.953,0.74401,0.74417,1.37,1.25
2018.02.09 20:08:49.982,0.74401,0.74417,3.00,1.00
2018.02.09 20:08:50.798,0.74402,0.74418,1.37,1.00
2018.02.09 20:08:51.217,0.74403,0.7442,1.37,1.31
2018.02.09 20:08:51.610,0.74403,0.74417,1.37,1.00
2018.02.09 20:08:52.150,0.74403,0.74416,1.37,1.00
2018.02.09 20:08:52.452,0.74396,0.74412,3.75,1.00
2018.02.09 20:08:52.647,0.74396,0.7441,3.00,1.00
2018.02.09 20:08:52.698,0.74397,0.74414,1.87,1.12
2018.02.09 20:08:53.272,0.74397,0.74412,1.37,1.00
2018.02.09 20:08:53.602,0.74396,0.74409,3.00,1.00
2018.02.09 20:08:53.653,0.74396,0.74409,1.37,1.00
2018.02.09 20:08:56.262,0.74394,0.74409,1.37,1.00
2018.02.09 20:08:56.764,0.74395,0.74408,1.12,1.00
2018.02.09 20:08:57.696,0.74395,0.74408,1.37,1.00
2018.02.09 20:08:57.747,0.74395,0.7441,1.37,1.31
2018.02.09 20:08:57.953,0.74395,0.74408,1.37,1.00
2018.02.09 20:08:59.512,0.74395,0.74409,1.37,1.00
2018.02.09 20:09:00.619,0.74395,0.74408,1.37,1.00
2018.02.09 20:09:01.567,0.74393,0.74407,1.37,1.00
2018.02.09 20:09:01.807,0.74389,0.74407,1.37,2.06
2018.02.09 20:09:01.858,0.74392,0.74407,1.37,1.12
2018.02.09 20:09:01.909,0.74392,0.74407,1.37,1.00
2018.02.09 20:09:05.453,0.74391,0.74406,1.37,1.00
2018.02.09 20:09:06.949,0.74392,0.74405,1.37,1.00
2018.02.09 20:09:08.252,0.74388,0.74402,3.00,1.00
2018.02.09 20:09:08.303,0.74387,0.74402,1.37,1.00
2018.02.09 20:09:09.163,0.74388,0.74402,1.37,1.00
2018.02.09 20:09:09.550,0.74392,0.74406,1.37,1.00
2018.02.09 20:09:12.257,0.74389,0.74405,1.37,1.12
2018.02.09 20:09:12.308,0.74388,0.74402,2.25,1.00
2018.02.09 20:09:12.359,0.74387,0.74401,1.37,1.00
2018.02.09 20:09:13.166,0.74387,0.74402,1.37,1.00
2018.02.09 20:09:13.566,0.74385,0.74399,1.37,1.00
2018.02.09 20:09:13.617,0.74384,0.74399,1.37,1.00
2018.02.09 20:09:13.689,0.74384,0.74401,1.37,1.00
2018.02.09 20:09:13.790,0.74384,0.74399,1.37,1.00
2018.02.09 20:09:14.596,0.74384,0.744,1.37,1.12
2018.02.09 20:09:15.252,0.74383,0.74399,1.87,1.00
2018.02.09 20:09:16.199,0.74384,0.744,1.87,1.00
2018.02.09 20:09:16.516,0.74384,0.74398,1.37,1.00
2018.02.09 20:09:16.864,0.74382,0.74394,1.37,1.00
2018.02.09 20:09:17.371,0.74379,0.74395,1.87,1.00
2018.02.09 20:09:17.708,0.74377,0.74389,1.37,1.00
2018.02.09 20:09:17.875,0.74376,0.74391,1.37,1.00
2018.02.09 20:09:18.433,0.74376,0.74392,1.37,1.31
2018.02.09 20:09:18.792,0.74376,0.74389,1.12,1.00
2018.02.09 20:09:19.723,0.74376,0.7439,1.37,1.00
2018.02.09 20:09:20.345,0.74376,0.74391,1.37,1.00
2018.02.09 20:09:20.696,0.74376,0.74389,1.12,1.00
2018.02.09 20:09:21.430,0.74376,0.7439,1.12,1.00
2018.02.09 20:09:22.432,0.74376,0.74391,1.12,1.00
2018.02.09 20:09:23.683,0.74376,0.74388,1.12,1.00
2018.02.09 20:09:24.043,0.74374,0.7439,1.37,1.31
2018.02.09 20:09:24.274,0.74374,0.74388,1.37,1.00
2018.02.09 20:09:24.326,0.74372,0.74388,1.37,1.37
2018.02.09 20:09:24.428,0.74375,0.7439,1.37,1.00
2018.02.09 20:09:25.260,0.74375,0.7439,1.37,1.12
2018.02.09 20:09:25.569,0.74376,0.74392,1.87,1.31
2018.02.09 20:09:26.465,0.74376,0.74392,1.37,1.25
2018.02.09 20:09:27.249,0.74376,0.74392,1.37,1.25
2018.02.09 20:09:28.578,0.74376,0.74391,1.37,1.31
2018.02.09 20:09:29.096,0.74374,0.7439,1.37,1.37
2018.02.09 20:09:29.637,0.74373,0.7439,1.87,1.00
2018.02.09 20:09:29.965,0.74377,0.74392,1.00,1.37
2018.02.09 20:09:30.308,0.74375,0.74391,1.12,1.12
2018.02.09 20:09:30.506,0.74375,0.74391,1.37,1.00
2018.02.09 20:09:30.709,0.74377,0.74393,1.87,1.12
2018.02.09 20:09:30.877,0.74379,0.74395,1.12,1.00
2018.02.09 20:09:30.979,0.74378,0.74394,1.37,1.00
2018.02.09 20:09:31.202,0.7438,0.74396,1.37,1.12
2018.02.09 20:09:31.356,0.74383,0.74399,1.00,2.06
2018.02.09 20:09:31.500,0.74386,0.74401,1.37,1.25
2018.02.09 20:09:31.818,0.74384,0.74399,1.37,1.00
2018.02.09 20:09:32.251,0.74392,0.74409,1.12,3.00
2018.02.09 20:09:32.353,0.74392,0.74412,1.87,1.87
2018.02.09 20:09:32.455,0.74393,0.74409,1.87,1.12
2018.02.09 20:09:32.997,0.74393,0.74408,1.37,1.12
2018.02.09 20:09:33.316,0.74389,0.74404,1.37,1.12
2018.02.09 20:09:33.780,0.74387,0.74398,4.50,1.00
2018.02.09 20:09:33.831,0.74387,0.744,3.75,1.25
2018.02.09 20:09:33.882,0.74384,0.744,1.37,1.31
2018.02.09 20:09:33.935,0.74384,0.74398,1.37,1.00
2018.02.09 20:09:34.437,0.74384,0.74399,1.12,1.12
2018.02.09 20:09:35.179,0.74384,0.74399,1.37,1.00
2018.02.09 20:09:35.494,0.74385,0.74401,1.37,1.00
2018.02.09 20:09:36.044,0.74385,0.74399,1.37,1.00
2018.02.09 20:09:36.344,0.74387,0.74401,1.12,1.25
2018.02.09 20:09:36.397,0.74387,0.74401,1.37,1.00
2018.02.09 20:09:36.499,0.74387,0.74403,1.37,1.00
2018.02.09 20:09:37.340,0.74388,0.74404,1.37,1.12
2018.02.09 20:09:37.461,0.74388,0.74402,1.37,1.00
2018.02.09 20:09:37.981,0.74388,0.74403,1.37,1.00
2018.02.09 20:09:38.304,0.74385,0.74398,4.50,1.00
2018.02.09 20:09:38.354,0.74385,0.74396,1.37,1.00
2018.02.09 20:09:38.405,0.74382,0.74394,2.25,1.00
2018.02.09 20:09:38.462,0.74381,0.74392,1.12,1.00
2018.02.09 20:09:38.563,0.74376,0.74392,1.87,1.12
2018.02.09 20:09:38.962,0.74376,0.74392,1.12,1.87
2018.02.09 20:09:39.013,0.74378,0.74392,1.00,1.37
2018.02.09 20:09:39.278,0.74381,0.74396,1.00,1.37
2018.02.09 20:09:39.328,0.74381,0.74396,1.37,1.00
2018.02.09 20:09:39.833,0.74381,0.74398,1.37,1.62
2018.02.09 20:09:40.457,0.74383,0.74398,1.37,1.00
2018.02.09 20:09:41.044,0.74386,0.74403,1.37,1.12
2018.02.09 20:09:41.580,0.74386,0.74402,1.87,1.12
2018.02.09 20:09:42.230,0.74388,0.74404,1.37,1.12
2018.02.09 20:09:42.732,0.74387,0.74403,3.75,1.00
2018.02.09 20:09:43.263,0.74388,0.74404,1.87,1.12
2018.02.09 20:09:43.536,0.74392,0.74408,1.37,1.37
2018.02.09 20:09:43.860,0.74392,0.74408,1.37,1.25
2018.02.09 20:09:44.182,0.74398,0.74413,1.00,3.00
2018.02.09 20:09:44.233,0.74398,0.74413,1.37,1.00
2018.02.09 20:09:44.823,0.74397,0.74414,1.87,1.25
2018.02.09 20:09:44.874,0.74398,0.74414,1.37,1.00
2018.02.09 20:09:45.213,0.74398,0.7441,1.37,1.00
2018.02.09 20:09:45.314,0.74394,0.7441,1.37,1.12
2018.02.09 20:09:45.637,0.74397,0.74412,1.00,1.37
2018.02.09 20:09:45.687,0.74398,0.74414,1.37,1.12
2018.02.09 20:09:45.788,0.74399,0.74415,1.37,1.00
2018.02.09 20:09:46.375,0.74399,0.74415,1.37,1.00
2018.02.09 20:09:47.301,0.74397,0.74414,1.87,1.00
2018.02.09 20:09:47.743,0.74401,0.74415,1.37,1.00
2018.02.09 20:09:47.960,0.74398,0.74415,1.87,1.37
2018.02.09 20:09:49.088,0.74397,0.74413,3.75,1.00
2018.02.09 20:09:49.534,0.74401,0.74417,1.12,1.37
2018.02.09 20:09:49.585,0.74404,0.74418,1.37,1.00
2018.02.09 20:09:50.295,0.74402,0.74417,1.37,1.00
2018.02.09 20:09:50.447,0.744,0.74415,1.37,1.00
2018.02.09 20:09:50.908,0.74401,0.74417,1.37,2.06
2018.02.09 20:09:52.600,0.74404,0.74418,1.00,1.37
2018.02.09 20:09:52.748,0.74403,0.74419,1.37,1.00
2018.02.09 20:09:53.474,0.74402,0.74419,1.37,1.12
2018.02.09 20:09:53.815,0.74404,0.7442,1.37,1.12
2018.02.09 20:09:55.146,0.74404,0.7442,1.37,1.31
2018.02.09 20:09:56.597,0.74402,0.74419,1.37,1.12
2018.02.09 20:09:56.921,0.74396,0.74411,2.25,1.00
2018.02.09 20:09:56.971,0.74395,0.74411,1.87,1.00
2018.02.09 20:09:59.005,0.74396,0.74414,1.87,1.37
2018.02.09 20:09:59.106,0.74398,0.74415,1.87,1.00
2018.02.09 20:09:59.425,0.74401,0.74417,1.37,1.12
2018.02.09 20:09:59.744,0.74399,0.74415,1.37,1.12
2018.02.09 20:10:00.429,0.74399,0.74414,1.37,1.00
2018.02.09 20:10:00.962,0.744,0.74415,1.37,1.00
2018.02.09 20:10:01.512,0.74401,0.74416,1.37,1.00
2018.02.09 20:10:02.206,0.744,0.74415,1.37,1.00
2018.02.09 20:10:02.557,0.74398,0.74415,1.37,1.37
2018.02.09 20:10:07.175,0.74402,0.74416,1.00,1.37
2018.02.09 20:10:07.277,0.74401,0.74417,1.37,1.12
2018.02.09 20:10:07.713,0.74401,0.74417,1.12,1.37
2018.02.09 20:10:08.110,0.74398,0.74416,1.87,2.06
2018.02.09 20:10:08.736,0.74398,0.74416,1.87,2.06
2018.02.09 20:10:09.990,0.74398,0.74414,1.87,1.12
2018.02.09 20:10:12.511,0.74398,0.74413,1.37,1.00
2018.02.09 20:10:12.570,0.74396,0.74412,1.37,1.00
2018.02.09 20:10:13.311,0.74398,0.74413,1.00,1.37
2018.02.09 20:10:13.362,0.74398,0.74413,1.37,1.00
2018.02.09 20:10:13.463,0.74398,0.74413,1.12,1.12
2018.02.09 20:10:14.285,0.74398,0.74414,1.12,1.31
2018.02.09 20:10:14.912,0.74398,0.74412,1.12,1.00
2018.02.09 20:10:15.115,0.74393,0.74409,1.12,1.00
2018.02.09 20:10:15.414,0.74391,0.74405,3.00,1.00
2018.02.09 20:10:15.465,0.74391,0.74404,1.37,1.00
2018.02.09 20:10:15.857,0.74391,0.74406,1.37,1.12
2018.02.09 20:10:16.574,0.7439,0.74406,1.87,1.12
2018.02.09 20:10:16.625,0.74389,0.74404,1.37,1.00
2018.02.09 20:10:16.676,0.74389,0.74404,1.12,1.37
2018.02.09 20:10:18.093,0.74389,0.74404,1.37,1.12
2018.02.09 20:10:20.060,0.7439,0.74406,1.87,1.00
2018.02.09 20:10:20.111,0.74392,0.74407,1.37,1.12
2018.02.09 20:10:20.995,0.74391,0.74408,1.37,1.00
2018.02.09 20:10:21.439,0.74396,0.74411,1.00,1.12
2018.02.09 20:10:22.915,0.74396,0.74411,1.37,1.00
2018.02.09 20:10:23.347,0.74397,0.74413,1.87,1.12
2018.02.09 20:10:24.433,0.74397,0.74413,1.87,1.37
2018.02.09 20:10:24.739,0.74394,0.7441,1.12,1.12
2018.02.09 20:10:25.270,0.74393,0.74408,1.37,1.00
2018.02.09 20:10:25.473,0.74392,0.74408,1.87,1.12
2018.02.09 20:10:25.620,0.74394,0.74409,1.12,1.62
2018.02.09 20:10:25.672,0.74394,0.7441,1.12,1.00
2018.02.09 20:10:25.774,0.74393,0.74407,1.37,1.00
2018.02.09 20:10:26.179,0.74394,0.74409,1.12,1.12
2018.02.09 20:10:26.863,0.74393,0.74409,1.87,1.00
2018.02.09 20:10:27.428,0.74394,0.74409,1.37,1.00
2018.02.09 20:10:28.408,0.74394,0.74409,1.37,1.00
2018.02.09 20:10:28.709,0.74396,0.74411,1.12,1.00
2018.02.09 20:10:28.811,0.74395,0.7441,1.37,1.00
2018.02.09 20:10:28.862,0.74396,0.74412,1.37,1.12
2018.02.09 20:10:28.913,0.74398,0.74413,1.87,1.00
2018.02.09 20:10:29.775,0.74398,0.74414,1.87,1.12
2018.02.09 20:10:30.159,0.74397,0.74412,1.37,1.00
2018.02.09 20:10:30.210,0.74395,0.74411,1.87,1.12
2018.02.09 20:10:31.000,0.74394,0.7441,1.37,1.00
2018.02.09 20:10:31.306,0.74396,0.74412,1.37,1.31
2018.02.09 20:10:31.816,0.74396,0.7441,1.12,1.00
2018.02.09 20:10:32.570,0.74396,0.74409,1.12,1.00
2018.02.09 20:10:33.222,0.74396,0.74411,1.12,1.25
2018.02.09 20:10:33.326,0.74396,0.74409,1.12,1.00
2018.02.09 20:10:34.811,0.74394,0.74408,1.37,1.00
2018.02.09 20:10:34.963,0.74392,0.74407,1.37,1.00
2018.02.09 20:10:35.458,0.74394,0.74408,1.37,1.00
2018.02.09 20:10:35.917,0.74394,0.74408,1.12,1.00
2018.02.09 20:10:36.382,0.74391,0.74406,1.87,1.00
2018.02.09 20:10:36.562,0.7439,0.74405,1.37,1.25
2018.02.09 20:10:36.743,0.74391,0.74405,1.37,1.00
2018.02.09 20:10:36.795,0.74391,0.74407,1.87,1.25
2018.02.09 20:10:36.947,0.74393,0.7441,1.37,1.37
2018.02.09 20:10:37.484,0.74393,0.7441,1.37,1.12
2018.02.09 20:10:38.296,0.74393,0.7441,1.37,1.12
2018.02.09 20:10:38.450,0.74393,0.74408,1.37,1.00
2018.02.09 20:10:38.915,0.74392,0.74406,1.37,1.00
2018.02.09 20:10:39.571,0.74392,0.74407,1.37,1.00
2018.02.09 20:10:40.364,0.74392,0.74407,1.37,1.00
2018.02.09 20:10:40.561,0.74391,0.74407,1.37,1.00
2018.02.09 20:10:40.612,0.7439,0.74404,3.00,1.00
2018.02.09 20:10:40.662,0.74389,0.74404,1.37,1.12
2018.02.09 20:10:40.764,0.74388,0.74404,1.12,1.00
2018.02.09 20:10:40.856,0.74388,0.74404,1.37,1.12
2018.02.09 20:10:41.346,0.74387,0.74402,1.37,1.00
2018.02.09 20:10:41.723,0.74381,0.74397,1.37,1.37
2018.02.09 20:10:41.853,0.74381,0.74398,1.87,1.31
2018.02.09 20:10:41.903,0.74385,0.74399,1.37,1.00
2018.02.09 20:10:42.054,0.74384,0.74401,1.37,1.12
2018.02.09 20:10:42.831,0.74384,0.74401,1.87,1.12
2018.02.09 20:10:43.133,0.74386,0.74403,3.75,1.00
2018.02.09 20:10:43.342,0.74389,0.74406,1.37,1.37
2018.02.09 20:10:44.431,0.74389,0.74406,1.12,1.87
2018.02.09 20:10:45.773,0.74387,0.74402,1.37,1.00
2018.02.09 20:10:45.927,0.74383,0.74399,1.37,1.12
2018.02.09 20:10:46.883,0.74383,0.74399,1.37,1.12
2018.02.09 20:10:47.309,0.7438,0.74398,2.62,1.12
2018.02.09 20:10:47.363,0.74379,0.74396,1.37,1.87
2018.02.09 20:10:47.880,0.74377,0.74392,1.37,1.00
2018.02.09 20:10:48.778,0.74378,0.74391,1.12,1.00
2018.02.09 20:10:50.340,0.74375,0.7439,1.37,1.00
2018.02.09 20:10:50.912,0.74375,0.74391,1.37,1.00
2018.02.09 20:10:51.481,0.74375,0.74391,1.37,1.12
2018.02.09 20:10:51.582,0.74375,0.74394,1.37,1.87
2018.02.09 20:10:51.750,0.74377,0.74393,1.37,1.12
2018.02.09 20:10:52.051,0.74376,0.7439,1.12,1.00
2018.02.09 20:10:53.182,0.74378,0.74394,1.00,1.37
2018.02.09 20:10:53.286,0.74381,0.74395,1.12,1.00
2018.02.09 20:10:54.142,0.74381,0.74396,1.12,1.12
2018.02.09 20:10:54.244,0.74379,0.74396,1.37,1.62
2018.02.09 20:10:54.577,0.74375,0.7439,1.37,1.00
2018.02.09 20:10:55.474,0.74376,0.74391,1.37,1.00
2018.02.09 20:10:55.577,0.74376,0.74393,1.37,1.31
2018.02.09 20:10:55.761,0.74376,0.7439,1.37,1.00
2018.02.09 20:10:55.862,0.74374,0.74391,1.37,1.12
2018.02.09 20:10:56.371,0.74374,0.7439,1.37,1.25
2018.02.09 20:10:56.898,0.74375,0.74391,1.37,1.31
2018.02.09 20:10:58.365,0.74375,0.74393,1.37,2.06
2018.02.09 20:10:58.977,0.74375,0.74392,1.87,1.12
2018.02.09 20:10:59.543,0.74378,0.74394,1.00,1.87
2018.02.09 20:11:00.126,0.74377,0.74394,1.00,1.87
2018.02.09 20:11:00.472,0.74377,0.74394,1.87,1.37
2018.02.09 20:11:02.134,0.7438,0.74397,1.00,3.00
2018.02.09 20:11:02.236,0.74381,0.74398,1.37,1.37
2018.02.09 20:11:02.439,0.74384,0.74401,1.00,3.00
2018.02.09 20:11:02.614,0.74387,0.74404,1.12,1.87
2018.02.09 20:11:02.716,0.74387,0.74404,1.37,1.87
2018.02.09 20:11:03.485,0.74388,0.74405,1.12,1.87
2018.02.09 20:11:03.848,0.74383,0.744,1.87,1.00
2018.02.09 20:11:04.278,0.74383,0.744,1.87,1.37
2018.02.09 20:11:04.788,0.74383,0.744,1.37,1.87
2018.02.09 20:11:04.989,0.74383,0.74402,1.87,1.37
2018.02.09 20:11:05.337,0.74384,0.74402,1.37,1.87
2018.02.09 20:11:05.439,0.74382,0.74399,1.87,1.12
2018.02.09 20:11:05.574,0.74381,0.74398,1.62,1.87
2018.02.09 20:11:06.968,0.74382,0.74398,1.37,1.37
2018.02.09 20:11:07.178,0.74378,0.74395,1.87,1.87
2018.02.09 20:11:07.900,0.74378,0.74395,1.87,1.87
2018.02.09 20:11:08.773,0.74379,0.74395,1.37,1.00
2018.02.09 20:11:09.858,0.74379,0.74397,1.37,1.87
2018.02.09 20:11:10.112,0.74381,0.74398,1.37,1.87
2018.02.09 20:11:10.315,0.74384,0.744,1.12,1.12
2018.02.09 20:11:10.384,0.74383,0.74398,1.37,1.00
2018.02.09 20:11:10.858,0.7438,0.74397,1.37,1.12
2018.02.09 20:11:11.638,0.7438,0.74396,1.37,1.00
2018.02.09 20:11:13.208,0.74381,0.74398,1.37,1.87
2018.02.09 20:11:13.407,0.74379,0.74396,1.87,1.37
2018.02.09 20:11:14.654,0.74379,0.74396,1.87,1.37
2018.02.09 20:11:14.755,0.74379,0.74396,1.87,1.37
2018.02.09 20:11:15.296,0.7438,0.74396,1.00,1.87
2018.02.09 20:11:15.813,0.74379,0.74395,1.37,1.37
2018.02.09 20:11:15.954,0.74377,0.74394,1.87,1.12
2018.02.09 20:11:16.055,0.74377,0.74394,1.87,1.37
2018.02.09 20:11:16.863,0.74378,0.74395,1.12,1.12
2018.02.09 20:11:17.065,0.74377,0.74394,1.00,1.87
2018.02.09 20:11:17.312,0.74379,0.74396,1.12,1.87
2018.02.09 20:11:17.842,0.74378,0.74395,1.87,1.37
2018.02.09 20:11:18.209,0.74377,0.74394,1.37,1.87
2018.02.09 20:11:18.896,0.74377,0.74394,1.37,1.87
2018.02.09 20:11:19.276,0.74379,0.74396,1.37,1.12
2018.02.09 20:11:19.724,0.74377,0.74394,5.25,1.00
2018.02.09 20:11:19.775,0.74378,0.74393,1.37,1.12
2018.02.09 20:11:19.879,0.74374,0.74393,1.37,1.87
2018.02.09 20:11:20.075,0.74372,0.74387,1.37,1.00
2018.02.09 20:11:20.177,0.74368,0.74385,2.06,1.12
2018.02.09 20:11:20.483,0.74365,0.74381,1.37,1.00
2018.02.09 20:11:20.534,0.74365,0.74381,1.12,1.37
2018.02.09 20:11:20.838,0.74362,0.7438,2.06,1.37
2018.02.09 20:11:21.341,0.74365,0.74383,1.00,4.31
2018.02.09 20:11:21.392,0.74365,0.74383,1.37,4.31
2018.02.09 20:11:21.612,0.7437,0.74384,1.00,1.37
2018.02.09 20:11:21.663,0.7437,0.74387,1.37,1.87
2018.02.09 20:11:22.212,0.74369,0.74386,1.00,1.62
2018.02.09 20:11:22.966,0.74368,0.74386,1.12,2.06
2018.02.09 20:11:23.327,0.74369,0.74387,1.37,1.37
2018.02.09 20:11:23.959,0.74371,0.74389,1.37,1.87
2018.02.09 20:11:25.062,0.74372,0.74389,1.37,1.37
2018.02.09 20:11:25.163,0.74369,0.74386,1.87,1.00
2018.02.09 20:11:25.702,0.74367,0.74384,1.87,1.37
2018.02.09 20:11:26.311,0.74367,0.74384,1.87,1.37
2018.02.09 20:11:27.503,0.74369,0.74385,1.12,1.87
2018.02.09 20:11:28.119,0.7437,0.74386,1.00,1.37
2018.02.09 20:11:28.637,0.74369,0.74386,1.37,1.87
2018.02.09 20:11:29.417,0.74372,0.74388,1.12,1.87
2018.02.09 20:11:29.518,0.7437,0.74386,1.31,1.37
2018.02.09 20:11:30.735,0.74369,0.74386,1.12,1.37
2018.02.09 20:11:31.726,0.74369,0.74387,1.37,1.87
2018.02.09 20:11:32.824,0.7437,0.74386,1.37,1.37
2018.02.09 20:11:34.066,0.7437,0.74386,1.12,1.37
2018.02.09 20:11:34.677,0.74369,0.74386,1.12,1.37
2018.02.09 20:11:35.244,0.7437,0.74386,1.00,1.37
2018.02.09 20:11:35.756,0.74371,0.74389,1.12,1.87
2018.02.09 20:11:35.877,0.74371,0.74389,1.37,1.87
2018.02.09 20:11:36.401,0.7437,0.74388,1.87,1.87
2018.02.09 20:11:38.361,0.74369,0.74385,1.37,1.12
2018.02.09 20:11:38.758,0.74367,0.74384,2.06,1.37
2018.02.09 20:11:38.915,0.74367,0.74384,1.87,1.12
2018.02.09 20:11:39.681,0.74368,0.74385,1.00,1.87
2018.02.09 20:11:39.848,0.74369,0.74387,1.87,1.37
2018.02.09 20:11:39.950,0.7437,0.74388,1.37,2.06
2018.02.09 20:11:40.852,0.7437,0.74388,1.37,1.87
2018.02.09 20:11:42.368,0.74369,0.74387,1.37,1.37
2018.02.09 20:11:42.894,0.74369,0.74386,1.00,1.87
2018.02.09 20:11:43.602,0.74369,0.74386,1.37,1.37
2018.02.09 20:11:44.860,0.74369,0.74386,1.37,1.37
2018.02.09 20:11:45.992,0.74371,0.74388,1.12,1.87
2018.02.09 20:11:46.514,0.74371,0.74388,1.12,1.87
2018.02.09 20:11:47.000,0.74371,0.74388,1.37,1.87
2018.02.09 20:11:47.441,0.74375,0.74391,1.00,4.50
2018.02.09 20:11:47.492,0.74376,0.74391,1.12,1.87
2018.02.09 20:11:47.728,0.74374,0.7439,1.12,1.37
2018.02.09 20:11:48.715,0.74374,0.7439,1.37,1.37
2018.02.09 20:11:50.264,0.74371,0.74387,1.62,1.12
2018.02.09 20:11:50.314,0.74371,0.74387,1.31,1.37
2018.02.09 20:11:50.444,0.74371,0.74387,1.62,1.12
2018.02.09 20:11:51.014,0.7437,0.74388,1.87,1.87
2018.02.09 20:11:54.365,0.74371,0.74387,1.37,1.37
2018.02.09 20:11:54.467,0.74372,0.74389,1.37,1.37
2018.02.09 20:11:54.999,0.74372,0.74389,1.37,1.37
2018.02.09 20:11:55.241,0.74374,0.74389,1.12,1.12
2018.02.09 20:11:55.343,0.74374,0.74391,1.37,1.37
2018.02.09 20:11:55.546,0.74374,0.74391,1.12,1.37
2018.02.09 20:11:56.187,0.74373,0.7439,1.12,1.87
2018.02.09 20:11:56.776,0.74372,0.74389,1.12,1.37
2018.02.09 20:11:57.804,0.74371,0.74388,1.87,1.37
2018.02.09 20:11:58.094,0.74371,0.74389,2.06,1.37
2018.02.09 20:11:58.997,0.7437,0.74387,1.87,1.37
2018.02.09 20:11:59.576,0.74371,0.74388,1.37,1.37
2018.02.09 20:12:00.038,0.74371,0.74389,2.06,1.37
2018.02.09 20:12:01.639,0.7437,0.74388,1.37,1.87
2018.02.09 20:12:01.842,0.74372,0.74388,1.87,1.12
2018.02.09 20:12:02.452,0.74372,0.74388,1.37,1.37
2018.02.09 20:12:02.769,0.7437,0.74387,1.00,1.87
2018.02.09 20:12:02.943,0.74368,0.74386,1.37,1.87
2018.02.09 20:12:03.861,0.74368,0.74386,1.87,1.62
2018.02.09 20:12:04.433,0.74368,0.74384,1.87,1.37
2018.02.09 20:12:06.009,0.74368,0.74384,1.37,1.12
2018.02.09 20:12:06.546,0.74368,0.74385,1.87,1.37
2018.02.09 20:12:07.107,0.74368,0.74385,1.87,1.12
2018.02.09 20:12:07.564,0.74369,0.74387,1.37,1.87
2018.02.09 20:12:08.107,0.74369,0.74386,1.87,1.37
2018.02.09 20:12:08.649,0.7437,0.74387,1.37,1.37
2018.02.09 20:12:08.700,0.74369,0.74386,1.12,1.12
2018.02.09 20:12:08.901,0.74371,0.74387,1.00,1.37
2018.02.09 20:12:09.214,0.74373,0.7439,1.87,1.37
2018.02.09 20:12:09.713,0.74373,0.74389,1.00,1.37
2018.02.09 20:12:10.276,0.74371,0.74389,2.06,1.37
2018.02.09 20:12:10.796,0.74373,0.74389,1.12,1.37
2018.02.09 20:12:11.510,0.74371,0.74389,2.06,1.37
2018.02.09 20:12:11.561,0.74371,0.74387,1.00,1.37
2018.02.09 20:12:11.883,0.74372,0.74389,1.00,2.06
2018.02.09 20:12:12.277,0.74374,0.74391,1.00,1.37
2018.02.09 20:12:12.921,0.74374,0.74391,1.37,1.37
2018.02.09 20:12:14.268,0.74376,0.74392,1.00,3.00
2018.02.09 20:12:14.482,0.74376,0.74392,1.37,1.37
2018.02.09 20:12:15.163,0.74373,0.7439,3.00,1.12
2018.02.09 20:12:15.214,0.74373,0.7439,1.37,1.37
2018.02.09 20:12:16.022,0.74373,0.7439,1.37,1.37
2018.02.09 20:12:16.224,0.74373,0.7439,1.12,1.12
2018.02.09 20:12:16.527,0.74372,0.74389,1.62,1.87
2018.02.09 20:12:16.848,0.74369,0.74388,1.37,1.37
2018.02.09 20:12:16.899,0.7437,0.74388,1.12,2.06
2018.02.09 20:12:17.412,0.7437,0.74387,1.87,1.12
2018.02.09 20:12:17.463,0.7437,0.74387,1.87,1.37
2018.02.09 20:12:18.318,0.74371,0.74389,1.37,2.81
2018.02.09 20:12:18.578,0.74374,0.74391,1.00,1.87
2018.02.09 20:12:18.632,0.74374,0.74391,1.37,1.87
2018.02.09 20:12:18.708,0.74374,0.74391,1.12,1.87
2018.02.09 20:12:19.277,0.74374,0.74391,1.37,1.87
2018.02.09 20:12:20.207,0.74374,0.74391,1.37,1.87
2018.02.09 20:12:20.780,0.74374,0.74391,1.12,1.87
2018.02.09 20:12:21.094,0.74375,0.74392,1.37,1.12
2018.02.09 20:12:21.955,0.74376,0.74393,1.87,1.37
2018.02.09 20:12:22.299,0.7438,0.74397,1.00,3.75
2018.02.09 20:12:22.618,0.74381,0.74398,1.37,1.87
2018.02.09 20:12:23.876,0.74381,0.74398,1.12,3.75
2018.02.09 20:12:24.331,0.74382,0.74398,1.37,1.37
2018.02.09 20:12:24.594,0.74383,0.744,1.37,1.87
2018.02.09 20:12:25.211,0.74386,0.744,1.00,1.37
2018.02.09 20:12:25.816,0.74386,0.74401,1.12,1.37
2018.02.09 20:12:26.254,0.74387,0.74404,1.87,1.12
2018.02.09 20:12:26.846,0.74387,0.74404,1.87,1.37
2018.02.09 20:12:27.672,0.74387,0.74404,1.87,1.37
2018.02.09 20:12:28.072,0.74387,0.74404,1.87,1.12
2018.02.09 20:12:28.122,0.74387,0.74404,1.87,1.37
2018.02.09 20:12:28.873,0.74387,0.74404,1.87,1.37
2018.02.09 20:12:28.923,0.74386,0.74403,1.12,1.87
2018.02.09 20:12:29.531,0.74386,0.74403,1.37,1.87
2018.02.09 20:12:29.875,0.74386,0.74403,1.12,1.87
2018.02.09 20:12:30.449,0.74386,0.74403,1.37,1.37
2018.02.09 20:12:30.500,0.74388,0.74404,1.12,1.37
2018.02.09 20:12:30.907,0.74386,0.74403,1.12,1.37
2018.02.09 20:12:31.167,0.74388,0.74403,1.00,1.12
2018.02.09 20:12:31.740,0.74387,0.74403,1.37,1.37
2018.02.09 20:12:32.210,0.74384,0.74401,1.37,1.87
2018.02.09 20:12:32.261,0.74384,0.74401,1.37,1.87
2018.02.09 20:12:34.077,0.74386,0.74401,1.00,1.12
2018.02.09 20:12:34.583,0.74385,0.74402,1.87,1.37
2018.02.09 20:12:35.687,0.74385,0.74402,1.87,1.37
2018.02.09 20:12:36.498,0.74386,0.74403,1.37,1.87
2018.02.09 20:12:36.600,0.74388,0.74405,1.37,1.37
2018.02.09 20:12:36.901,0.74389,0.74405,1.12,1.12
2018.02.09 20:12:37.834,0.74389,0.74406,1.87,1.12
2018.02.09 20:12:38.002,0.74392,0.74406,1.00,1.37
2018.02.09 20:12:38.072,0.74392,0.74409,1.37,1.87
2018.02.09 20:12:38.428,0.74389,0.74405,1.31,1.37
2018.02.09 20:12:39.956,0.74389,0.74405,1.12,1.12
2018.02.09 20:12:40.374,0.74391,0.74407,1.12,1.37
2018.02.09 20:12:40.682,0.74394,0.74408,1.00,2.25
2018.02.09 20:12:40.734,0.74394,0.74411,1.00,1.87
2018.02.09 20:12:42.697,0.74394,0.74411,1.37,1.87
2018.02.09 20:12:43.244,0.74394,0.74411,1.12,1.87
2018.02.09 20:12:45.913,0.74391,0.74407,1.37,1.12
2018.02.09 20:12:46.096,0.74391,0.74407,1.12,1.37
2018.02.09 20:12:46.147,0.74393,0.74409,1.00,3.00
2018.02.09 20:12:46.248,0.74393,0.7441,1.37,1.87
2018.02.09 20:12:47.106,0.74395,0.7441,1.00,1.37
2018.02.09 20:12:47.315,0.74395,0.74412,1.37,1.87
2018.02.09 20:12:47.705,0.74399,0.74413,1.00,1.37
2018.02.09 20:12:47.756,0.74399,0.74414,1.00,1.12
2018.02.09 20:12:48.796,0.744,0.74417,1.50,1.87
2018.02.09 20:12:49.302,0.74401,0.74418,1.12,1.37
2018.02.09 20:12:49.840,0.74403,0.74419,1.00,3.00
2018.02.09 20:12:50.042,0.74404,0.7442,1.37,1.37
2018.02.09 20:12:50.641,0.74404,0.74422,1.12,1.37
2018.02.09 20:12:52.094,0.74405,0.74421,1.00,1.37
2018.02.09 20:12:52.445,0.74403,0.7442,1.37,1.37
2018.02.09 20:12:53.393,0.744,0.74417,1.37,1.12
2018.02.09 20:12:53.604,0.74397,0.74415,1.37,1.37
2018.02.09 20:12:55.213,0.744,0.74415,1.00,1.37
2018.02.09 20:12:55.264,0.74401,0.74417,1.00,1.37
2018.02.09 20:12:55.417,0.74402,0.74419,1.37,1.87
2018.02.09 20:12:55.964,0.74403,0.74419,1.37,1.87
2018.02.09 20:12:58.402,0.74406,0.74421,1.00,1.37
2018.02.09 20:12:58.452,0.74406,0.74422,1.12,1.87
2018.02.09 20:12:58.604,0.74406,0.74422,1.12,1.87
2018.02.09 20:12:59.107,0.74407,0.74422,1.12,1.37
2018.02.09 20:12:59.353,0.74405,0.74422,1.12,1.87
2018.02.09 20:13:00.132,0.74405,0.74421,1.00,1.37
2018.02.09 20:13:00.736,0.74406,0.74421,1.00,1.37
2018.02.09 20:13:01.483,0.74405,0.74421,1.00,1.37
2018.02.09 20:13:02.633,0.74405,0.74419,1.00,1.37
2018.02.09 20:13:03.076,0.74405,0.74421,1.12,1.37
2018.02.09 20:13:03.574,0.74403,0.74419,1.12,1.37
2018.02.09 20:13:04.020,0.74401,0.74418,1.12,1.87
2018.02.09 20:13:04.173,0.74401,0.74417,1.12,1.37
2018.02.09 20:13:04.447,0.74402,0.74418,1.00,1.87
2018.02.09 20:13:05.047,0.74401,0.74418,1.12,1.37
2018.02.09 20:13:05.541,0.74401,0.74418,1.12,1.37
2018.02.09 20:13:05.975,0.74399,0.74415,1.12,1.37
2018.02.09 20:13:06.520,0.74399,0.74415,1.12,1.37
2018.02.09 20:13:06.872,0.74397,0.74412,1.37,1.00
2018.02.09 20:13:07.023,0.74395,0.74413,1.37,2.06
2018.02.09 20:13:07.796,0.74393,0.74411,1.87,1.37
2018.02.09 20:13:08.000,0.74399,0.74413,1.00,2.25
2018.02.09 20:13:08.136,0.74399,0.74414,1.37,1.00
2018.02.09 20:13:08.218,0.744,0.74419,1.87,1.37
2018.02.09 20:13:08.319,0.74401,0.74417,1.00,1.37
2018.02.09 20:13:08.937,0.74402,0.74417,1.00,1.12
2018.02.09 20:13:09.472,0.74402,0.74417,1.37,1.12
2018.02.09 20:13:09.948,0.744,0.74416,1.37,1.12
2018.02.09 20:13:10.424,0.744,0.74416,1.00,1.37
2018.02.09 20:13:11.328,0.744,0.74417,1.12,1.87
2018.02.09 20:13:13.502,0.74399,0.74415,1.12,1.37
2018.02.09 20:13:14.592,0.74399,0.74415,1.37,1.37
2018.02.09 20:13:15.117,0.74399,0.74416,1.37,1.87
2018.02.09 20:13:17.289,0.74403,0.74416,1.00,1.37
2018.02.09 20:13:17.340,0.74403,0.74418,1.12,1.37
2018.02.09 20:13:17.441,0.74404,0.74421,1.37,2.62
2018.02.09 20:13:17.752,0.74402,0.74419,1.37,1.00
2018.02.09 20:13:17.803,0.74402,0.74418,1.12,1.37
2018.02.09 20:13:18.407,0.74403,0.74418,1.00,1.37
2018.02.09 20:13:18.709,0.74411,0.7442,1.00,2.25
2018.02.09 20:13:18.857,0.74413,0.74421,1.12,1.00
2018.02.09 20:13:18.908,0.74416,0.74432,1.00,1.37
2018.02.09 20:13:19.010,0.74416,0.74433,1.37,1.37
2018.02.09 20:13:19.716,0.74416,0.74432,1.37,1.37
2018.02.09 20:13:20.021,0.74413,0.74429,1.37,1.12
2018.02.09 20:13:20.178,0.74408,0.74424,1.87,1.00
2018.02.09 20:13:20.787,0.74408,0.74425,1.87,1.12
2018.02.09 20:13:21.525,0.74408,0.74424,1.87,1.00
2018.02.09 20:13:21.699,0.7441,0.74426,1.12,2.06
2018.02.09 20:13:22.079,0.74412,0.74429,3.75,1.00
2018.02.09 20:13:22.863,0.74415,0.74431,1.37,1.31
2018.02.09 20:13:23.065,0.74416,0.74434,1.87,2.06
2018.02.09 20:13:23.667,0.74416,0.74434,1.87,2.06
2018.02.09 20:13:24.023,0.74415,0.74433,1.37,2.06
2018.02.09 20:13:24.125,0.74415,0.7443,1.37,1.00
2018.02.09 20:13:24.227,0.74412,0.74428,1.87,1.12
2018.02.09 20:13:24.379,0.7441,0.74426,2.25,1.00
2018.02.09 20:13:24.559,0.74409,0.74426,1.87,1.12
2018.02.09 20:13:24.661,0.74409,0.74426,1.87,1.12
2018.02.09 20:13:25.231,0.74409,0.74426,1.87,1.00
2018.02.09 20:13:25.282,0.7441,0.74428,1.87,1.12
2018.02.09 20:13:25.442,0.74413,0.7443,1.37,2.06
2018.02.09 20:13:26.174,0.74413,0.7443,1.37,2.06
2018.02.09 20:13:26.722,0.74413,0.7443,1.37,2.06
2018.02.09 20:13:27.217,0.74417,0.74434,1.12,2.81
2018.02.09 20:13:27.319,0.74418,0.74434,1.37,1.62
2018.02.09 20:13:27.879,0.74418,0.74433,1.00,1.00
2018.02.09 20:13:28.429,0.74416,0.74431,1.37,1.00
2018.02.09 20:13:28.781,0.74416,0.7443,1.12,1.00
2018.02.09 20:13:29.716,0.74416,0.7443,1.37,1.00
2018.02.09 20:13:30.307,0.74415,0.7443,1.37,1.00
2018.02.09 20:13:30.510,0.74412,0.74428,3.00,1.00
2018.02.09 20:13:30.561,0.74411,0.74427,1.87,1.00
2018.02.09 20:13:31.217,0.7441,0.74426,1.37,1.00
2018.02.09 20:13:31.842,0.7441,0.74427,1.87,1.12
2018.02.09 20:13:34.774,0.7441,0.74427,1.87,1.37
2018.02.09 20:13:35.177,0.74413,0.74429,1.87,1.37
2018.02.09 20:13:35.231,0.74413,0.74429,1.37,1.00
2018.02.09 20:13:35.807,0.74414,0.7443,1.37,1.12
2018.02.09 20:13:36.125,0.74411,0.7443,3.75,1.62
2018.02.09 20:13:36.444,0.74412,0.74426,1.37,1.00
2018.02.09 20:13:36.597,0.74407,0.74422,1.37,1.00
2018.02.09 20:13:36.905,0.7441,0.74426,1.37,1.12
2018.02.09 20:13:37.448,0.7441,0.74425,1.37,1.12
2018.02.09 20:13:37.980,0.74408,0.74425,1.87,1.37
2018.02.09 20:13:38.408,0.7441,0.74426,1.87,1.00
2018.02.09 20:13:38.568,0.74411,0.74428,1.37,2.06
2018.02.09 20:13:38.670,0.74414,0.74431,1.87,1.50
2018.02.09 20:13:39.205,0.74415,0.7443,1.37,1.00
2018.02.09 20:13:39.408,0.74414,0.74428,1.37,1.00
2018.02.09 20:13:39.566,0.7441,0.74426,2.25,1.00
2018.02.09 20:13:39.617,0.7441,0.74427,1.37,1.37
2018.02.09 20:13:39.719,0.74413,0.74428,1.00,1.37
2018.02.09 20:13:40.537,0.74412,0.74427,1.12,1.00
2018.02.09 20:13:41.262,0.74412,0.74427,1.37,1.00
2018.02.09 20:13:41.846,0.74412,0.74429,1.87,1.50
2018.02.09 20:13:41.897,0.74414,0.74431,1.87,1.12
2018.02.09 20:13:44.097,0.74418,0.74434,1.50,1.37
2018.02.09 20:13:44.614,0.74415,0.74431,2.62,1.37
2018.02.09 20:13:46.521,0.74414,0.74432,1.37,1.37
2018.02.09 20:13:47.383,0.74418,0.74436,1.87,3.19
2018.02.09 20:13:47.434,0.7442,0.74438,1.12,2.06
2018.02.09 20:13:47.485,0.7442,0.74434,1.12,1.00
2018.02.09 20:13:47.636,0.74418,0.74433,1.12,1.00
2018.02.09 20:13:48.873,0.74418,0.74433,1.37,1.00
2018.02.09 20:13:48.975,0.74418,0.74434,1.37,1.00
2018.02.09 20:13:49.084,0.74418,0.74434,1.12,1.37
2018.02.09 20:13:49.587,0.74417,0.74433,1.00,1.12
2018.02.09 20:13:50.191,0.74416,0.74433,1.87,1.37
2018.02.09 20:13:50.242,0.74415,0.74429,1.37,1.00
2018.02.09 20:13:50.293,0.74414,0.7443,1.12,1.87
2018.02.09 20:13:50.394,0.74412,0.74427,1.00,1.37
2018.02.09 20:13:50.942,0.74412,0.74427,1.12,1.37
2018.02.09 20:13:51.583,0.74412,0.74429,1.12,1.87
2018.02.09 20:13:52.203,0.74412,0.74427,1.12,1.37
2018.02.09 20:13:52.549,0.74414,0.7443,1.12,1.87
2018.02.09 20:13:53.189,0.74415,0.7443,1.00,1.37
2018.02.09 20:13:53.290,0.74411,0.74427,1.37,1.37
2018.02.09 20:13:53.526,0.74414,0.7443,1.12,1.37
2018.02.09 20:13:54.078,0.74415,0.7443,1.00,1.37
2018.02.09 20:13:54.287,0.74415,0.74432,1.37,1.87
2018.02.09 20:13:54.498,0.74415,0.74432,1.12,1.87
2018.02.09 20:13:55.013,0.74414,0.7443,1.12,1.12
2018.02.09 20:13:55.957,0.74413,0.74431,1.12,3.75
2018.02.09 20:13:56.261,0.74411,0.74427,1.00,1.37
2018.02.09 20:13:57.030,0.7441,0.74427,1.12,1.87
2018.02.09 20:13:57.567,0.74412,0.74428,1.12,1.87
2018.02.09 20:13:57.820,0.74413,0.74429,1.12,1.87
2018.02.09 20:13:58.053,0.74417,0.74432,1.00,1.87
2018.02.09 20:13:58.104,0.74417,0.74432,1.87,1.00
2018.02.09 20:13:58.155,0.74417,0.74434,1.87,1.00
2018.02.09 20:13:58.693,0.74417,0.74434,1.37,1.37
2018.02.09 20:13:59.204,0.74416,0.74433,1.12,1.87
2018.02.09 20:13:59.750,0.74416,0.74433,1.37,1.87
2018.02.09 20:14:00.271,0.74419,0.74435,1.12,1.37
2018.02.09 20:14:00.322,0.74419,0.74437,1.37,1.87
2018.02.09 20:14:00.625,0.74422,0.74439,1.37,1.87
2018.02.09 20:14:01.098,0.74421,0.74438,1.87,1.37
2018.02.09 20:14:01.149,0.74421,0.74438,1.87,1.37
2018.02.09 20:14:01.637,0.74425,0.74439,1.00,1.37
2018.02.09 20:14:01.687,0.74421,0.74437,1.12,1.87
2018.02.09 20:14:01.788,0.74423,0.74439,1.37,1.37
2018.02.09 20:14:02.133,0.74421,0.74437,1.00,1.87
2018.02.09 20:14:02.555,0.74418,0.74434,1.87,1.12
2018.02.09 20:14:03.102,0.7442,0.74436,1.00,1.87
2018.02.09 20:14:03.630,0.74417,0.74433,1.37,1.37
2018.02.09 20:14:04.492,0.74416,0.74433,1.50,3.00
2018.02.09 20:14:04.965,0.74413,0.74429,2.06,1.37
2018.02.09 20:14:05.314,0.74412,0.74428,1.12,1.37
2018.02.09 20:14:05.877,0.74411,0.74427,1.00,1.37
2018.02.09 20:14:06.202,0.74406,0.74422,1.00,1.37
2018.02.09 20:14:06.763,0.74406,0.74423,1.12,1.37
2018.02.09 20:14:07.524,0.74407,0.74422,1.00,1.37
2018.02.09 20:14:07.886,0.74409,0.74425,1.00,2.25
2018.02.09 20:14:07.938,0.74409,0.74426,1.37,1.37
2018.02.09 20:14:08.734,0.74409,0.74426,1.12,1.37
2018.02.09 20:14:09.059,0.74411,0.74425,1.00,1.12
2018.02.09 20:14:09.635,0.74413,0.74425,1.00,1.12
2018.02.09 20:14:10.493,0.74412,0.74425,1.00,1.37
2018.02.09 20:14:11.335,0.74411,0.74425,1.00,1.37
2018.02.09 20:14:11.648,0.7441,0.74424,1.00,1.37
2018.02.09 20:14:12.713,0.7441,0.74424,1.00,1.37
2018.02.09 20:14:13.021,0.74411,0.74426,1.00,1.37
2018.02.09 20:14:13.072,0.7441,0.74424,1.00,1.37
2018.02.09 20:14:13.313,0.74408,0.74424,1.00,1.37
2018.02.09 20:14:13.994,0.74409,0.74424,1.00,2.62
2018.02.09 20:14:14.045,0.74407,0.74423,1.00,1.37
2018.02.09 20:14:14.392,0.74405,0.74419,1.00,1.12
2018.02.09 20:14:14.443,0.74405,0.74419,1.00,1.37
2018.02.09 20:14:14.544,0.74406,0.74419,1.00,1.12
2018.02.09 20:14:14.680,0.74408,0.74422,1.00,3.00
2018.02.09 20:14:15.224,0.74409,0.74423,1.00,1.37
2018.02.09 20:14:16.253,0.74406,0.74423,1.12,1.37
2018.02.09 20:14:16.824,0.74406,0.74423,1.12,1.37
2018.02.09 20:14:16.874,0.74408,0.74423,1.00,1.37
2018.02.09 20:14:17.500,0.74409,0.74423,1.00,1.37
2018.02.09 20:14:18.031,0.7441,0.74426,1.00,3.00
2018.02.09 20:14:18.132,0.74408,0.74423,1.00,1.37
2018.02.09 20:14:18.284,0.74408,0.74423,1.00,1.37
2018.02.09 20:14:18.485,0.74408,0.74423,1.00,1.37
2018.02.09 20:14:19.429,0.74409,0.74423,1.00,1.37
2018.02.09 20:14:19.583,0.7441,0.74426,1.00,1.37
2018.02.09 20:14:20.084,0.7441,0.74426,1.00,1.12
2018.02.09 20:14:20.386,0.74413,0.74428,1.00,1.37
2018.02.09 20:14:20.539,0.74412,0.74429,1.12,2.62
2018.02.09 20:14:20.687,0.74412,0.74429,1.12,2.62
2018.02.09 20:14:20.788,0.74409,0.74425,1.12,1.37
2018.02.09 20:14:21.149,0.74408,0.74426,3.75,1.12
2018.02.09 20:14:21.250,0.74411,0.74428,1.37,1.87
2018.02.09 20:14:21.452,0.74412,0.74428,1.12,1.37
2018.02.09 20:14:22.406,0.74413,0.74429,1.00,1.37
2018.02.09 20:14:23.393,0.74413,0.7443,1.12,1.87
2018.02.09 20:14:23.811,0.74413,0.7443,1.12,1.87
2018.02.09 20:14:23.912,0.74415,0.7443,1.00,1.37
2018.02.09 20:14:24.442,0.74414,0.74432,1.87,1.37
2018.02.09 20:14:24.762,0.74413,0.7443,1.37,2.62
2018.02.09 20:14:24.863,0.74413,0.74428,1.12,1.37
2018.02.09 20:14:27.264,0.74413,0.74429,1.00,1.37
2018.02.09 20:14:27.366,0.7441,0.74427,1.12,1.87
2018.02.09 20:14:27.468,0.74408,0.74425,1.12,2.62
2018.02.09 20:14:27.651,0.74408,0.74425,1.00,2.62
2018.02.09 20:14:28.063,0.74408,0.74425,1.37,1.87
2018.02.09 20:14:28.361,0.74408,0.74425,1.12,1.87
2018.02.09 20:14:28.462,0.74408,0.74425,1.37,1.87
2018.02.09 20:14:28.600,0.74408,0.74425,1.12,1.87
2018.02.09 20:14:28.885,0.74408,0.74424,1.37,1.12
2018.02.09 20:14:29.003,0.74408,0.74424,1.00,1.12
2018.02.09 20:14:29.533,0.74407,0.74424,1.87,1.12
2018.02.09 20:14:29.989,0.74407,0.74424,1.87,1.37
2018.02.09 20:14:30.545,0.74407,0.74424,1.87,1.37
2018.02.09 20:14:30.902,0.74411,0.74428,1.00,3.00
2018.02.09 20:14:30.953,0.74411,0.74428,1.37,1.37
2018.02.09 20:14:31.361,0.74412,0.74429,1.00,1.37
2018.02.09 20:14:31.412,0.74415,0.7443,1.00,1.37
2018.02.09 20:14:31.514,0.74413,0.7443,1.87,1.87
2018.02.09 20:14:31.673,0.74417,0.74432,1.00,1.37
2018.02.09 20:14:31.995,0.74422,0.74438,1.00,1.87
2018.02.09 20:14:32.147,0.74423,0.7444,1.37,3.56
2018.02.09 20:14:32.401,0.74426,0.74442,1.00,1.87
2018.02.09 20:14:32.452,0.74426,0.74442,1.37,1.87
2018.02.09 20:14:32.994,0.74428,0.74445,1.12,1.37
2018.02.09 20:14:33.582,0.74425,0.74442,1.37,1.37
2018.02.09 20:14:33.974,0.74425,0.74442,1.12,1.37
2018.02.09 20:14:34.075,0.74422,0.74439,2.62,1.37
2018.02.09 20:14:34.653,0.74425,0.74443,1.87,3.75
2018.02.09 20:14:34.754,0.74425,0.74443,1.87,1.87
2018.02.09 20:14:34.855,0.74425,0.74441,1.12,1.37
2018.02.09 20:14:35.183,0.74424,0.74441,1.12,1.12
2018.02.09 20:14:35.568,0.74425,0.74442,1.00,3.75
2018.02.09 20:14:36.098,0.74421,0.74438,2.06,1.37
2018.02.09 20:14:36.855,0.74424,0.74439,1.12,1.37
2018.02.09 20:14:36.956,0.74424,0.7444,1.12,1.12
2018.02.09 20:14:37.178,0.74425,0.74441,1.87,1.00
2018.02.09 20:14:37.721,0.74425,0.74443,1.37,2.81
2018.02.09 20:14:38.374,0.74427,0.74443,1.37,1.87
2018.02.09 20:14:39.106,0.74425,0.74443,2.06,1.00
2018.02.09 20:14:39.668,0.74426,0.74444,1.37,1.87
2018.02.09 20:14:40.002,0.74427,0.74443,1.37,1.37
2018.02.09 20:14:40.491,0.74426,0.74442,1.00,1.87
2018.02.09 20:14:41.732,0.74426,0.74441,1.00,1.12
2018.02.09 20:14:42.826,0.74425,0.74441,1.12,1.37
2018.02.09 20:14:43.105,0.74425,0.74441,1.00,1.87
2018.02.09 20:14:43.559,0.74425,0.74441,1.12,1.37
2018.02.09 20:14:44.093,0.74425,0.74442,1.37,1.87
2018.02.09 20:14:46.411,0.74424,0.74441,1.87,1.37
2018.02.09 20:14:46.712,0.74419,0.74437,2.06,1.37
2018.02.09 20:14:47.312,0.7442,0.74436,1.12,1.37
2018.02.09 20:14:48.053,0.7442,0.74436,1.37,1.37
2018.02.09 20:14:48.256,0.74418,0.74437,1.37,3.75
2018.02.09 20:14:48.357,0.74421,0.74439,1.12,6.19
2018.02.09 20:14:48.512,0.7442,0.74439,1.87,2.62
2018.02.09 20:14:48.990,0.74422,0.74439,1.87,1.87
2018.02.09 20:14:49.655,0.74422,0.74439,1.37,1.37
2018.02.09 20:14:50.128,0.74422,0.7444,1.87,1.12
2018.02.09 20:14:50.189,0.74422,0.7444,1.87,1.37
2018.02.09 20:14:50.702,0.74427,0.74441,1.00,1.37
2018.02.09 20:14:50.819,0.74427,0.74444,1.37,2.62
2018.02.09 20:14:51.098,0.74426,0.74444,1.00,2.62
2018.02.09 20:14:51.651,0.74427,0.74444,1.12,2.62
2018.02.09 20:14:51.752,0.74429,0.74444,1.00,1.87
2018.02.09 20:14:52.272,0.74428,0.74444,1.00,1.87
2018.02.09 20:14:52.374,0.74428,0.74444,1.00,1.37
2018.02.09 20:14:53.132,0.74426,0.74444,2.06,1.87
2018.02.09 20:14:53.268,0.74426,0.74444,2.06,1.87
2018.02.09 20:14:53.588,0.7443,0.74446,1.00,1.87
2018.02.09 20:14:54.075,0.74431,0.74446,1.12,1.37
2018.02.09 20:14:54.604,0.74432,0.74446,1.00,1.37
2018.02.09 20:14:55.081,0.74432,0.74449,1.37,1.87
2018.02.09 20:14:55.132,0.74434,0.7445,1.37,1.37
2018.02.09 20:14:55.445,0.74438,0.74453,1.37,1.12
2018.02.09 20:14:55.628,0.74436,0.74453,1.12,1.87
2018.02.09 20:14:56.156,0.74435,0.74452,1.37,1.37
2018.02.09 20:14:58.437,0.74436,0.74452,1.12,1.87
2018.02.09 20:15:00.156,0.74439,0.74454,1.00,1.37
2018.02.09 20:15:00.206,0.74439,0.74455,1.12,1.87
2018.02.09 20:15:00.358,0.74438,0.74454,1.31,1.37
2018.02.09 20:15:01.034,0.74436,0.74454,1.87,1.37
2018.02.09 20:15:01.339,0.74438,0.74454,1.62,1.37
2018.02.09 20:15:01.654,0.74434,0.74451,1.87,2.62
2018.02.09 20:15:02.155,0.74434,0.74451,1.56,1.37
2018.02.09 20:15:02.362,0.74437,0.74452,1.00,1.37
2018.02.09 20:15:02.565,0.74437,0.74454,1.37,1.87
2018.02.09 20:15:03.200,0.74436,0.74453,1.87,1.37
2018.02.09 20:15:03.974,0.74436,0.74453,1.87,1.37
2018.02.09 20:15:04.508,0.74435,0.74451,1.37,1.12
2018.02.09 20:15:04.789,0.74438,0.74455,1.37,2.06
2018.02.09 20:15:05.156,0.74438,0.74455,1.00,3.94
2018.02.09 20:15:05.706,0.74437,0.74453,1.12,1.37
2018.02.09 20:15:06.273,0.74437,0.74454,1.37,1.87
2018.02.09 20:15:06.425,0.74438,0.74455,1.87,1.12
2018.02.09 20:15:06.636,0.74438,0.74455,1.87,1.37
2018.02.09 20:15:06.974,0.74434,0.74452,2.06,1.87
2018.02.09 20:15:07.033,0.74434,0.74452,2.06,1.87
2018.02.09 20:15:07.601,0.74436,0.74452,1.37,1.37
2018.02.09 20:15:07.957,0.74434,0.74451,1.87,1.37
2018.02.09 20:15:08.501,0.74435,0.74452,1.37,1.87
2018.02.09 20:15:09.858,0.74438,0.74452,1.37,1.00
2018.02.09 20:15:10.417,0.74438,0.74455,1.37,1.87
2018.02.09 20:15:10.468,0.74437,0.74454,1.12,1.37
2018.02.09 20:15:10.645,0.74436,0.74452,1.12,1.37
2018.02.09 20:15:11.369,0.74434,0.74451,1.62,1.37
2018.02.09 20:15:12.194,0.74437,0.74451,1.00,1.37
2018.02.09 20:15:12.791,0.74436,0.74452,1.12,1.37
2018.02.09 20:15:16.577,0.74436,0.74452,1.37,1.12
2018.02.09 20:15:17.701,0.74436,0.74454,2.06,1.37
2018.02.09 20:15:18.461,0.74434,0.74451,1.37,1.37
2018.02.09 20:15:18.919,0.74433,0.7445,1.00,1.37
2018.02.09 20:15:19.410,0.74433,0.74449,1.00,2.25
2018.02.09 20:15:20.068,0.74432,0.74448,1.12,1.37
2018.02.09 20:15:20.221,0.7443,0.74445,1.12,1.12
2018.02.09 20:15:20.394,0.74428,0.74445,1.37,1.87
2018.02.09 20:15:20.778,0.74432,0.74447,1.00,1.37
2018.02.09 20:15:21.188,0.74429,0.74447,2.06,1.37
2018.02.09 20:15:21.919,0.7443,0.74445,1.00,1.37
2018.02.09 20:15:22.601,0.7443,0.74447,1.37,1.87
2018.02.09 20:15:23.171,0.7443,0.74447,1.12,1.87
2018.02.09 20:15:23.961,0.74427,0.7444,1.37,1.00
2018.02.09 20:15:24.063,0.74422,0.74439,1.37,1.87
2018.02.09 20:15:24.217,0.74422,0.74439,1.37,1.87
2018.02.09 20:15:24.420,0.74424,0.74441,1.12,2.62
2018.02.09 20:15:25.051,0.74424,0.74441,1.37,1.87
2018.02.09 20:15:25.102,0.74423,0.74441,1.37,1.87
2018.02.09 20:15:25.414,0.74422,0.7444,1.37,1.87
2018.02.09 20:15:26.013,0.74422,0.74439,1.37,1.37
2018.02.09 20:15:26.904,0.74423,0.7444,1.87,1.87
2018.02.09 20:15:27.392,0.74422,0.74439,1.00,1.87
2018.02.09 20:15:27.904,0.74423,0.74439,1.12,1.37
2018.02.09 20:15:28.423,0.74423,0.7444,1.87,1.87
2018.02.09 20:15:28.962,0.74423,0.7444,1.87,1.87
2018.02.09 20:15:29.348,0.74423,0.7444,1.87,1.87
2018.02.09 20:15:30.016,0.74423,0.7444,1.87,1.37
2018.02.09 20:15:31.845,0.74422,0.74439,1.12,1.12
2018.02.09 20:15:32.046,0.74422,0.74439,1.37,1.87
2018.02.09 20:15:32.607,0.74422,0.74439,1.37,1.87
2018.02.09 20:15:32.708,0.74422,0.74439,1.12,1.87
2018.02.09 20:15:33.624,0.74422,0.74439,1.12,1.87
2018.02.09 20:15:33.728,0.7442,0.74437,1.31,1.37
2018.02.09 20:15:34.264,0.7442,0.74437,1.31,1.37
2018.02.09 20:15:34.748,0.74419,0.74436,1.37,2.62
2018.02.09 20:15:35.264,0.74419,0.74436,1.12,2.62
2018.02.09 20:15:35.408,0.74419,0.74436,1.12,2.62
2018.02.09 20:15:36.303,0.74418,0.74435,1.87,1.87
2018.02.09 20:15:36.868,0.74417,0.74434,1.87,1.87
2018.02.09 20:15:37.314,0.74422,0.74436,1.00,2.25
2018.02.09 20:15:37.463,0.74426,0.74442,1.12,1.87
2018.02.09 20:15:37.565,0.74427,0.74443,1.12,1.00
2018.02.09 20:15:37.666,0.74427,0.74444,1.37,1.87
2018.02.09 20:15:38.265,0.7443,0.74447,1.12,2.62
2018.02.09 20:15:38.560,0.74426,0.74442,1.00,1.37
2018.02.09 20:15:38.807,0.74422,0.74439,3.75,1.00
2018.02.09 20:15:38.908,0.7442,0.74436,1.37,1.87
2018.02.09 20:15:39.542,0.74419,0.74436,1.37,1.87
2018.02.09 20:15:41.655,0.74421,0.74436,1.12,1.12
2018.02.09 20:15:42.594,0.74422,0.74437,1.12,1.37
2018.02.09 20:15:42.885,0.74419,0.74435,1.37,1.37
2018.02.09 20:15:43.854,0.74417,0.74433,1.37,1.37
2018.02.09 20:15:44.154,0.74416,0.74431,1.12,1.00
2018.02.09 20:15:44.205,0.74413,0.74429,1.87,1.00
2018.02.09 20:15:44.256,0.74413,0.74429,1.87,1.37
2018.02.09 20:15:44.755,0.74414,0.74431,1.37,1.87
2018.02.09 20:15:45.542,0.74417,0.74433,1.12,1.37
2018.02.09 20:15:45.898,0.74418,0.74433,1.37,1.12
2018.02.09 20:15:46.213,0.74423,0.74439,1.12,1.87
2018.02.09 20:15:47.314,0.74423,0.74439,1.12,1.37
2018.02.09 20:15:47.617,0.74423,0.7444,1.87,1.37
2018.02.09 20:15:49.617,0.74428,0.74445,1.87,1.37
2018.02.09 20:15:50.654,0.74427,0.74444,1.37,1.87
2018.02.09 20:15:50.806,0.74429,0.74444,1.00,1.12
2018.02.09 20:15:51.300,0.74427,0.74444,3.19,1.00
2018.02.09 20:15:52.116,0.7443,0.74446,1.37,1.37
2018.02.09 20:15:52.636,0.7443,0.74447,1.37,1.37
2018.02.09 20:15:54.949,0.7443,0.74447,1.37,1.87
2018.02.09 20:15:55.273,0.74432,0.74449,1.87,1.37
2018.02.09 20:15:55.574,0.74435,0.74452,1.37,1.87
2018.02.09 20:15:56.057,0.74435,0.74452,1.12,1.87
2018.02.09 20:15:56.575,0.74436,0.74452,1.00,1.87
2018.02.09 20:15:57.107,0.74435,0.74452,1.12,1.12
2018.02.09 20:15:57.467,0.74435,0.74452,1.00,3.75
2018.02.09 20:15:57.568,0.7443,0.74447,1.87,1.12
2018.02.09 20:15:59.421,0.7443,0.74447,1.87,1.37
2018.02.09 20:15:59.601,0.74429,0.74446,1.37,1.37
2018.02.09 20:16:00.223,0.74429,0.74447,1.37,2.06
2018.02.09 20:16:00.511,0.74426,0.74443,1.87,1.00
2018.02.09 20:16:01.036,0.74428,0.74443,1.37,1.00
2018.02.09 20:16:01.088,0.7443,0.74446,1.37,1.37
2018.02.09 20:16:01.328,0.74427,0.74444,1.37,1.87
2018.02.09 20:16:01.430,0.74427,0.74443,1.12,1.12
2018.02.09 20:16:02.298,0.74426,0.74443,1.37,1.37
2018.02.09 20:16:02.829,0.74426,0.74443,1.37,1.00
2018.02.09 20:16:03.406,0.74426,0.7444,1.37,1.00
2018.02.09 20:16:03.977,0.74425,0.74441,1.87,1.00
2018.02.09 20:16:04.801,0.74426,0.74443,1.37,1.37
2018.02.09 20:16:05.326,0.7443,0.74445,1.50,2.25
2018.02.09 20:16:05.377,0.7443,0.74446,3.75,1.00
2018.02.09 20:16:05.428,0.74432,0.74448,1.37,1.12
2018.02.09 20:16:05.732,0.74434,0.7445,1.37,1.00
2018.02.09 20:16:06.154,0.74433,0.7445,1.37,1.37
2018.02.09 20:16:06.829,0.74432,0.74449,1.87,1.12
2018.02.09 20:16:07.533,0.74432,0.74449,1.87,1.37
2018.02.09 20:16:07.737,0.74434,0.7445,1.37,1.12
2018.02.09 20:16:08.841,0.74434,0.7445,1.00,1.37
2018.02.09 20:16:09.077,0.74433,0.7445,1.12,3.75
2018.02.09 20:16:09.501,0.74429,0.74446,1.87,1.37
2018.02.09 20:16:09.602,0.74428,0.74445,1.87,1.37
2018.02.09 20:16:09.990,0.74429,0.74445,1.37,1.37
2018.02.09 20:16:10.899,0.74429,0.74445,1.12,1.37
2018.02.09 20:16:11.102,0.74425,0.74441,1.12,1.12
2018.02.09 20:16:11.204,0.74424,0.74441,1.87,1.12
2018.02.09 20:16:11.749,0.74422,0.74439,1.37,1.87
2018.02.09 20:16:12.265,0.74423,0.7444,1.37,2.62
2018.02.09 20:16:12.855,0.74422,0.74438,1.37,1.00
2018.02.09 20:16:13.364,0.74422,0.7444,1.37,2.81
2018.02.09 20:16:13.588,0.74422,0.7444,1.37,2.81
2018.02.09 20:16:14.293,0.74421,0.74437,1.87,1.00
2018.02.09 20:16:14.617,0.74419,0.74435,1.00,1.87
2018.02.09 20:16:15.465,0.74418,0.74435,1.12,1.87
2018.02.09 20:16:15.908,0.74415,0.74432,1.37,1.37
2018.02.09 20:16:16.530,0.74415,0.74432,1.87,1.37
2018.02.09 20:16:16.902,0.74413,0.74431,2.06,1.37
2018.02.09 20:16:17.200,0.74413,0.74431,2.06,1.37
2018.02.09 20:16:18.315,0.74413,0.74431,1.87,1.37
2018.02.09 20:16:18.426,0.74415,0.74431,1.00,1.37
2018.02.09 20:16:21.137,0.74414,0.74432,1.00,2.62
2018.02.09 20:16:21.898,0.74414,0.74431,1.12,1.37
2018.02.09 20:16:22.177,0.74409,0.74426,1.37,1.87
2018.02.09 20:16:22.228,0.74409,0.74425,1.12,1.12
2018.02.09 20:16:22.949,0.74409,0.74424,1.12,1.00
2018.02.09 20:16:23.492,0.74409,0.74426,1.12,1.87
2018.02.09 20:16:26.005,0.74409,0.74425,1.37,1.37
2018.02.09 20:16:26.675,0.74409,0.74426,1.37,1.87
2018.02.09 20:16:27.245,0.74411,0.74428,1.37,1.37
2018.02.09 20:16:27.349,0.74412,0.74429,1.12,2.62
2018.02.09 20:16:27.450,0.74412,0.74429,1.37,1.87
2018.02.09 20:16:27.754,0.74414,0.74431,1.87,1.12
2018.02.09 20:16:28.431,0.74414,0.7443,1.37,1.12
2018.02.09 20:16:29.341,0.74414,0.74432,1.37,2.06
2018.02.09 20:16:29.971,0.74416,0.74433,1.37,1.37
2018.02.09 20:16:30.171,0.74416,0.74433,1.37,1.12
2018.02.09 20:16:31.176,0.7442,0.74435,1.00,2.25
2018.02.09 20:16:31.226,0.74419,0.74436,1.12,1.37
2018.02.09 20:16:32.650,0.74419,0.74436,1.00,3.75
2018.02.09 20:16:32.752,0.74418,0.74435,1.87,1.37
2018.02.09 20:16:33.278,0.74419,0.74436,1.12,1.87
2018.02.09 20:16:33.329,0.7442,0.74436,1.37,1.12
2018.02.09 20:16:33.610,0.7442,0.74436,1.00,1.12
2018.02.09 20:16:34.459,0.74419,0.74435,1.00,1.37
2018.02.09 20:16:35.152,0.74419,0.74435,1.37,1.37
2018.02.09 20:16:35.658,0.7442,0.74437,1.37,1.87
2018.02.09 20:16:35.811,0.74421,0.74437,1.12,1.12
2018.02.09 20:16:38.546,0.74423,0.74439,1.12,1.37
2018.02.09 20:16:39.157,0.74423,0.7444,1.37,1.87
2018.02.09 20:16:39.748,0.74423,0.74439,1.37,1.12
2018.02.09 20:16:40.667,0.74424,0.74441,1.37,1.87
2018.02.09 20:16:41.011,0.74428,0.74444,1.12,1.37
2018.02.09 20:16:41.556,0.74429,0.74444,1.12,1.00
2018.02.09 20:16:41.929,0.74429,0.74447,1.37,1.37
2018.02.09 20:16:42.335,0.74431,0.74448,1.37,1.37
2018.02.09 20:16:43.706,0.74431,0.74448,1.87,1.37
2018.02.09 20:16:44.632,0.74431,0.74447,1.37,1.37
2018.02.09 20:16:45.356,0.74431,0.74448,1.87,1.37
2018.02.09 20:16:46.888,0.74432,0.74449,1.37,1.87
2018.02.09 20:16:47.084,0.74435,0.74452,1.12,1.37
2018.02.09 20:16:47.237,0.74435,0.74452,1.87,1.12
2018.02.09 20:16:47.339,0.74435,0.74451,1.00,1.87
2018.02.09 20:16:47.868,0.74435,0.74451,1.00,3.75
2018.02.09 20:16:48.020,0.74432,0.7445,2.06,1.37
2018.02.09 20:16:48.575,0.74432,0.7445,2.06,1.37
2018.02.09 20:16:52.561,0.74432,0.7445,1.12,2.06
2018.02.09 20:16:52.885,0.74432,0.7445,1.12,3.94
2018.02.09 20:16:54.172,0.74431,0.74448,1.12,1.37
2018.02.09 20:16:54.734,0.74431,0.74448,1.37,1.87
2018.02.09 20:16:55.237,0.74433,0.74448,1.12,1.37
2018.02.09 20:16:55.564,0.74436,0.74452,1.37,1.37
2018.02.09 20:16:57.898,0.74434,0.74452,2.06,1.87
2018.02.09 20:16:58.707,0.74434,0.74449,1.12,1.00
2018.02.09 20:16:59.209,0.74435,0.74452,1.12,1.87
2018.02.09 20:16:59.278,0.74435,0.74452,1.37,1.87
2018.02.09 20:16:59.673,0.74439,0.74454,1.00,2.25
2018.02.09 20:16:59.776,0.7444,0.74457,1.37,1.37
2018.02.09 20:16:59.877,0.74444,0.74459,1.00,2.25
2018.02.09 20:16:59.979,0.74444,0.7446,1.37,1.37
2018.02.09 20:17:00.350,0.74446,0.74463,1.37,1.37
2018.02.09 20:17:00.451,0.74448,0.74465,1.00,1.37
2018.02.09 20:17:01.016,0.74446,0.74464,2.06,1.37
2018.02.09 20:17:01.168,0.74444,0.7446,1.37,1.12
2018.02.09 20:17:02.048,0.74444,0.74461,1.87,1.12
2018.02.09 20:17:02.585,0.74444,0.74461,1.87,1.37
2018.02.09 20:17:02.911,0.74438,0.74454,3.00,1.00
2018.02.09 20:17:02.962,0.74438,0.74454,1.12,1.37
2018.02.09 20:17:03.064,0.74435,0.74452,1.37,1.87
2018.02.09 20:17:03.115,0.74435,0.74452,1.12,1.87
2018.02.09 20:17:03.964,0.74437,0.74452,1.00,1.37
2018.02.09 20:17:04.535,0.74436,0.74453,1.12,1.37
2018.02.09 20:17:05.974,0.74436,0.74453,1.12,1.37
2018.02.09 20:17:06.506,0.74439,0.74454,1.00,1.37
2018.02.09 20:17:07.149,0.7444,0.74455,1.00,1.37
2018.02.09 20:17:07.717,0.7444,0.74455,1.00,1.12
2018.02.09 20:17:07.821,0.74441,0.74457,1.12,1.12
2018.02.09 20:17:08.118,0.74441,0.74457,1.12,1.37
2018.02.09 20:17:08.512,0.74445,0.7446,1.00,3.00
2018.02.09 20:17:08.562,0.74445,0.7446,1.00,1.37
2018.02.09 20:17:09.488,0.74445,0.74462,1.37,1.87
2018.02.09 20:17:10.108,0.74444,0.7446,1.37,1.37
2018.02.09 20:17:10.159,0.74439,0.74455,2.25,1.00
2018.02.09 20:17:10.210,0.74437,0.74453,1.37,1.37
2018.02.09 20:17:10.515,0.74439,0.74455,1.00,1.12
2018.02.09 20:17:11.020,0.74439,0.74455,1.37,1.37
2018.02.09 20:17:11.172,0.74437,0.74453,1.12,1.12
2018.02.09 20:17:11.345,0.74437,0.74454,1.37,1.37
2018.02.09 20:17:11.537,0.74439,0.74455,1.00,1.12
2018.02.09 20:17:11.689,0.7444,0.74457,1.37,1.87
2018.02.09 20:17:12.475,0.74441,0.74458,1.37,1.87
2018.02.09 20:17:13.014,0.74441,0.74458,1.37,1.87
2018.02.09 20:17:14.488,0.74441,0.74458,1.12,1.87
2018.02.09 20:17:14.539,0.74439,0.74456,1.62,1.00
2018.02.09 20:17:14.899,0.74439,0.74456,1.62,1.37
2018.02.09 20:17:15.419,0.74441,0.74456,1.00,1.37
2018.02.09 20:17:15.571,0.74444,0.7446,1.37,1.37
2018.02.09 20:17:16.198,0.74444,0.74461,1.12,1.87
2018.02.09 20:17:17.060,0.74443,0.7446,1.12,1.87
2018.02.09 20:17:17.718,0.74441,0.74459,1.37,1.37
2018.02.09 20:17:17.846,0.74442,0.74459,1.12,1.87
2018.02.09 20:17:18.394,0.74442,0.74458,1.12,1.37
2018.02.09 20:17:19.225,0.74443,0.74459,1.12,1.37
2018.02.09 20:17:19.418,0.74443,0.74459,1.37,1.12
2018.02.09 20:17:19.520,0.74443,0.74459,1.00,1.37
2018.02.09 20:17:22.058,0.74443,0.74459,1.37,1.37
2018.02.09 20:17:22.160,0.74443,0.74459,1.00,1.87
2018.02.09 20:17:22.579,0.74443,0.74459,1.12,1.87
2018.02.09 20:17:22.630,0.74444,0.7446,1.37,1.37
2018.02.09 20:17:23.019,0.74443,0.74459,1.12,1.37
2018.02.09 20:17:23.447,0.74441,0.74457,1.37,1.37
2018.02.09 20:17:23.502,0.7444,0.74457,1.12,1.87
2018.02.09 20:17:23.738,0.74442,0.74457,1.00,1.37
2018.02.09 20:17:24.353,0.74442,0.74458,1.12,1.87
2018.02.09 20:17:24.951,0.74442,0.74457,1.00,1.37
2018.02.09 20:17:25.471,0.74442,0.74457,1.12,1.37
2018.02.09 20:17:25.992,0.74443,0.74458,1.00,1.37
2018.02.09 20:17:26.711,0.74442,0.74458,1.12,1.37
2018.02.09 20:17:27.035,0.74444,0.74458,1.00,1.12
2018.02.09 20:17:27.748,0.74442,0.74458,1.12,1.37
2018.02.09 20:17:28.647,0.74446,0.74458,1.00,1.12
2018.02.09 20:17:28.749,0.74447,0.74463,1.00,1.87
2018.02.09 20:17:29.335,0.74447,0.74464,1.12,1.87
2018.02.09 20:17:29.883,0.74447,0.74463,1.12,1.87
2018.02.09 20:17:30.615,0.74447,0.74463,1.12,1.37
2018.02.09 20:17:31.284,0.74447,0.74463,1.12,1.37
2018.02.09 20:17:31.781,0.74449,0.74465,1.00,1.37
2018.02.09 20:17:31.832,0.74451,0.74467,1.37,1.37
2018.02.09 20:17:32.532,0.7445,0.74466,1.87,1.37
2018.02.09 20:17:33.323,0.7445,0.74466,1.37,1.37
2018.02.09 20:17:34.251,0.74448,0.74464,1.87,1.12
2018.02.09 20:17:34.352,0.74445,0.74463,2.06,1.12
2018.02.09 20:17:35.184,0.74445,0.74463,2.06,1.37
2018.02.09 20:17:35.703,0.74447,0.74463,1.00,1.87
2018.02.09 20:17:36.742,0.74447,0.74463,1.37,1.37
2018.02.09 20:17:36.894,0.7445,0.74465,1.00,1.37
2018.02.09 20:17:37.061,0.74451,0.74468,1.37,1.37
2018.02.09 20:17:37.111,0.74457,0.74469,1.00,1.37
2018.02.09 20:17:37.330,0.74455,0.74471,1.12,1.37
2018.02.09 20:17:37.615,0.74454,0.74472,1.87,1.12
2018.02.09 20:17:37.786,0.74456,0.74473,1.37,1.37
2018.02.09 20:17:38.727,0.74456,0.74473,1.37,1.37
2018.02.09 20:17:40.545,0.74456,0.74472,1.00,1.37
2018.02.09 20:17:41.079,0.74455,0.74471,1.37,1.87
2018.02.09 20:17:42.067,0.74452,0.74468,2.25,1.50
2018.02.09 20:17:42.168,0.7445,0.74467,1.87,1.37
2018.02.09 20:17:42.571,0.74447,0.74463,1.00,1.87
2018.02.09 20:17:42.820,0.74447,0.74463,1.87,1.12
2018.02.09 20:17:43.670,0.74447,0.74464,1.37,1.37
2018.02.09 20:17:44.169,0.74446,0.74461,1.37,1.00
2018.02.09 20:17:44.516,0.74443,0.74458,2.25,1.00
2018.02.09 20:17:44.567,0.74442,0.74458,1.87,1.12
2018.02.09 20:17:44.669,0.74443,0.7446,1.12,2.06
2018.02.09 20:17:44.821,0.74442,0.74458,1.61,1.00
2018.02.09 20:17:45.086,0.74438,0.74455,1.12,1.37
2018.02.09 20:17:45.557,0.74438,0.74453,1.23,1.37
2018.02.09 20:17:45.626,0.74438,0.74455,1.30,1.87
2018.02.09 20:17:45.874,0.74442,0.74456,1.00,1.37
2018.02.09 20:17:45.975,0.74444,0.7446,1.00,1.37
2018.02.09 20:17:46.165,0.74447,0.74462,1.00,3.00
2018.02.09 20:17:46.266,0.74448,0.74463,1.00,1.37
2018.02.09 20:17:46.962,0.74448,0.74464,1.12,1.87
2018.02.09 20:17:47.510,0.74449,0.74464,1.00,1.37
2018.02.09 20:17:48.215,0.74448,0.74464,1.30,1.37
2018.02.09 20:17:49.975,0.74448,0.74463,1.12,1.00
2018.02.09 20:17:50.223,0.74449,0.74465,1.37,1.87
2018.02.09 20:17:50.819,0.74449,0.74465,1.00,1.37
2018.02.09 20:17:51.547,0.74449,0.74465,1.00,1.87
2018.02.09 20:17:51.956,0.74445,0.74461,1.37,1.37
2018.02.09 20:17:52.210,0.74444,0.74461,1.30,1.37
2018.02.09 20:17:52.261,0.74446,0.74463,1.87,1.37
2018.02.09 20:17:52.362,0.74446,0.74464,2.05,1.37
2018.02.09 20:17:52.907,0.74446,0.74464,2.05,1.37
2018.02.09 20:17:57.158,0.74447,0.74464,1.37,1.12
2018.02.09 20:17:57.260,0.74451,0.74467,1.00,1.37
2018.02.09 20:17:57.311,0.74451,0.74467,1.12,1.37
2018.02.09 20:17:57.984,0.74451,0.74467,1.00,1.87
2018.02.09 20:17:59.090,0.74451,0.74467,1.37,1.87
2018.02.09 20:18:01.661,0.74451,0.74466,1.37,1.00
2018.02.09 20:18:01.712,0.74449,0.74464,2.25,1.00
2018.02.09 20:18:01.903,0.74447,0.74463,1.37,1.12
2018.02.09 20:18:02.522,0.74447,0.74463,1.37,1.37
2018.02.09 20:18:03.065,0.74447,0.74463,1.37,1.12
2018.02.09 20:18:06.857,0.7445,0.74467,1.12,1.87
2018.02.09 20:18:07.198,0.74447,0.74465,1.12,3.94
2018.02.09 20:18:07.711,0.74447,0.74463,1.12,1.37
2018.02.09 20:18:09.847,0.74444,0.74459,1.37,1.00
2018.02.09 20:18:10.101,0.74441,0.74457,1.00,1.12
2018.02.09 20:18:10.317,0.74441,0.74457,1.37,1.12
2018.02.09 20:18:10.919,0.74441,0.74459,1.87,1.87
2018.02.09 20:18:11.587,0.74443,0.74459,1.12,1.37
2018.02.09 20:18:11.645,0.74443,0.74459,1.00,1.12
2018.02.09 20:18:11.768,0.74443,0.7446,1.12,2.62
2018.02.09 20:18:11.845,0.74443,0.7446,1.00,2.62
2018.02.09 20:18:12.568,0.74442,0.74459,1.12,1.12
2018.02.09 20:18:13.378,0.74442,0.74459,1.37,1.37
2018.02.09 20:18:13.500,0.74441,0.74458,1.87,1.37
2018.02.09 20:18:13.644,0.74441,0.74457,1.87,1.37
2018.02.09 20:18:14.165,0.74442,0.74457,1.00,1.37
2018.02.09 20:18:14.281,0.74442,0.74457,1.12,1.12
2018.02.09 20:18:14.890,0.74442,0.74458,1.12,1.12
2018.02.09 20:18:16.085,0.74441,0.74458,1.62,1.37
2018.02.09 20:18:16.303,0.74441,0.74458,3.00,1.00
2018.02.09 20:18:17.325,0.74442,0.7446,1.37,1.37
2018.02.09 20:18:19.989,0.74442,0.74458,1.87,1.00
2018.02.09 20:18:20.039,0.74442,0.74458,1.37,1.12
2018.02.09 20:18:20.419,0.74443,0.7446,1.37,1.62
2018.02.09 20:18:20.835,0.74443,0.74458,1.12,1.00
2018.02.09 20:18:21.747,0.74443,0.74458,1.37,1.00
2018.02.09 20:18:21.852,0.74443,0.7446,1.37,1.12
2018.02.09 20:18:21.903,0.74445,0.7446,1.37,1.00
2018.02.09 20:18:22.086,0.74443,0.7446,1.37,1.12
2018.02.09 20:18:22.627,0.74444,0.7446,1.37,1.00
2018.02.09 20:18:28.360,0.74445,0.7446,1.37,1.00
2018.02.09 20:18:28.993,0.74445,0.7446,1.37,1.00
2018.02.09 20:18:29.777,0.74445,0.74461,1.37,1.12
2018.02.09 20:18:30.502,0.74445,0.74461,1.37,1.12
2018.02.09 20:18:30.603,0.74445,0.74458,1.12,1.00
2018.02.09 20:18:30.908,0.74443,0.74458,1.12,1.00
2018.02.09 20:18:31.784,0.74443,0.74458,1.37,1.00
2018.02.09 20:18:32.448,0.74442,0.74458,3.00,1.00
2018.02.09 20:18:32.646,0.74442,0.7446,3.75,1.12
2018.02.09 20:18:32.697,0.74442,0.74457,3.00,1.00
2018.02.09 20:18:32.748,0.74442,0.74457,1.37,1.00
2018.02.09 20:18:32.849,0.7444,0.74455,1.87,1.00
2018.02.09 20:18:33.029,0.74439,0.74455,1.87,1.00
2018.02.09 20:18:33.552,0.74438,0.74455,1.87,1.12
2018.02.09 20:18:34.460,0.74439,0.74454,1.12,1.37
2018.02.09 20:18:35.056,0.74437,0.74453,1.37,1.12
2018.02.09 20:18:35.602,0.74437,0.74453,1.37,1.12
2018.02.09 20:18:36.865,0.74437,0.74453,3.00,1.00
2018.02.09 20:18:37.016,0.74439,0.74456,1.87,1.12
2018.02.09 20:18:37.693,0.74439,0.74456,1.87,1.37
2018.02.09 20:18:38.206,0.74438,0.74455,1.87,1.37
2018.02.09 20:18:38.422,0.74439,0.74455,1.37,1.25
2018.02.09 20:18:39.468,0.7444,0.74456,1.37,1.12
2018.02.09 20:18:41.222,0.7444,0.74456,1.37,1.00
2018.02.09 20:18:41.749,0.74441,0.74457,1.37,1.12
2018.02.09 20:18:42.047,0.74443,0.7446,1.12,1.87
2018.02.09 20:18:42.150,0.74444,0.74461,1.87,1.37
2018.02.09 20:18:43.565,0.74445,0.74462,1.87,1.37
2018.02.09 20:18:44.070,0.74445,0.74462,1.87,1.12
2018.02.09 20:18:44.668,0.74447,0.74463,1.87,1.12
2018.02.09 20:18:45.323,0.74447,0.74463,1.37,1.12
2018.02.09 20:18:45.425,0.74445,0.74462,1.87,1.00
2018.02.09 20:18:45.531,0.74444,0.74461,1.37,1.37
2018.02.09 20:18:46.383,0.74443,0.7446,1.37,1.37
2018.02.09 20:18:47.923,0.74442,0.74458,2.06,1.00
2018.02.09 20:18:48.142,0.7444,0.74456,1.87,1.00
2018.02.09 20:18:48.359,0.7444,0.74456,1.37,1.00
2018.02.09 20:18:48.904,0.74441,0.74459,1.37,2.06
2018.02.09 20:18:49.217,0.74444,0.7446,1.87,1.00
2018.02.09 20:18:49.832,0.74445,0.74461,1.12,1.12
2018.02.09 20:18:50.496,0.74446,0.74462,1.12,1.00
2018.02.09 20:18:51.045,0.74445,0.74461,1.87,1.37
2018.02.09 20:18:51.631,0.74444,0.74459,1.37,1.12
2018.02.09 20:18:52.147,0.74442,0.74459,1.87,1.37
2018.02.09 20:18:53.055,0.74441,0.74457,1.87,1.00
2018.02.09 20:18:53.658,0.74442,0.74458,1.37,1.12
2018.02.09 20:18:54.741,0.74442,0.74459,1.37,1.12
2018.02.09 20:18:55.408,0.74442,0.74459,1.37,1.37
2018.02.09 20:18:55.961,0.74443,0.74459,1.37,1.12
2018.02.09 20:18:57.613,0.74443,0.74459,1.37,1.00
2018.02.09 20:18:57.665,0.74444,0.74462,1.87,1.37
2018.02.09 20:18:57.718,0.74447,0.74465,1.00,4.50
2018.02.09 20:18:57.769,0.74448,0.74466,1.37,1.87
2018.02.09 20:18:58.289,0.74448,0.74463,1.37,1.00
2018.02.09 20:18:58.838,0.74449,0.74465,1.12,1.37
2018.02.09 20:18:59.292,0.74449,0.74466,1.87,1.12
2018.02.09 20:18:59.636,0.74449,0.74466,1.87,1.37
2018.02.09 20:19:00.659,0.74447,0.74463,1.12,1.00
2018.02.09 20:19:01.445,0.74448,0.74464,1.37,1.12
2018.02.09 20:19:01.634,0.74447,0.74464,1.37,1.37
2018.02.09 20:19:02.397,0.74448,0.74464,1.37,1.37
2018.02.09 20:19:03.359,0.74448,0.74464,1.87,1.00
2018.02.09 20:19:06.521,0.74447,0.74463,1.87,1.00
2018.02.09 20:19:07.284,0.74448,0.74464,1.37,1.31
2018.02.09 20:19:07.336,0.74448,0.7446,1.37,1.00
2018.02.09 20:19:07.492,0.74443,0.74459,1.87,1.00
2018.02.09 20:19:08.158,0.74443,0.74459,1.87,1.00
2018.02.09 20:19:08.209,0.74446,0.74462,1.37,1.31
2018.02.09 20:19:08.781,0.74445,0.7446,1.37,1.00
2018.02.09 20:19:08.882,0.74443,0.7446,2.62,1.12
2018.02.09 20:19:09.174,0.74448,0.74463,1.00,1.12
2018.02.09 20:19:09.225,0.74448,0.74463,1.37,1.00
2018.02.09 20:19:10.372,0.74448,0.74462,1.37,1.00
2018.02.09 20:19:10.893,0.74447,0.74461,1.37,1.00
2018.02.09 20:19:10.943,0.74447,0.74463,1.37,1.25
2018.02.09 20:19:11.492,0.74447,0.74462,1.37,1.00
2018.02.09 20:19:13.021,0.74447,0.74462,1.12,1.00
2018.02.09 20:19:15.825,0.74447,0.74463,1.12,1.25
2018.02.09 20:19:17.103,0.74447,0.74463,1.37,1.12
2018.02.09 20:19:18.060,0.74451,0.74466,1.00,1.37
2018.02.09 20:19:18.161,0.74458,0.74473,1.37,1.12
2018.02.09 20:19:18.263,0.74458,0.74474,1.37,1.00
2018.02.09 20:19:18.488,0.74461,0.74477,1.37,1.12
2018.02.09 20:19:18.904,0.74458,0.74473,1.87,1.00
2018.02.09 20:19:19.207,0.74456,0.74469,1.37,1.00
2018.02.09 20:19:19.404,0.7445,0.74464,1.50,1.37
2018.02.09 20:19:19.857,0.7445,0.74466,1.12,1.12
2018.02.09 20:19:19.909,0.7445,0.74466,3.00,1.00
2018.02.09 20:19:21.128,0.74452,0.74467,1.37,1.00
2018.02.09 20:19:21.352,0.74457,0.74473,1.37,1.12
2018.02.09 20:19:21.459,0.74459,0.74475,1.37,1.31
2018.02.09 20:19:21.761,0.74458,0.74473,1.37,1.00
2018.02.09 20:19:21.812,0.74458,0.74473,1.37,1.00
2018.02.09 20:19:22.681,0.74458,0.74475,1.37,1.62
2018.02.09 20:19:22.833,0.74458,0.74475,1.87,1.12
2018.02.09 20:19:23.176,0.7446,0.74477,3.00,1.25
2018.02.09 20:19:23.696,0.74462,0.74478,1.37,1.00
2018.02.09 20:19:24.038,0.74465,0.74481,1.12,1.37
2018.02.09 20:19:24.089,0.74465,0.74483,1.37,1.87
2018.02.09 20:19:24.228,0.74466,0.74483,1.37,1.62
2018.02.09 20:19:24.742,0.74466,0.74483,1.37,1.12
2018.02.09 20:19:25.066,0.74465,0.74479,1.37,1.00
2018.02.09 20:19:25.117,0.74463,0.74478,1.87,1.00
2018.02.09 20:19:25.305,0.74463,0.74476,1.37,1.00
2018.02.09 20:19:25.356,0.7446,0.74476,1.37,1.12
2018.02.09 20:19:25.408,0.74458,0.74474,3.75,1.00
2018.02.09 20:19:25.459,0.74458,0.74474,1.87,1.00
2018.02.09 20:19:26.359,0.74459,0.74474,1.37,1.00
2018.02.09 20:19:26.853,0.7446,0.74476,1.37,1.00
2018.02.09 20:19:27.355,0.7446,0.74475,1.37,1.00
2018.02.09 20:19:27.737,0.7446,0.74473,1.12,1.00
2018.02.09 20:19:28.113,0.74454,0.7447,1.37,1.00
2018.02.09 20:19:28.164,0.74456,0.74473,1.37,1.87
2018.02.09 20:19:29.168,0.74457,0.74473,1.37,1.12
2018.02.09 20:19:29.776,0.74458,0.74474,1.12,1.25
2018.02.09 20:19:30.123,0.74465,0.74482,1.87,1.62
2018.02.09 20:19:30.813,0.74466,0.74482,1.87,1.12
2018.02.09 20:19:31.318,0.74468,0.74483,1.37,1.00
2018.02.09 20:19:32.928,0.74468,0.74482,1.37,1.00
2018.02.09 20:19:33.033,0.74464,0.7448,1.37,1.12
2018.02.09 20:19:33.560,0.74464,0.7448,1.37,1.37
2018.02.09 20:19:33.611,0.74464,0.74479,1.37,1.00
2018.02.09 20:19:34.171,0.74464,0.74478,1.37,1.00
2018.02.09 20:19:34.222,0.74464,0.74476,1.37,1.00
2018.02.09 20:19:34.273,0.74461,0.74475,1.00,1.37
2018.02.09 20:19:34.526,0.74461,0.74476,1.12,1.12
2018.02.09 20:19:34.577,0.74461,0.74476,1.37,1.00
2018.02.09 20:19:35.148,0.74462,0.74477,1.37,1.00
2018.02.09 20:19:35.385,0.74462,0.74479,1.37,1.31
2018.02.09 20:19:35.985,0.74462,0.74478,1.37,1.12
2018.02.09 20:19:36.516,0.74463,0.74481,1.87,2.06
2018.02.09 20:19:37.587,0.74463,0.7448,1.87,1.12
2018.02.09 20:19:38.356,0.74462,0.7448,3.75,1.12
2018.02.09 20:19:38.991,0.74463,0.74479,1.37,1.00
2018.02.09 20:19:40.983,0.74463,0.74479,1.37,1.00
2018.02.09 20:19:41.760,0.74463,0.74479,1.37,1.00
2018.02.09 20:19:42.781,0.74461,0.74477,1.37,1.00
2018.02.09 20:19:42.832,0.7446,0.74476,2.62,1.00
2018.02.09 20:19:43.371,0.7446,0.74477,1.37,1.87
2018.02.09 20:19:43.934,0.74459,0.74476,1.87,1.12
2018.02.09 20:19:44.569,0.74461,0.74477,1.00,2.06
2018.02.09 20:19:45.140,0.74459,0.74476,1.87,1.37
2018.02.09 20:19:45.671,0.74459,0.74475,1.87,1.37
2018.02.09 20:19:45.903,0.7446,0.74477,1.00,1.37
2018.02.09 20:19:46.125,0.74458,0.74475,1.37,1.87
2018.02.09 20:19:47.296,0.74459,0.74474,1.37,1.00
2018.02.09 20:19:47.890,0.74459,0.74476,1.87,1.62
2018.02.09 20:19:49.279,0.74461,0.74477,1.37,1.12
2018.02.09 20:19:50.053,0.74462,0.74478,1.37,1.12
2018.02.09 20:19:52.087,0.74462,0.74478,1.12,1.37
2018.02.09 20:19:52.661,0.74461,0.74478,1.37,1.87
2018.02.09 20:19:53.172,0.7446,0.74476,1.12,1.37
2018.02.09 20:19:53.280,0.74462,0.74478,1.12,1.37
2018.02.09 20:19:53.483,0.74462,0.74479,1.87,1.00
2018.02.09 20:19:56.030,0.74465,0.7448,1.00,1.00
2018.02.09 20:19:56.609,0.74465,0.7448,1.37,1.00
2018.02.09 20:19:57.212,0.74464,0.74483,1.87,1.37
2018.02.09 20:19:58.267,0.74465,0.74481,1.12,1.87
2018.02.09 20:19:59.514,0.74465,0.74481,1.37,1.87
2018.02.09 20:20:00.163,0.74465,0.74481,1.87,1.12
2018.02.09 20:20:00.706,0.74466,0.74482,1.37,1.12
2018.02.09 20:20:01.164,0.7447,0.74487,1.37,1.00
2018.02.09 20:20:02.449,0.7447,0.74487,1.87,1.12
2018.02.09 20:20:04.950,0.74471,0.74487,1.37,1.12
2018.02.09 20:20:05.254,0.74486,0.74502,1.37,1.31
2018.02.09 20:20:06.361,0.74484,0.745,1.37,1.00
2018.02.09 20:20:06.761,0.74481,0.74497,1.37,1.12
2018.02.09 20:20:07.521,0.74481,0.74492,1.37,1.00
2018.02.09 20:20:07.622,0.74476,0.74492,1.37,1.12
2018.02.09 20:20:09.034,0.74476,0.74492,1.37,1.37
2018.02.09 20:20:09.989,0.74475,0.74492,1.12,1.12
2018.02.09 20:20:10.712,0.74476,0.74492,1.00,1.12
2018.02.09 20:20:11.246,0.74477,0.74495,1.87,2.06
2018.02.09 20:20:12.120,0.74477,0.74494,1.37,1.12
2018.02.09 20:20:13.608,0.74477,0.74494,1.37,1.37
2018.02.09 20:20:15.020,0.74477,0.74494,1.37,1.12
2018.02.09 20:20:16.144,0.74477,0.74495,1.37,2.06
2018.02.09 20:20:17.618,0.74477,0.74496,1.37,1.87
2018.02.09 20:20:19.564,0.74477,0.74493,1.37,1.00
2018.02.09 20:20:19.870,0.74472,0.74488,1.37,1.12
2018.02.09 20:20:19.923,0.74472,0.74488,1.37,1.00
2018.02.09 20:20:20.494,0.74472,0.74488,1.37,1.00
2018.02.09 20:20:21.150,0.74472,0.74489,1.87,1.00
2018.02.09 20:20:23.852,0.74472,0.74489,3.75,1.00
2018.02.09 20:20:24.353,0.74474,0.7449,1.37,1.12
2018.02.09 20:20:25.740,0.74476,0.74492,1.37,1.12
2018.02.09 20:20:25.888,0.74478,0.74492,1.37,1.00
2018.02.09 20:20:26.332,0.74478,0.74494,1.37,1.25
2018.02.09 20:20:26.383,0.74478,0.74494,1.37,1.00
2018.02.09 20:20:27.394,0.74479,0.74494,1.37,1.12
2018.02.09 20:20:27.756,0.74481,0.74496,1.00,1.12
2018.02.09 20:20:27.807,0.74481,0.74496,1.37,1.00
2018.02.09 20:20:29.795,0.7448,0.74496,1.87,1.12
2018.02.09 20:20:30.202,0.74482,0.74499,1.37,1.31
2018.02.09 20:20:30.425,0.74484,0.74499,1.37,1.25
2018.02.09 20:20:30.632,0.74486,0.74503,1.37,1.31
2018.02.09 20:20:31.917,0.74487,0.74499,1.37,1.00
2018.02.09 20:20:31.967,0.74485,0.74501,2.25,1.00
2018.02.09 20:20:32.018,0.74484,0.74499,1.37,1.00
2018.02.09 20:20:32.734,0.74485,0.74501,1.12,1.31
2018.02.09 20:20:33.069,0.74485,0.74501,1.37,1.00
2018.02.09 20:20:33.646,0.74486,0.74502,1.37,1.31
2018.02.09 20:20:35.144,0.74486,0.74503,1.37,1.12
2018.02.09 20:20:40.987,0.74486,0.745,1.37,1.00
2018.02.09 20:20:41.093,0.74484,0.74499,1.12,1.00
2018.02.09 20:20:41.527,0.74485,0.74502,1.37,1.87
2018.02.09 20:20:41.847,0.74486,0.74502,1.87,1.00
2018.02.09 20:20:44.641,0.74486,0.745,1.37,1.00
2018.02.09 20:20:44.692,0.74484,0.745,1.37,1.12
2018.02.09 20:20:46.956,0.74484,0.745,1.87,1.12
2018.02.09 20:20:49.990,0.74484,0.745,1.87,1.12
2018.02.09 20:20:51.043,0.74484,0.745,1.87,1.37
2018.02.09 20:20:51.635,0.74484,0.745,1.37,1.12
2018.02.09 20:20:56.314,0.74485,0.74501,1.37,1.00
2018.02.09 20:20:56.365,0.74488,0.74504,1.37,1.12
2018.02.09 20:20:56.874,0.74488,0.74504,1.37,1.12
2018.02.09 20:20:56.976,0.74485,0.74502,2.81,1.00
2018.02.09 20:20:57.479,0.74485,0.74502,2.06,1.37
2018.02.09 20:20:57.631,0.74484,0.74501,1.12,1.87
2018.02.09 20:20:58.280,0.74484,0.74501,1.87,1.12
2018.02.09 20:21:00.239,0.74484,0.74501,1.37,1.87
2018.02.09 20:21:01.009,0.74484,0.745,1.00,1.37
2018.02.09 20:21:01.114,0.74481,0.74498,1.87,1.37
2018.02.09 20:21:01.728,0.74481,0.74496,1.37,1.00
2018.02.09 20:21:02.260,0.74481,0.74496,1.37,1.00
2018.02.09 20:21:03.299,0.74481,0.74498,1.37,1.62
2018.02.09 20:21:03.700,0.74479,0.74496,1.37,1.37
2018.02.09 20:21:03.919,0.74479,0.74496,1.37,1.12
2018.02.09 20:21:03.969,0.74484,0.74499,1.00,2.62
2018.02.09 20:21:04.321,0.74483,0.74498,3.00,1.00
2018.02.09 20:21:04.372,0.74483,0.74498,1.37,1.12
2018.02.09 20:21:04.716,0.74479,0.74493,3.75,1.00
2018.02.09 20:21:04.817,0.74476,0.74492,1.37,1.87
2018.02.09 20:21:05.478,0.74476,0.74492,1.12,1.12
2018.02.09 20:21:06.864,0.74474,0.74491,1.37,1.12
2018.02.09 20:21:07.989,0.74475,0.74491,1.37,1.12
2018.02.09 20:21:08.734,0.74479,0.74494,1.00,1.37
2018.02.09 20:21:08.836,0.7448,0.74496,1.12,1.37
2018.02.09 20:21:08.978,0.7448,0.74496,1.37,1.12
2018.02.09 20:21:09.498,0.7448,0.74496,1.37,1.37
2018.02.09 20:21:09.746,0.7448,0.74497,1.87,1.12
2018.02.09 20:21:10.410,0.7448,0.74495,1.37,1.00
2018.02.09 20:21:10.955,0.74479,0.74495,1.37,1.12
2018.02.09 20:21:11.465,0.74479,0.74496,1.87,1.31
2018.02.09 20:21:11.822,0.7448,0.74497,1.37,1.87
2018.02.09 20:21:13.020,0.74481,0.74497,1.37,1.12
2018.02.09 20:21:13.504,0.74488,0.745,1.00,1.37
2018.02.09 20:21:13.688,0.7449,0.74507,1.87,1.62
2018.02.09 20:21:13.740,0.7449,0.74507,1.87,1.31
2018.02.09 20:21:14.286,0.7449,0.74507,1.87,1.25
2018.02.09 20:21:14.883,0.74491,0.74507,1.12,1.12
2018.02.09 20:21:17.253,0.74491,0.74507,1.37,1.12
2018.02.09 20:21:17.482,0.7449,0.74503,1.12,1.00
2018.02.09 20:21:17.677,0.74486,0.74503,1.37,1.62
2018.02.09 20:21:18.525,0.74486,0.74501,1.37,1.00
2018.02.09 20:21:20.443,0.74485,0.74499,1.12,1.12
2018.02.09 20:21:20.876,0.74483,0.74497,1.37,1.00
2018.02.09 20:21:22.066,0.74482,0.74497,3.00,1.00
2018.02.09 20:21:22.119,0.74482,0.74497,1.37,1.00
2018.02.09 20:21:22.221,0.7448,0.74495,3.00,1.00
2018.02.09 20:21:22.322,0.74479,0.74495,1.37,1.00
2018.02.09 20:21:23.136,0.74479,0.74495,3.75,1.00
2018.02.09 20:21:23.186,0.7448,0.74497,1.37,1.12
2018.02.09 20:21:23.736,0.7448,0.74497,1.37,1.12
2018.02.09 20:21:25.041,0.74479,0.74496,1.12,1.87
2018.02.09 20:21:25.347,0.74478,0.74494,1.87,1.00
2018.02.09 20:21:26.262,0.74478,0.74494,1.87,1.00
2018.02.09 20:21:27.566,0.74478,0.74494,1.37,1.00
2018.02.09 20:21:27.919,0.74481,0.74496,1.37,1.00
2018.02.09 20:21:28.071,0.74479,0.74495,1.37,1.00
2018.02.09 20:21:28.326,0.74479,0.74493,1.12,1.00
2018.02.09 20:21:28.754,0.74477,0.74491,1.37,1.00
2018.02.09 20:21:28.897,0.74477,0.74495,3.75,1.87
2018.02.09 20:21:29.423,0.74479,0.74495,1.37,1.37
2018.02.09 20:21:29.987,0.74479,0.74494,1.12,1.12
2018.02.09 20:21:30.689,0.74475,0.74491,1.87,1.00
2018.02.09 20:21:31.547,0.74475,0.74491,1.37,1.12
2018.02.09 20:21:31.872,0.7447,0.74486,1.87,1.00
2018.02.09 20:21:32.211,0.74472,0.74488,1.37,1.12
2018.02.09 20:21:32.473,0.74472,0.7449,3.00,1.12
2018.02.09 20:21:34.414,0.74473,0.7449,3.75,1.00
2018.02.09 20:21:34.516,0.74476,0.74494,1.87,2.06
2018.02.09 20:21:34.668,0.74478,0.74496,1.37,2.06
2018.02.09 20:21:35.434,0.74478,0.74492,1.37,1.00
2018.02.09 20:21:35.536,0.74475,0.74492,3.75,1.00
2018.02.09 20:21:35.638,0.74475,0.74491,1.37,1.00
2018.02.09 20:21:36.540,0.74473,0.74488,3.00,1.00
2018.02.09 20:21:36.591,0.74473,0.74487,1.00,1.37
2018.02.09 20:21:37.504,0.74471,0.74487,1.87,1.12
2018.02.09 20:21:37.725,0.74469,0.74486,1.37,1.37
2018.02.09 20:21:38.725,0.74469,0.74483,1.37,1.00
2018.02.09 20:21:38.775,0.7447,0.74486,1.37,1.12
2018.02.09 20:21:38.927,0.74473,0.74489,1.37,1.12
2018.02.09 20:21:39.935,0.74474,0.7449,1.37,1.12
2018.02.09 20:21:40.272,0.74469,0.74482,2.25,1.00
2018.02.09 20:21:40.323,0.74466,0.74483,1.87,1.12
2018.02.09 20:21:40.450,0.74468,0.74483,1.37,1.00
2018.02.09 20:21:40.988,0.74465,0.74482,1.37,2.06
2018.02.09 20:21:41.625,0.74466,0.74482,1.37,1.12
2018.02.09 20:21:41.980,0.74465,0.7448,2.62,1.00
2018.02.09 20:21:43.101,0.74463,0.74476,2.25,1.00
2018.02.09 20:21:43.152,0.74462,0.74476,2.62,1.00
2018.02.09 20:21:43.729,0.74462,0.74478,1.37,1.12
2018.02.09 20:21:44.136,0.74465,0.74481,1.37,1.12
2018.02.09 20:21:44.486,0.74467,0.74483,1.87,1.00
2018.02.09 20:21:44.967,0.74466,0.74481,1.37,1.00
2018.02.09 20:21:45.119,0.74464,0.7448,1.37,1.12
2018.02.09 20:21:45.241,0.74463,0.7448,1.37,1.37
2018.02.09 20:21:45.535,0.74463,0.74477,1.37,1.00
2018.02.09 20:21:45.637,0.74459,0.74477,1.87,1.00
2018.02.09 20:21:46.557,0.7446,0.74476,1.37,1.00
2018.02.09 20:21:47.086,0.7446,0.74476,1.87,1.00
2018.02.09 20:21:48.486,0.74462,0.74478,1.12,1.00
2018.02.09 20:21:48.673,0.74463,0.7448,1.37,1.37
2018.02.09 20:21:50.823,0.7446,0.74477,1.87,1.00
2018.02.09 20:21:51.141,0.74459,0.74474,1.37,1.00
2018.02.09 20:21:51.402,0.74457,0.74474,1.87,1.37
2018.02.09 20:21:56.323,0.74456,0.74473,3.75,1.00
2018.02.09 20:21:56.374,0.74456,0.74473,1.87,1.12
2018.02.09 20:21:57.375,0.74457,0.74471,1.37,1.00
2018.02.09 20:21:57.426,0.74455,0.74472,1.87,1.37
2018.02.09 20:21:57.802,0.74457,0.74473,1.37,1.12
2018.02.09 20:21:57.853,0.74456,0.74473,1.87,1.37
2018.02.09 20:22:00.186,0.74456,0.7447,1.37,1.00
2018.02.09 20:22:00.288,0.74453,0.74469,1.87,1.12
2018.02.09 20:22:00.390,0.74456,0.74472,1.37,1.12
2018.02.09 20:22:00.959,0.74456,0.74472,1.37,1.37
2018.02.09 20:22:01.619,0.74456,0.74472,1.37,1.00
2018.02.09 20:22:01.924,0.74459,0.74475,1.37,1.37
2018.02.09 20:22:03.223,0.74459,0.74475,1.37,1.12
2018.02.09 20:22:04.463,0.74459,0.74475,1.12,1.12
2018.02.09 20:22:04.616,0.74459,0.74473,1.12,1.00
2018.02.09 20:22:06.255,0.74458,0.74474,1.37,1.12
2018.02.09 20:22:06.873,0.74459,0.74475,1.12,1.00
2018.02.09 20:22:07.250,0.74458,0.74475,1.37,1.87
2018.02.09 20:22:09.537,0.74458,0.74474,1.37,1.00
2018.02.09 20:22:10.903,0.74456,0.74472,1.37,1.00
2018.02.09 20:22:11.207,0.74455,0.74471,1.37,1.37
2018.02.09 20:22:12.138,0.74456,0.74472,1.12,1.12
2018.02.09 20:22:12.239,0.74458,0.74475,1.37,1.37
2018.02.09 20:22:13.262,0.74457,0.74474,1.37,1.37
2018.02.09 20:22:14.100,0.74457,0.74472,1.37,1.00
2018.02.09 20:22:14.710,0.74457,0.74473,1.37,1.12
2018.02.09 20:22:15.122,0.74456,0.74472,1.12,1.12
2018.02.09 20:22:15.358,0.74456,0.74472,1.37,1.12
2018.02.09 20:22:15.511,0.74458,0.74474,1.12,1.00
2018.02.09 20:22:16.052,0.74457,0.74474,1.12,1.87
2018.02.09 20:22:17.289,0.74458,0.74474,1.00,1.87
2018.02.09 20:22:17.816,0.74457,0.74474,1.12,1.87
2018.02.09 20:22:18.840,0.74461,0.74474,1.00,1.12
2018.02.09 20:22:18.941,0.74461,0.74477,1.12,1.87
2018.02.09 20:22:19.418,0.7446,0.74475,1.37,1.12
2018.02.09 20:22:20.347,0.74459,0.74473,1.37,1.00
2018.02.09 20:22:20.996,0.74458,0.74473,1.37,1.00
2018.02.09 20:22:21.857,0.74458,0.74474,1.37,1.12
2018.02.09 20:22:22.225,0.74454,0.74472,3.00,1.00
2018.02.09 20:22:22.561,0.74454,0.7447,1.87,1.37
2018.02.09 20:22:22.981,0.74459,0.74475,1.37,1.62
2018.02.09 20:22:26.169,0.74457,0.74473,1.87,1.00
2018.02.09 20:22:26.275,0.74456,0.74472,1.87,1.12
2018.02.09 20:22:26.376,0.74456,0.74472,1.12,1.87
2018.02.09 20:22:26.698,0.74456,0.74472,1.37,1.87
2018.02.09 20:22:27.442,0.74458,0.74474,1.37,1.37
2018.02.09 20:22:29.345,0.74457,0.74475,2.06,1.37
2018.02.09 20:22:38.932,0.74458,0.74474,1.37,1.00
2018.02.09 20:22:39.085,0.74461,0.74478,1.37,1.62
2018.02.09 20:22:39.747,0.74461,0.74478,1.37,1.62
2018.02.09 20:22:40.266,0.74462,0.74479,1.37,1.87
2018.02.09 20:22:40.491,0.74462,0.7448,1.87,1.37
2018.02.09 20:22:40.680,0.74465,0.74481,1.37,1.12
2018.02.09 20:22:41.279,0.74465,0.74481,1.37,1.12
2018.02.09 20:22:41.431,0.74466,0.74484,1.87,2.06
2018.02.09 20:22:41.804,0.74466,0.74484,1.87,3.75
2018.02.09 20:22:43.716,0.74466,0.74482,1.00,1.37
2018.02.09 20:22:45.007,0.74464,0.74481,1.87,1.37
2018.02.09 20:22:46.521,0.74464,0.7448,1.87,1.12
2018.02.09 20:22:49.743,0.74466,0.74482,1.37,1.37
2018.02.09 20:22:50.642,0.74467,0.74484,1.12,1.87
2018.02.09 20:22:50.985,0.74467,0.74484,1.87,1.37
2018.02.09 20:22:52.753,0.74468,0.74484,1.37,1.00
2018.02.09 20:22:53.821,0.74469,0.74485,1.37,1.12
2018.02.09 20:22:54.667,0.74474,0.74491,1.00,2.25
2018.02.09 20:22:54.971,0.74478,0.74495,1.87,1.37
2018.02.09 20:22:55.022,0.74481,0.74498,1.12,3.56
2018.02.09 20:22:55.073,0.74487,0.74499,1.00,2.25
2018.02.09 20:22:55.124,0.74487,0.74501,1.00,1.87
2018.02.09 20:22:55.271,0.74488,0.74505,1.87,1.12
2018.02.09 20:22:55.422,0.74488,0.74502,1.37,1.00
2018.02.09 20:22:55.523,0.74486,0.74503,2.06,1.37
2018.02.09 20:22:56.068,0.74486,0.74503,1.87,1.12
2018.02.09 20:22:57.327,0.74488,0.74505,1.37,1.87
2018.02.09 20:22:57.688,0.74491,0.74507,1.00,1.87
2018.02.09 20:22:58.336,0.7449,0.74506,1.12,1.00
2018.02.09 20:22:58.437,0.74487,0.74504,3.94,1.00
2018.02.09 20:22:58.488,0.74487,0.74504,1.37,1.12
2018.02.09 20:22:58.661,0.74487,0.74503,1.37,1.37
2018.02.09 20:22:58.763,0.74486,0.74503,1.87,1.87
2018.02.09 20:22:59.200,0.74485,0.74501,1.12,1.12
2018.02.09 20:22:59.571,0.74481,0.74497,1.00,1.12
2018.02.09 20:23:00.060,0.74483,0.74499,1.00,1.87
2018.02.09 20:23:00.777,0.74483,0.745,1.87,1.37
2018.02.09 20:23:01.290,0.74483,0.745,1.87,1.12
2018.02.09 20:23:01.683,0.74486,0.74503,1.37,1.37
2018.02.09 20:23:01.988,0.74483,0.74498,1.37,1.00
2018.02.09 20:23:02.039,0.74481,0.74497,1.87,1.12
2018.02.09 20:23:02.340,0.74482,0.74498,1.37,1.12
2018.02.09 20:23:02.612,0.74481,0.74497,1.87,1.31
2018.02.09 20:23:02.714,0.74477,0.74495,2.06,1.37
2018.02.09 20:23:03.043,0.7448,0.74497,1.37,1.87
2018.02.09 20:23:03.556,0.74481,0.74497,1.37,1.87
2018.02.09 20:23:03.870,0.74481,0.74499,1.87,1.50
2018.02.09 20:23:05.158,0.74483,0.74499,1.37,1.00
2018.02.09 20:23:05.373,0.74483,0.74499,1.87,1.00
2018.02.09 20:23:05.424,0.74482,0.74498,1.87,1.12
2018.02.09 20:23:06.858,0.74482,0.745,1.87,1.37
2018.02.09 20:23:07.967,0.74482,0.745,1.87,1.00
2018.02.09 20:23:08.119,0.74488,0.74505,1.00,3.00
2018.02.09 20:23:08.170,0.74488,0.74506,1.87,3.56
2018.02.09 20:23:08.511,0.74488,0.74503,1.37,1.00
2018.02.09 20:23:08.613,0.74486,0.74503,1.37,1.12
2018.02.09 20:23:09.020,0.74488,0.74504,1.87,1.00
2018.02.09 20:23:09.619,0.74488,0.74505,1.87,1.37
2018.02.09 20:23:10.168,0.74485,0.745,1.12,1.12
2018.02.09 20:23:10.434,0.74485,0.74502,1.87,1.12
2018.02.09 20:23:10.983,0.74485,0.74501,1.87,1.37
2018.02.09 20:23:11.631,0.74485,0.74503,1.37,1.37
2018.02.09 20:23:11.807,0.74485,0.74503,1.12,3.00
2018.02.09 20:23:15.135,0.74482,0.74498,1.87,1.00
2018.02.09 20:23:15.641,0.74485,0.74502,1.31,1.37
2018.02.09 20:23:16.273,0.74485,0.74502,1.37,1.87
2018.02.09 20:23:21.235,0.74484,0.745,1.12,1.12
2018.02.09 20:23:22.126,0.74484,0.745,1.37,1.12
2018.02.09 20:23:22.228,0.74484,0.74503,1.87,1.37
2018.02.09 20:23:22.712,0.74484,0.74503,1.87,1.37
2018.02.09 20:23:23.934,0.74484,0.745,1.62,1.00
2018.02.09 20:23:24.036,0.74483,0.74499,1.87,1.00
2018.02.09 20:23:24.354,0.74486,0.74502,1.37,1.37
2018.02.09 20:23:25.419,0.74486,0.74494,1.00,2.25
2018.02.09 20:23:25.470,0.74474,0.74492,1.12,1.37
2018.02.09 20:23:25.521,0.74476,0.74491,1.37,1.12
2018.02.09 20:23:25.706,0.74471,0.74488,1.87,1.12
2018.02.09 20:23:26.521,0.74472,0.74488,1.37,1.12
2018.02.09 20:23:28.983,0.74472,0.74488,1.37,1.12
2018.02.09 20:23:31.763,0.74472,0.74489,1.37,1.37
2018.02.09 20:23:32.682,0.74471,0.74487,1.37,1.12
2018.02.09 20:23:32.784,0.74469,0.74485,1.37,1.00
2018.02.09 20:23:33.294,0.74468,0.74484,1.37,1.12
2018.02.09 20:23:34.922,0.74468,0.74484,1.12,1.00
2018.02.09 20:23:34.974,0.74475,0.74488,1.00,3.75
2018.02.09 20:23:35.076,0.74478,0.74493,1.12,1.12
2018.02.09 20:23:35.524,0.74478,0.74492,1.37,1.00
2018.02.09 20:23:36.549,0.74478,0.74492,1.37,1.00
2018.02.09 20:23:36.884,0.74477,0.74494,1.37,1.12
2018.02.09 20:23:37.872,0.74478,0.74493,1.37,1.00
2018.02.09 20:23:42.861,0.74478,0.74496,1.37,2.81
2018.02.09 20:23:42.962,0.74481,0.74498,1.37,1.37
2018.02.09 20:23:43.642,0.74481,0.74498,1.37,1.12
2018.02.09 20:23:44.046,0.74486,0.74504,1.37,2.06
2018.02.09 20:23:44.248,0.74483,0.745,1.87,1.00
2018.02.09 20:23:44.851,0.74483,0.745,1.87,1.37
2018.02.09 20:23:46.098,0.74485,0.74502,1.37,1.87
2018.02.09 20:23:46.252,0.74486,0.74502,1.37,1.12
2018.02.09 20:23:49.207,0.74486,0.74502,1.87,1.37
2018.02.09 20:23:50.226,0.74481,0.74498,1.37,1.37
2018.02.09 20:23:51.103,0.74481,0.74498,1.37,1.12
2018.02.09 20:23:51.309,0.74486,0.74502,1.12,1.12
2018.02.09 20:23:54.917,0.74485,0.74498,1.37,1.00
2018.02.09 20:23:55.018,0.74482,0.74498,1.87,1.12
2018.02.09 20:23:58.871,0.74482,0.74498,1.87,1.00
2018.02.09 20:24:00.254,0.74482,0.74498,1.37,1.12
2018.02.09 20:24:01.282,0.74482,0.74498,1.87,1.37
2018.02.09 20:24:06.081,0.74483,0.74499,1.37,1.37
2018.02.09 20:24:08.273,0.74482,0.74499,1.87,1.12
2018.02.09 20:24:08.797,0.74485,0.74502,1.37,2.06
2018.02.09 20:24:09.664,0.74485,0.74502,1.37,1.87
2018.02.09 20:24:10.522,0.74485,0.74502,1.12,1.87
2018.02.09 20:24:10.624,0.74489,0.74504,1.00,1.12
2018.02.09 20:24:10.927,0.74486,0.74503,2.06,1.37
2018.02.09 20:24:11.117,0.74485,0.74503,1.87,1.87
2018.02.09 20:24:11.509,0.74485,0.74503,1.87,1.87
2018.02.09 20:24:13.665,0.74485,0.74502,1.37,1.37
2018.02.09 20:24:16.022,0.74481,0.74499,1.37,2.06
2018.02.09 20:24:16.277,0.74481,0.74497,1.12,1.12
2018.02.09 20:24:16.378,0.7448,0.74497,1.62,1.87
2018.02.09 20:24:17.356,0.7448,0.74497,1.37,1.87
2018.02.09 20:24:17.992,0.7448,0.74497,1.37,1.87
2018.02.09 20:24:18.604,0.74482,0.74498,1.12,1.37
2018.02.09 20:24:20.047,0.74482,0.74498,1.12,1.12
2018.02.09 20:24:20.710,0.74482,0.74499,1.87,1.00
2018.02.09 20:24:21.469,0.74482,0.74499,1.87,1.12
2018.02.09 20:24:21.990,0.74482,0.74499,1.87,1.12
2018.02.09 20:24:22.312,0.74481,0.74498,1.87,1.37
2018.02.09 20:24:24.053,0.74482,0.74496,1.37,1.00
2018.02.09 20:24:24.607,0.7448,0.74496,1.87,1.12
2018.02.09 20:24:25.234,0.7448,0.74494,1.37,1.00
2018.02.09 20:24:25.900,0.74478,0.74494,1.37,1.12
2018.02.09 20:24:26.793,0.74479,0.74496,1.37,1.37
2018.02.09 20:24:27.667,0.74479,0.74494,1.37,1.12
2018.02.09 20:24:29.295,0.74477,0.74493,1.87,1.12
2018.02.09 20:24:29.396,0.74476,0.74492,1.12,1.87
2018.02.09 20:24:29.498,0.74476,0.74493,1.87,1.12
2018.02.09 20:24:30.034,0.74476,0.74493,1.87,1.37
2018.02.09 20:24:30.604,0.74477,0.74493,1.37,1.12
2018.02.09 20:24:31.400,0.74478,0.74494,1.37,1.00
2018.02.09 20:24:32.306,0.74477,0.74493,1.87,1.00
2018.02.09 20:24:35.799,0.74477,0.74495,1.37,1.12
2018.02.09 20:24:37.007,0.74477,0.74495,3.75,1.87
2018.02.09 20:24:37.474,0.74479,0.74495,1.12,1.37
2018.02.09 20:24:38.012,0.74478,0.74494,1.37,1.12
2018.02.09 20:24:38.315,0.74477,0.74493,2.06,1.37
2018.02.09 20:24:38.572,0.74478,0.74495,1.37,1.12
2018.02.09 20:24:39.601,0.74478,0.74494,1.37,1.00
2018.02.09 20:24:40.527,0.74479,0.74495,1.12,1.12
2018.02.09 20:24:40.776,0.74481,0.74496,1.12,1.37
2018.02.09 20:24:41.407,0.74481,0.74497,1.87,1.12
2018.02.09 20:24:42.168,0.74481,0.74497,1.37,1.12
2018.02.09 20:24:42.891,0.74479,0.74495,1.37,1.12
2018.02.09 20:24:42.992,0.74477,0.74494,1.87,1.00
2018.02.09 20:24:43.365,0.74478,0.74494,1.37,1.12
2018.02.09 20:24:43.925,0.74478,0.74494,1.87,1.12
2018.02.09 20:24:45.122,0.74478,0.74494,1.12,1.12
2018.02.09 20:24:46.535,0.74477,0.74495,1.87,1.37
2018.02.09 20:24:50.243,0.74478,0.74491,1.12,1.00
2018.02.09 20:24:50.306,0.74477,0.74493,1.87,1.12
2018.02.09 20:24:50.593,0.74477,0.74491,1.37,1.00
2018.02.09 20:24:51.155,0.74475,0.74491,1.87,1.00
2018.02.09 20:24:51.428,0.74473,0.74486,1.37,1.00
2018.02.09 20:24:51.530,0.7447,0.74488,1.12,2.06
2018.02.09 20:24:51.804,0.74472,0.74489,1.00,3.00
2018.02.09 20:24:52.158,0.74474,0.74489,1.00,1.37
2018.02.09 20:24:52.213,0.74474,0.74489,1.00,1.12
2018.02.09 20:24:52.737,0.74471,0.74488,1.37,1.12
2018.02.09 20:24:52.915,0.74471,0.74488,1.37,1.37
2018.02.09 20:24:53.677,0.7447,0.74487,1.37,1.37
2018.02.09 20:24:54.211,0.74469,0.74485,1.37,1.12
2018.02.09 20:24:54.525,0.74471,0.74486,1.37,1.00
2018.02.09 20:24:54.576,0.74471,0.74486,1.12,1.12
2018.02.09 20:24:55.753,0.7447,0.74488,1.87,1.87
2018.02.09 20:24:56.237,0.74472,0.7449,1.37,1.37
2018.02.09 20:24:56.997,0.74472,0.74489,1.12,1.12
2018.02.09 20:24:57.508,0.74471,0.74487,1.87,1.00
2018.02.09 20:24:58.084,0.7447,0.74486,1.87,1.12
2018.02.09 20:24:59.135,0.7447,0.74486,1.87,1.12
2018.02.09 20:24:59.980,0.7447,0.74485,1.37,1.00
2018.02.09 20:25:00.332,0.74468,0.74483,1.37,1.00
2018.02.09 20:25:00.788,0.74466,0.74483,1.87,1.12
2018.02.09 20:25:01.319,0.74469,0.74485,1.87,1.37
2018.02.09 20:25:01.370,0.74469,0.74485,1.87,1.00
2018.02.09 20:25:01.835,0.74469,0.74485,1.00,1.37
2018.02.09 20:25:02.027,0.7447,0.74487,1.87,1.12
2018.02.09 20:25:02.128,0.7447,0.74487,1.87,1.12
2018.02.09 20:25:02.638,0.7447,0.74487,2.06,1.12
2018.02.09 20:25:04.238,0.7447,0.74486,1.87,1.00
2018.02.09 20:25:04.887,0.7447,0.74486,1.37,1.37
2018.02.09 20:25:05.293,0.74468,0.74484,1.37,1.12
2018.02.09 20:25:05.344,0.74466,0.74482,3.00,1.00
2018.02.09 20:25:05.395,0.74466,0.74482,1.37,1.37
2018.02.09 20:25:06.521,0.74464,0.74482,1.37,1.37
2018.02.09 20:25:07.187,0.74464,0.7448,1.37,1.37
2018.02.09 20:25:07.786,0.74464,0.7448,1.87,1.12
2018.02.09 20:25:08.162,0.74466,0.74482,1.87,1.12
2018.02.09 20:25:08.811,0.74466,0.74482,1.37,1.37
2018.02.09 20:25:09.412,0.74464,0.7448,1.87,1.12
2018.02.09 20:25:10.092,0.74464,0.74479,1.37,1.12
2018.02.09 20:25:10.820,0.74464,0.74478,1.37,1.00
2018.02.09 20:25:12.069,0.74462,0.74478,1.87,1.12
2018.02.09 20:25:12.824,0.74462,0.74478,1.87,1.00
2018.02.09 20:25:12.927,0.74462,0.74478,1.37,1.12
2018.02.09 20:25:13.946,0.74463,0.74481,1.87,1.62
2018.02.09 20:25:14.098,0.74465,0.74482,1.37,1.87
2018.02.09 20:25:14.440,0.74466,0.74482,1.37,1.12
2018.02.09 20:25:14.848,0.74464,0.7448,1.37,1.37
2018.02.09 20:25:16.712,0.74465,0.74481,1.37,1.87
2018.02.09 20:25:16.956,0.7447,0.74487,1.12,1.62
2018.02.09 20:25:17.058,0.74472,0.74489,1.87,1.37
2018.02.09 20:25:17.361,0.74472,0.74488,1.12,1.87
2018.02.09 20:25:18.209,0.74472,0.74488,1.37,1.37
2018.02.09 20:25:18.528,0.74474,0.7449,1.87,1.12
2018.02.09 20:25:19.139,0.74474,0.7449,1.50,1.37
2018.02.09 20:25:19.669,0.74474,0.7449,1.00,1.37
2018.02.09 20:25:20.763,0.74473,0.74489,1.00,1.37
2018.02.09 20:25:21.698,0.74473,0.74489,1.37,1.37
2018.02.09 20:25:23.936,0.74472,0.74487,1.37,1.12
2018.02.09 20:25:23.987,0.74471,0.74487,1.12,1.87
2018.02.09 20:25:24.711,0.74472,0.74488,1.00,1.37
2018.02.09 20:25:24.863,0.74473,0.74489,1.37,1.87
2018.02.09 20:25:27.944,0.74471,0.74488,1.87,1.37
2018.02.09 20:25:28.477,0.74471,0.74487,1.87,1.12
2018.02.09 20:25:28.949,0.74469,0.74486,1.87,1.37
2018.02.09 20:25:30.277,0.74473,0.74489,1.00,1.87
2018.02.09 20:25:30.328,0.74473,0.74489,1.37,1.37
2018.02.09 20:25:30.837,0.74473,0.74489,1.12,1.37
2018.02.09 20:25:31.339,0.74471,0.74488,1.87,1.62
2018.02.09 20:25:31.440,0.74471,0.74489,2.06,1.37
2018.02.09 20:25:31.491,0.74471,0.74489,2.06,1.37
2018.02.09 20:25:31.996,0.74471,0.74488,1.37,1.37
2018.02.09 20:25:32.218,0.74471,0.74488,1.87,1.12
2018.02.09 20:25:32.979,0.74471,0.74488,1.87,1.37
2018.02.09 20:25:34.810,0.74471,0.74488,1.00,3.94
2018.02.09 20:25:35.338,0.74472,0.74487,1.37,1.12
2018.02.09 20:25:35.556,0.74467,0.74485,2.62,1.87
2018.02.09 20:25:35.607,0.74467,0.74483,1.87,1.00
2018.02.09 20:25:36.119,0.74468,0.74485,1.37,1.87
2018.02.09 20:25:36.697,0.74468,0.74485,1.37,1.87
2018.02.09 20:25:37.011,0.74473,0.74485,1.00,1.37
2018.02.09 20:25:37.162,0.74473,0.74489,1.12,1.87
2018.02.09 20:25:37.945,0.74473,0.74489,1.00,1.87
2018.02.09 20:25:37.996,0.74473,0.74489,1.12,1.87
2018.02.09 20:25:38.657,0.74474,0.74489,1.00,1.12
2018.02.09 20:25:40.563,0.74474,0.7449,1.12,1.12
2018.02.09 20:25:44.037,0.74474,0.7449,1.37,1.12
2018.02.09 20:25:44.293,0.74479,0.74495,1.87,1.12
2018.02.09 20:25:44.899,0.74479,0.74495,1.37,1.37
2018.02.09 20:25:45.616,0.74478,0.74495,1.87,1.37
2018.02.09 20:25:45.718,0.74476,0.74491,1.37,1.00
2018.02.09 20:25:46.072,0.74474,0.74491,1.37,1.87
2018.02.09 20:25:46.667,0.74474,0.74491,1.37,1.87
2018.02.09 20:25:48.270,0.74475,0.74491,1.87,1.00
2018.02.09 20:25:48.843,0.74478,0.74494,1.12,1.87
2018.02.09 20:25:51.537,0.74477,0.74493,1.37,1.00
2018.02.09 20:25:51.943,0.74475,0.74493,1.87,1.87
2018.02.09 20:25:53.114,0.74475,0.74493,3.75,1.87
2018.02.09 20:25:55.225,0.74477,0.74491,1.37,1.00
2018.02.09 20:25:56.761,0.74477,0.74494,1.50,3.00
2018.02.09 20:25:56.863,0.74477,0.74494,1.87,1.37
2018.02.09 20:26:01.152,0.74478,0.74496,1.37,2.06
2018.02.09 20:26:01.661,0.74477,0.74492,1.37,1.00
2018.02.09 20:26:02.345,0.74476,0.74492,1.87,1.12
2018.02.09 20:26:03.487,0.74474,0.7449,1.37,1.12
2018.02.09 20:26:04.736,0.74475,0.7449,1.37,1.00
2018.02.09 20:26:07.307,0.74475,0.74492,1.37,1.31
2018.02.09 20:26:07.772,0.74478,0.74494,1.37,1.12
2018.02.09 20:26:08.033,0.74475,0.74491,5.25,1.00
2018.02.09 20:26:08.192,0.74475,0.74491,1.37,1.12
2018.02.09 20:26:09.989,0.74474,0.74491,1.87,1.12
2018.02.09 20:26:11.964,0.74474,0.74491,1.87,1.12
2018.02.09 20:26:12.065,0.74476,0.74493,1.87,1.12
2018.02.09 20:26:13.013,0.74479,0.74495,1.37,1.87
2018.02.09 20:26:13.516,0.74479,0.74495,1.00,1.87
2018.02.09 20:26:16.410,0.74479,0.74495,1.37,1.12
2018.02.09 20:26:16.718,0.7448,0.74495,1.37,1.00
2018.02.09 20:26:16.871,0.74478,0.74493,1.37,1.12
2018.02.09 20:26:18.186,0.74478,0.74495,1.12,1.37
2018.02.09 20:26:18.562,0.7448,0.74496,1.00,1.62
2018.02.09 20:26:19.114,0.7448,0.74496,1.37,1.12
2018.02.09 20:26:19.313,0.74479,0.74496,1.87,1.12
2018.02.09 20:26:19.364,0.74481,0.74496,1.00,1.12
2018.02.09 20:26:19.907,0.7448,0.74496,1.37,1.12
2018.02.09 20:26:20.715,0.74481,0.74496,1.37,1.00
2018.02.09 20:26:20.867,0.74478,0.74495,1.37,1.12
2018.02.09 20:26:21.079,0.74477,0.74493,1.87,1.00
2018.02.09 20:26:21.187,0.74477,0.74493,1.87,1.00
2018.02.09 20:26:21.559,0.74478,0.74492,1.37,1.00
2018.02.09 20:26:21.975,0.74477,0.74493,1.37,1.12
2018.02.09 20:26:22.176,0.74474,0.74491,1.37,1.12
2018.02.09 20:26:22.541,0.74473,0.74488,1.37,1.00
2018.02.09 20:26:24.091,0.74473,0.7449,1.87,1.12
2018.02.09 20:26:24.195,0.74476,0.74491,1.37,1.00
2018.02.09 20:26:24.297,0.74478,0.74494,1.87,1.12
2018.02.09 20:26:24.511,0.74481,0.74497,1.37,1.31
2018.02.09 20:26:25.523,0.74481,0.74497,1.12,1.62
2018.02.09 20:26:25.875,0.74477,0.74491,3.00,1.00
2018.02.09 20:26:25.926,0.74476,0.7449,1.37,1.00
2018.02.09 20:26:26.460,0.74474,0.7449,1.37,1.12
2018.02.09 20:26:27.678,0.74474,0.7449,1.37,1.37
2018.02.09 20:26:28.692,0.74474,0.7449,1.87,1.00
2018.02.09 20:26:28.743,0.74478,0.74494,1.00,1.37
2018.02.09 20:26:28.794,0.74478,0.74494,1.37,1.12
2018.02.09 20:26:29.284,0.74475,0.74492,1.87,1.37
2018.02.09 20:26:30.192,0.74475,0.74491,1.37,1.37
2018.02.09 20:26:31.906,0.74478,0.74493,1.00,1.37
2018.02.09 20:26:32.008,0.74479,0.74495,1.37,1.37
2018.02.09 20:26:33.431,0.74479,0.74495,1.37,1.12
2018.02.09 20:26:34.038,0.74479,0.74495,1.12,1.12
2018.02.09 20:26:34.342,0.74477,0.74494,1.37,1.37
2018.02.09 20:26:36.036,0.74479,0.74495,1.37,1.87
2018.02.09 20:26:36.138,0.74479,0.74496,1.87,1.12
2018.02.09 20:26:37.367,0.74479,0.74495,1.87,1.00
2018.02.09 20:26:37.561,0.74479,0.74495,1.87,1.00
2018.02.09 20:26:37.613,0.74479,0.74495,1.87,1.12
2018.02.09 20:26:38.626,0.74479,0.74496,1.87,1.37
2018.02.09 20:26:38.905,0.74484,0.74499,1.00,1.37
2018.02.09 20:26:39.006,0.74484,0.74501,1.12,1.87
2018.02.09 20:26:39.113,0.74484,0.74501,1.37,1.87
2018.02.09 20:26:39.726,0.74484,0.74501,1.12,1.87
2018.02.09 20:26:39.891,0.74484,0.745,1.12,1.87
2018.02.09 20:26:40.510,0.74482,0.74498,1.87,1.37
2018.02.09 20:26:41.021,0.74482,0.74498,1.87,1.37
2018.02.09 20:26:42.066,0.7448,0.74496,1.37,1.12
2018.02.09 20:26:42.688,0.7448,0.74496,1.37,1.37
2018.02.09 20:26:43.288,0.7448,0.74496,1.87,1.00
2018.02.09 20:26:43.597,0.74478,0.74495,1.37,1.37
2018.02.09 20:26:43.918,0.74477,0.74491,1.37,1.00
2018.02.09 20:26:44.020,0.74474,0.74491,1.87,1.12
2018.02.09 20:26:44.122,0.74474,0.74491,1.87,1.37
2018.02.09 20:26:44.305,0.74474,0.74491,1.37,1.12
2018.02.09 20:26:44.901,0.74475,0.74491,1.37,1.12
2018.02.09 20:26:46.342,0.74475,0.74491,1.37,1.12
2018.02.09 20:26:46.700,0.74476,0.74491,1.37,1.00
2018.02.09 20:26:49.737,0.74476,0.74491,1.37,1.12
2018.02.09 20:26:50.348,0.74476,0.74491,1.37,1.00
2018.02.09 20:26:50.728,0.74476,0.74493,1.87,1.12
2018.02.09 20:26:50.779,0.74479,0.74495,1.87,1.12
2018.02.09 20:26:52.740,0.74479,0.74497,1.37,3.75
2018.02.09 20:26:55.966,0.74477,0.74494,1.87,1.37
2018.02.09 20:26:56.168,0.74476,0.74494,1.37,1.87
2018.02.09 20:26:56.219,0.74479,0.74496,1.00,3.00
2018.02.09 20:26:56.270,0.74479,0.74496,1.37,1.00
2018.02.09 20:26:57.021,0.7448,0.74496,1.37,1.12
2018.02.09 20:26:57.122,0.7448,0.74496,1.12,1.37
2018.02.09 20:26:58.244,0.74479,0.74495,1.37,1.00
2018.02.09 20:26:58.346,0.74481,0.74499,1.37,1.37
2018.02.09 20:26:59.694,0.74481,0.74496,1.37,1.12
2018.02.09 20:27:00.355,0.74481,0.74496,1.12,1.12
2018.02.09 20:27:01.446,0.74479,0.74496,1.87,1.37
2018.02.09 20:27:02.018,0.74479,0.74496,1.37,1.12
2018.02.09 20:27:03.877,0.74479,0.74496,1.37,1.12
2018.02.09 20:27:11.148,0.74479,0.74496,1.87,1.37
2018.02.09 20:27:12.088,0.74479,0.74496,1.87,1.00
2018.02.09 20:27:12.908,0.74479,0.74496,1.87,1.37
2018.02.09 20:27:13.958,0.74479,0.74496,1.87,1.12
2018.02.09 20:27:17.582,0.7448,0.74496,1.37,1.12
2018.02.09 20:27:17.874,0.74478,0.74492,1.37,1.00
2018.02.09 20:27:17.977,0.74476,0.74491,1.37,1.00
2018.02.09 20:27:18.078,0.74475,0.74491,1.37,1.37
2018.02.09 20:27:18.440,0.74477,0.74491,1.37,1.00
2018.02.09 20:27:18.783,0.74472,0.74488,1.37,1.00
2018.02.09 20:27:19.828,0.74473,0.74486,1.37,1.00
2018.02.09 20:27:21.086,0.74469,0.74485,1.12,1.00
2018.02.09 20:27:21.137,0.74469,0.74485,1.87,1.12
2018.02.09 20:27:21.503,0.74466,0.74484,2.62,1.87
2018.02.09 20:27:21.757,0.74468,0.74484,1.37,1.12
2018.02.09 20:27:21.909,0.74469,0.74486,1.87,1.00
2018.02.09 20:27:22.228,0.74469,0.74484,1.37,1.00
2018.02.09 20:27:22.924,0.74468,0.74485,1.87,1.12
2018.02.09 20:27:26.521,0.74469,0.74485,1.87,1.00
2018.02.09 20:27:27.180,0.7447,0.74487,1.37,1.87
2018.02.09 20:27:27.444,0.74477,0.74493,1.12,1.12
2018.02.09 20:27:27.494,0.74478,0.74493,1.37,1.00
2018.02.09 20:27:27.786,0.74475,0.74491,1.87,1.00
2018.02.09 20:27:30.182,0.74475,0.74492,1.87,1.12
2018.02.09 20:27:30.689,0.74478,0.74495,1.37,1.87
2018.02.09 20:27:31.274,0.74478,0.74495,1.37,2.06
2018.02.09 20:27:32.543,0.74479,0.74495,1.37,1.12
2018.02.09 20:27:32.917,0.74478,0.74492,3.00,1.00
2018.02.09 20:27:33.018,0.74476,0.74491,1.37,1.00
2018.02.09 20:27:33.119,0.74476,0.74494,1.87,1.62
2018.02.09 20:27:33.270,0.74477,0.74492,3.00,1.00
2018.02.09 20:27:33.371,0.74476,0.74491,1.37,1.00
2018.02.09 20:27:33.422,0.74476,0.74489,1.37,1.00
2018.02.09 20:27:33.472,0.74474,0.74491,1.87,1.00
2018.02.09 20:27:33.624,0.74475,0.74489,1.37,1.00
2018.02.09 20:27:33.873,0.74475,0.74491,1.37,1.12
2018.02.09 20:27:34.450,0.74475,0.74492,1.37,1.31
2018.02.09 20:27:35.110,0.74475,0.74492,1.37,1.37
2018.02.09 20:27:35.664,0.74475,0.74492,1.37,1.00
2018.02.09 20:27:35.966,0.74475,0.74492,1.37,1.12
2018.02.09 20:27:36.290,0.74475,0.74488,1.37,1.00
2018.02.09 20:27:37.165,0.74475,0.7449,1.37,1.00
2018.02.09 20:27:37.703,0.74475,0.7449,1.37,1.00
2018.02.09 20:27:38.672,0.74475,0.7449,1.37,1.00
2018.02.09 20:27:39.205,0.74475,0.7449,1.37,1.12
2018.02.09 20:27:39.765,0.74475,0.7449,1.37,1.00
2018.02.09 20:27:40.407,0.74475,0.74489,1.37,1.00
2018.02.09 20:27:40.457,0.74473,0.74487,3.75,1.00
2018.02.09 20:27:40.559,0.74473,0.74486,1.37,1.00
2018.02.09 20:27:40.718,0.74472,0.74489,1.37,1.12
2018.02.09 20:27:41.020,0.74475,0.74491,1.12,1.87
2018.02.09 20:27:41.164,0.74476,0.74491,1.37,1.00
2018.02.09 20:27:41.523,0.74476,0.74489,1.37,1.00
2018.02.09 20:27:41.625,0.74473,0.74489,1.37,1.00
2018.02.09 20:27:43.394,0.74474,0.7449,1.37,1.00
2018.02.09 20:27:44.902,0.74474,0.74489,1.37,1.00
2018.02.09 20:27:45.503,0.74472,0.74488,1.87,1.12
2018.02.09 20:27:46.249,0.74472,0.7449,1.37,2.06
2018.02.09 20:27:46.675,0.74473,0.7449,1.87,1.37
2018.02.09 20:27:47.101,0.74475,0.74492,1.37,1.12
2018.02.09 20:27:49.343,0.74476,0.74492,1.37,1.37
2018.02.09 20:27:49.990,0.74476,0.74492,1.87,1.00
2018.02.09 20:27:54.486,0.74476,0.74489,1.37,1.00
2018.02.09 20:27:54.588,0.74473,0.74488,1.37,1.00
2018.02.09 20:27:56.336,0.74475,0.74491,1.37,1.87
2018.02.09 20:27:56.437,0.74478,0.74492,1.37,1.00
2018.02.09 20:27:57.315,0.74478,0.74493,1.37,1.00
2018.02.09 20:27:58.099,0.74475,0.74492,1.37,1.37
2018.02.09 20:27:58.951,0.74475,0.74492,1.37,1.12
2018.02.09 20:27:59.289,0.74477,0.74494,1.37,1.31
2018.02.09 20:27:59.963,0.74477,0.74494,1.37,1.62
2018.02.09 20:28:00.980,0.74477,0.74495,1.37,2.06
2018.02.09 20:28:01.342,0.74481,0.74497,1.37,1.00
2018.02.09 20:28:01.546,0.74476,0.74493,1.87,1.12
2018.02.09 20:28:01.712,0.74476,0.74492,1.87,1.37
2018.02.09 20:28:02.030,0.74477,0.74493,1.37,1.12
2018.02.09 20:28:02.131,0.74478,0.74494,1.87,1.12
2018.02.09 20:28:03.805,0.74483,0.745,1.00,3.00
2018.02.09 20:28:03.951,0.74485,0.74501,1.87,1.12
2018.02.09 20:28:04.207,0.74483,0.74499,1.37,1.00
2018.02.09 20:28:05.191,0.74482,0.745,1.87,1.87
2018.02.09 20:28:05.242,0.74482,0.745,3.75,1.12
2018.02.09 20:28:05.570,0.74482,0.74498,1.87,1.12
2018.02.09 20:28:06.976,0.74482,0.74498,1.87,1.12
2018.02.09 20:28:07.283,0.74485,0.74501,1.12,2.06
2018.02.09 20:28:07.784,0.74485,0.74501,1.37,1.12
2018.02.09 20:28:08.662,0.74483,0.74501,1.87,1.87
2018.02.09 20:28:08.714,0.74483,0.74499,1.12,1.87
2018.02.09 20:28:09.822,0.74485,0.74501,1.12,1.37
2018.02.09 20:28:09.873,0.74485,0.74502,1.37,1.37
2018.02.09 20:28:10.079,0.74487,0.74504,1.87,1.37
2018.02.09 20:28:11.714,0.74488,0.74505,1.00,1.87
2018.02.09 20:28:12.421,0.74487,0.74504,1.12,1.37
2018.02.09 20:28:12.814,0.74486,0.74502,1.37,1.37
2018.02.09 20:28:13.167,0.74484,0.74502,1.87,1.87
2018.02.09 20:28:13.722,0.74484,0.745,1.37,1.37
2018.02.09 20:28:14.071,0.74483,0.74499,1.12,1.00
2018.02.09 20:28:14.183,0.74482,0.74498,1.87,1.37
2018.02.09 20:28:14.579,0.74483,0.745,1.37,1.12
2018.02.09 20:28:15.438,0.74484,0.745,1.12,1.37
2018.02.09 20:28:15.489,0.74481,0.74497,3.00,1.00
2018.02.09 20:28:15.941,0.74484,0.74501,1.87,1.37
2018.02.09 20:28:16.888,0.74484,0.74501,1.87,1.12
2018.02.09 20:28:17.530,0.74485,0.74501,1.00,1.12
2018.02.09 20:28:18.041,0.74485,0.74502,1.37,1.87
2018.02.09 20:28:18.785,0.74485,0.74502,1.37,1.87
2018.02.09 20:28:19.819,0.74488,0.74505,1.87,1.37
2018.02.09 20:28:20.352,0.74491,0.74507,1.37,1.37
2018.02.09 20:28:21.451,0.74487,0.74503,3.75,1.00
2018.02.09 20:28:21.552,0.74486,0.74502,1.37,1.12
2018.02.09 20:28:22.360,0.74486,0.74502,1.37,1.37
2018.02.09 20:28:22.730,0.74488,0.74504,1.00,1.12
2018.02.09 20:28:22.781,0.74491,0.74506,1.00,1.37
2018.02.09 20:28:22.976,0.74491,0.74508,1.00,1.62
2018.02.09 20:28:23.128,0.74492,0.74508,1.87,1.12
2018.02.09 20:28:23.853,0.74492,0.74509,1.00,1.37
2018.02.09 20:28:26.619,0.74491,0.74508,1.12,1.12
2018.02.09 20:28:26.670,0.74495,0.74509,1.00,1.37
2018.02.09 20:28:26.772,0.74494,0.7451,1.00,1.87
2018.02.09 20:28:26.822,0.74494,0.7451,1.37,1.87
2018.02.09 20:28:27.683,0.74494,0.7451,1.37,1.37
2018.02.09 20:28:28.693,0.74493,0.74509,1.37,1.37
2018.02.09 20:28:29.301,0.74492,0.74509,1.87,1.12
2018.02.09 20:28:30.153,0.74493,0.74509,1.37,1.37
2018.02.09 20:28:30.255,0.74494,0.74511,1.87,1.12
2018.02.09 20:28:30.705,0.74494,0.74511,1.37,1.37
2018.02.09 20:28:31.763,0.74495,0.74511,1.12,1.00
2018.02.09 20:28:31.963,0.74494,0.7451,1.37,1.37
2018.02.09 20:28:35.269,0.74493,0.74509,1.37,1.37
2018.02.09 20:28:35.887,0.74491,0.74505,1.37,1.25
2018.02.09 20:28:35.989,0.74486,0.74503,1.37,1.62
2018.02.09 20:28:36.542,0.74487,0.74503,1.12,1.37
2018.02.09 20:28:36.644,0.74488,0.74506,1.37,2.81
2018.02.09 20:28:37.849,0.74488,0.74506,1.37,2.06
2018.02.09 20:28:38.430,0.74489,0.74505,1.37,1.37
2018.02.09 20:28:38.481,0.74489,0.74506,1.37,1.87
2018.02.09 20:28:38.625,0.74492,0.74509,1.37,2.62
2018.02.09 20:28:38.777,0.74491,0.74507,1.37,1.12
2018.02.09 20:28:39.286,0.74491,0.74508,1.87,1.37
2018.02.09 20:28:40.162,0.74495,0.74511,1.00,1.87
2018.02.09 20:28:40.264,0.74495,0.74512,1.87,1.37
2018.02.09 20:28:41.145,0.74495,0.74512,1.87,1.37
2018.02.09 20:28:41.740,0.74495,0.74512,1.37,1.12
2018.02.09 20:28:41.841,0.74495,0.7451,1.37,1.12
2018.02.09 20:28:42.896,0.74494,0.7451,1.37,1.37
2018.02.09 20:28:43.781,0.74497,0.74511,1.00,1.37
2018.02.09 20:28:43.832,0.74497,0.74513,1.12,1.87
2018.02.09 20:28:44.626,0.74498,0.74513,1.00,1.37
2018.02.09 20:28:45.304,0.74498,0.74514,1.37,1.37
2018.02.09 20:28:45.609,0.74499,0.74515,1.37,1.12
2018.02.09 20:28:46.355,0.745,0.74516,1.12,1.87
2018.02.09 20:28:46.974,0.74501,0.74516,1.00,1.37
2018.02.09 20:28:48.006,0.74502,0.74516,1.00,1.37
2018.02.09 20:28:48.354,0.74502,0.74518,1.12,1.37
2018.02.09 20:28:48.575,0.74502,0.74519,1.87,1.37
2018.02.09 20:28:49.307,0.74501,0.74517,1.37,1.37
2018.02.09 20:28:49.947,0.74505,0.7452,1.00,1.37
2018.02.09 20:28:50.266,0.74505,0.74523,1.37,1.37
2018.02.09 20:28:50.602,0.74504,0.74521,2.06,1.37
2018.02.09 20:28:50.918,0.74506,0.74522,1.12,1.37
2018.02.09 20:28:51.457,0.74506,0.74523,1.87,1.37
2018.02.09 20:28:52.557,0.74507,0.74523,1.37,1.37
2018.02.09 20:28:53.087,0.74508,0.74524,1.37,1.37
2018.02.09 20:28:53.528,0.74512,0.74527,1.37,1.00
2018.02.09 20:28:53.579,0.74513,0.7453,1.37,1.37
2018.02.09 20:28:53.861,0.74511,0.74526,1.37,1.00
2018.02.09 20:28:53.911,0.74511,0.74526,1.37,1.00
2018.02.09 20:28:54.118,0.74508,0.74525,2.62,1.12
2018.02.09 20:28:54.219,0.74508,0.74526,1.87,2.06
2018.02.09 20:28:54.637,0.74507,0.74523,1.37,1.12
2018.02.09 20:28:55.181,0.74508,0.74525,1.37,1.87
2018.02.09 20:28:55.558,0.7451,0.74526,3.00,1.00
2018.02.09 20:28:55.659,0.74511,0.74526,1.12,1.00
2018.02.09 20:28:55.954,0.7451,0.74528,1.37,1.31
2018.02.09 20:28:56.005,0.74511,0.74526,1.12,1.00
2018.02.09 20:28:56.248,0.74505,0.74522,1.87,1.12
2018.02.09 20:28:56.505,0.74505,0.74522,3.75,1.00
2018.02.09 20:28:57.049,0.74509,0.74525,1.87,1.12
2018.02.09 20:28:58.075,0.74511,0.74528,1.37,1.87
2018.02.09 20:28:58.986,0.74512,0.74528,1.37,1.87
2018.02.09 20:28:59.758,0.74513,0.74529,1.12,1.12
2018.02.09 20:28:59.833,0.74513,0.74529,1.37,1.12
2018.02.09 20:29:00.387,0.74513,0.74529,1.37,1.37
2018.02.09 20:29:01.756,0.74512,0.74527,1.37,1.00
2018.02.09 20:29:02.738,0.74511,0.74527,1.37,1.12
2018.02.09 20:29:03.712,0.74508,0.74523,1.12,1.37
2018.02.09 20:29:03.814,0.74504,0.74521,1.87,1.12
2018.02.09 20:29:03.968,0.74506,0.74522,1.87,1.12
2018.02.09 20:29:05.200,0.74506,0.74522,1.87,1.12
2018.02.09 20:29:06.230,0.74506,0.74522,1.87,1.12
2018.02.09 20:29:06.771,0.74505,0.74522,1.37,1.87
2018.02.09 20:29:07.284,0.74505,0.74522,3.00,1.87
2018.02.09 20:29:07.823,0.74505,0.74521,2.62,1.00
2018.02.09 20:29:07.925,0.74506,0.74523,1.37,2.06
2018.02.09 20:29:09.225,0.74504,0.74521,1.12,1.87
2018.02.09 20:29:09.668,0.74506,0.74523,1.00,3.00
2018.02.09 20:29:10.295,0.74506,0.74523,1.37,1.37
2018.02.09 20:29:10.803,0.74507,0.74524,1.87,1.37
2018.02.09 20:29:11.654,0.74507,0.74524,1.87,1.37
2018.02.09 20:29:12.239,0.74507,0.74524,1.12,1.87
2018.02.09 20:29:12.674,0.74505,0.74522,1.37,1.37
2018.02.09 20:29:13.057,0.74502,0.74518,1.00,1.87
2018.02.09 20:29:13.595,0.74501,0.74517,1.12,1.37
2018.02.09 20:29:13.944,0.74496,0.74511,3.00,1.00
2018.02.09 20:29:14.045,0.74495,0.74512,1.37,1.37
2018.02.09 20:29:14.095,0.74494,0.74509,1.37,1.00
2018.02.09 20:29:14.146,0.74493,0.7451,1.37,1.37
2018.02.09 20:29:14.609,0.74491,0.74509,1.62,1.87
2018.02.09 20:29:14.769,0.74493,0.74509,1.37,1.12
2018.02.09 20:29:14.957,0.74493,0.74507,1.37,1.00
2018.02.09 20:29:15.111,0.74491,0.74506,1.37,1.00
2018.02.09 20:29:15.214,0.74487,0.74504,2.06,1.12
2018.02.09 20:29:15.353,0.74487,0.74501,1.12,1.12
2018.02.09 20:29:15.404,0.74483,0.745,1.37,1.12
2018.02.09 20:29:15.934,0.74483,0.74498,1.37,1.00
2018.02.09 20:29:16.506,0.74481,0.74497,1.37,1.00
2018.02.09 20:29:16.815,0.74482,0.74498,1.37,1.00
2018.02.09 20:29:17.022,0.74485,0.745,1.37,1.00
2018.02.09 20:29:17.074,0.74487,0.74503,1.00,1.87
2018.02.09 20:29:17.254,0.74491,0.74506,1.00,1.37
2018.02.09 20:29:17.355,0.74491,0.74507,1.37,1.37
2018.02.09 20:29:17.456,0.74492,0.74508,1.37,1.00
2018.02.09 20:29:17.558,0.74492,0.74508,1.87,1.00
2018.02.09 20:29:17.659,0.74492,0.74509,1.87,1.12
2018.02.09 20:29:19.334,0.74492,0.74508,1.37,1.00
2018.02.09 20:29:19.385,0.74491,0.74507,1.12,1.00
2018.02.09 20:29:19.668,0.74488,0.74503,1.37,1.00
2018.02.09 20:29:19.770,0.74484,0.74502,1.62,1.37
2018.02.09 20:29:20.126,0.74486,0.74503,1.37,1.37
2018.02.09 20:29:20.522,0.74485,0.74499,1.00,1.37
2018.02.09 20:29:20.573,0.74487,0.74503,1.00,5.25
2018.02.09 20:29:20.624,0.74487,0.74502,1.12,1.12
2018.02.09 20:29:20.725,0.74487,0.74503,1.37,1.00
2018.02.09 20:29:21.237,0.74487,0.74504,1.37,1.12
2018.02.09 20:29:22.077,0.74487,0.74504,1.37,1.37
2018.02.09 20:29:23.511,0.74486,0.74505,1.87,1.37
2018.02.09 20:29:25.185,0.74486,0.74505,3.75,1.37
2018.02.09 20:29:26.010,0.74491,0.74507,1.12,1.37
2018.02.09 20:29:26.322,0.74492,0.74509,1.87,1.62
2018.02.09 20:29:27.515,0.74492,0.74509,1.87,1.12
2018.02.09 20:29:27.718,0.74496,0.74512,1.12,1.12
2018.02.09 20:29:29.230,0.74496,0.74512,1.37,1.12
2018.02.09 20:29:29.890,0.74497,0.74513,1.37,1.00
2018.02.09 20:29:30.817,0.74497,0.74513,1.87,1.37
2018.02.09 20:29:31.512,0.74497,0.74513,1.00,1.37
2018.02.09 20:29:32.047,0.74498,0.74513,1.00,1.37
2018.02.09 20:29:32.367,0.74497,0.74513,1.00,1.37
2018.02.09 20:29:32.877,0.74493,0.74511,1.37,1.37
2018.02.09 20:29:33.393,0.74494,0.7451,1.12,1.12
2018.02.09 20:29:33.893,0.74493,0.74507,1.12,1.00
2018.02.09 20:29:34.408,0.74492,0.74508,1.37,1.12
2018.02.09 20:29:35.024,0.74492,0.74508,1.00,1.37
2018.02.09 20:29:35.595,0.74491,0.74508,1.12,1.87
2018.02.09 20:29:36.036,0.74488,0.74506,1.37,1.37
2018.02.09 20:29:36.343,0.74491,0.74507,1.00,1.37
2018.02.09 20:29:36.713,0.74492,0.74509,1.37,1.87
2018.02.09 20:29:37.284,0.74492,0.74509,1.37,1.87
2018.02.09 20:29:38.179,0.74492,0.74508,1.12,1.37
2018.02.09 20:29:39.364,0.7449,0.74508,1.87,1.87
2018.02.09 20:29:39.970,0.7449,0.74508,1.87,1.87
2018.02.09 20:29:40.178,0.74502,0.74518,1.87,1.12
2018.02.09 20:29:40.457,0.74501,0.74517,1.37,1.37
2018.02.09 20:29:40.984,0.74502,0.74519,1.37,1.37
2018.02.09 20:29:41.549,0.745,0.74517,1.87,1.37
2018.02.09 20:29:42.036,0.74498,0.74515,1.37,1.37
2018.02.09 20:29:43.725,0.745,0.74516,1.37,1.37
2018.02.09 20:29:44.331,0.74502,0.74518,1.00,1.87
2018.02.09 20:29:44.382,0.74502,0.74518,1.37,1.87
2018.02.09 20:29:44.820,0.74501,0.74517,1.12,1.37
2018.02.09 20:29:45.023,0.74503,0.74518,1.00,1.37
2018.02.09 20:29:45.202,0.74503,0.74519,1.37,1.37
2018.02.09 20:29:45.304,0.74504,0.7452,1.12,1.87
2018.02.09 20:29:46.499,0.74504,0.7452,1.37,1.12
2018.02.09 20:29:47.085,0.74503,0.74522,1.87,1.37
2018.02.09 20:29:49.526,0.74502,0.74519,1.37,1.87
2018.02.09 20:29:50.113,0.74504,0.74519,1.37,1.12
2018.02.09 20:29:50.873,0.74506,0.74522,1.00,1.87
2018.02.09 20:29:52.579,0.74506,0.74521,1.00,1.37
2018.02.09 20:29:52.680,0.74501,0.74519,2.06,1.87
2018.02.09 20:29:56.205,0.74501,0.74519,1.87,1.87
2018.02.09 20:29:58.207,0.745,0.74517,1.37,1.87
2018.02.09 20:29:58.258,0.74499,0.74517,1.12,1.87
2018.02.09 20:29:58.610,0.74499,0.74517,1.87,1.87
2018.02.09 20:29:58.713,0.74499,0.74517,1.87,1.87
2018.02.09 20:29:59.881,0.74503,0.74517,1.37,1.00
2018.02.09 20:29:59.982,0.74504,0.74519,1.37,1.00
2018.02.09 20:30:00.546,0.74504,0.74519,1.00,1.37
2018.02.09 20:30:01.098,0.74505,0.74519,1.00,1.37
2018.02.09 20:30:01.263,0.74503,0.74519,1.12,1.37
2018.02.09 20:30:01.316,0.74505,0.74519,1.00,1.37
2018.02.09 20:30:02.124,0.74504,0.74519,1.12,1.37
2018.02.09 20:30:02.650,0.74503,0.74519,1.00,1.87
2018.02.09 20:30:03.276,0.74501,0.74518,1.12,1.37
2018.02.09 20:30:05.213,0.74501,0.74518,1.37,1.87
2018.02.09 20:30:06.282,0.74501,0.74519,1.37,1.37
2018.02.09 20:30:08.657,0.74501,0.74519,2.06,1.37
2018.02.09 20:30:09.284,0.74499,0.74516,1.37,1.37
2018.02.09 20:30:09.813,0.74501,0.74516,1.12,1.37
2018.02.09 20:30:10.513,0.74498,0.74515,1.37,1.12
2018.02.09 20:30:11.012,0.74499,0.74515,1.12,1.37
2018.02.09 20:30:15.384,0.745,0.74515,1.12,1.37
2018.02.09 20:30:15.616,0.74502,0.74518,1.00,1.87
2018.02.09 20:30:16.250,0.74502,0.74518,1.37,1.12
2018.02.09 20:30:16.301,0.74505,0.7452,1.00,1.12
2018.02.09 20:30:16.695,0.74508,0.74523,1.00,1.12
2018.02.09 20:30:17.000,0.74505,0.74523,1.87,1.87
2018.02.09 20:30:17.514,0.74503,0.7452,1.87,1.37
2018.02.09 20:30:18.127,0.74503,0.7452,1.37,1.37
2018.02.09 20:30:18.813,0.74505,0.74522,1.00,3.75
2018.02.09 20:30:19.145,0.74507,0.74522,1.12,1.37
2018.02.09 20:30:19.696,0.74507,0.74523,1.12,1.87
2018.02.09 20:30:20.592,0.74508,0.74524,1.12,1.37
2018.02.09 20:30:21.586,0.74509,0.74523,1.00,1.37
2018.02.09 20:30:22.636,0.74509,0.74523,1.12,1.12
2018.02.09 20:30:23.314,0.74511,0.74526,1.12,1.37
2018.02.09 20:30:24.855,0.74511,0.74526,1.37,1.12
2018.02.09 20:30:24.956,0.74513,0.74529,1.12,1.37
2018.02.09 20:30:25.333,0.7451,0.74528,2.06,1.37
2018.02.09 20:30:25.860,0.7451,0.74528,2.06,1.37
2018.02.09 20:30:26.522,0.7451,0.74528,2.06,1.37
2018.02.09 20:30:27.595,0.7451,0.74528,2.06,1.37
2018.02.09 20:30:28.119,0.74511,0.74528,1.37,1.37
2018.02.09 20:30:28.831,0.74511,0.74527,1.12,1.37
2018.02.09 20:30:29.381,0.74507,0.74524,2.25,1.00
2018.02.09 20:30:29.432,0.74506,0.74523,2.06,1.37
2018.02.09 20:30:29.964,0.74506,0.74523,1.37,1.37
2018.02.09 20:30:30.015,0.74506,0.74523,1.37,1.12
2018.02.09 20:30:31.042,0.74508,0.74523,1.00,1.12
2018.02.09 20:30:32.154,0.74507,0.74524,1.12,1.37
2018.02.09 20:30:32.647,0.74507,0.74523,1.12,1.87
2018.02.09 20:30:33.161,0.74504,0.7452,1.87,1.12
2018.02.09 20:30:33.749,0.74503,0.74518,1.00,1.37
2018.02.09 20:30:33.884,0.74499,0.74516,1.87,1.00
2018.02.09 20:30:34.041,0.74498,0.74514,1.62,1.00
2018.02.09 20:30:34.092,0.74501,0.74518,1.37,1.87
2018.02.09 20:30:34.811,0.74501,0.74518,1.37,1.87
2018.02.09 20:30:34.863,0.74513,0.74525,1.37,1.00
2018.02.09 20:30:34.914,0.74514,0.7453,1.12,1.87
2018.02.09 20:30:34.965,0.74514,0.7453,1.87,1.00
2018.02.09 20:30:35.117,0.74514,0.74529,1.37,1.00
2018.02.09 20:30:35.672,0.74513,0.74529,1.37,1.37
2018.02.09 20:30:36.783,0.74514,0.7453,1.37,1.87
2018.02.09 20:30:36.885,0.74512,0.74529,1.37,1.87
2018.02.09 20:30:37.635,0.74512,0.74528,1.12,1.37
2018.02.09 20:30:38.952,0.74512,0.74528,1.12,1.37
2018.02.09 20:30:39.820,0.74513,0.74529,1.00,1.87
2018.02.09 20:30:39.992,0.74513,0.74529,1.00,1.87
2018.02.09 20:30:40.618,0.74512,0.74528,1.00,1.87
2018.02.09 20:30:41.305,0.74513,0.74529,1.00,1.37
2018.02.09 20:30:42.767,0.74513,0.74529,1.37,1.87
2018.02.09 20:30:42.868,0.74515,0.74531,1.00,1.87
2018.02.09 20:30:43.736,0.74513,0.74529,1.87,1.00
2018.02.09 20:30:43.788,0.74513,0.74529,1.12,1.12
2018.02.09 20:30:43.839,0.74513,0.74529,1.12,1.37
2018.02.09 20:30:44.145,0.74513,0.7453,1.87,1.12
2018.02.09 20:30:44.671,0.74515,0.74533,2.06,1.37
2018.02.09 20:30:45.317,0.74517,0.74533,1.12,1.87
2018.02.09 20:30:45.880,0.74516,0.74531,1.00,1.37
2018.02.09 20:30:46.418,0.74516,0.74531,1.12,1.37
2018.02.09 20:30:46.571,0.74516,0.74532,1.00,1.12
2018.02.09 20:30:47.378,0.74516,0.74532,1.37,1.00
2018.02.09 20:30:47.850,0.74518,0.74533,1.00,1.37
2018.02.09 20:30:48.002,0.74516,0.74532,1.12,1.37
2018.02.09 20:30:48.260,0.74513,0.7453,1.62,1.37
2018.02.09 20:30:49.018,0.74512,0.74528,1.37,1.37
2018.02.09 20:30:49.446,0.74515,0.74531,1.00,3.75
2018.02.09 20:30:49.548,0.74516,0.74532,1.12,1.37
2018.02.09 20:30:51.055,0.74514,0.74532,2.06,1.37
2018.02.09 20:30:51.985,0.74514,0.74532,2.06,1.37
2018.02.09 20:30:52.496,0.74514,0.74533,1.37,1.87
2018.02.09 20:30:53.022,0.74516,0.74532,1.12,1.87
2018.02.09 20:30:53.689,0.74516,0.74532,1.37,1.87
2018.02.09 20:30:54.241,0.74516,0.74532,1.12,1.87
2018.02.09 20:30:54.911,0.74514,0.74531,1.37,1.12
2018.02.09 20:30:55.476,0.74513,0.7453,1.87,1.00
2018.02.09 20:30:55.577,0.74511,0.74527,1.87,1.37
2018.02.09 20:30:56.183,0.7451,0.74527,1.37,1.12
2018.02.09 20:30:57.846,0.74509,0.74525,1.12,1.87
2018.02.09 20:30:58.189,0.74504,0.7452,1.37,1.50
2018.02.09 20:30:58.240,0.74504,0.7452,1.12,1.87
2018.02.09 20:30:59.012,0.74502,0.74519,2.06,1.37
2018.02.09 20:31:00.649,0.74504,0.7452,1.37,1.37
2018.02.09 20:31:00.952,0.74507,0.74524,1.00,3.75
2018.02.09 20:31:01.716,0.74508,0.74523,1.12,1.37
2018.02.09 20:31:02.096,0.74512,0.74528,1.87,1.12
2018.02.09 20:31:02.446,0.74512,0.74528,1.00,1.87
2018.02.09 20:31:02.792,0.74506,0.74523,1.37,1.37
2018.02.09 20:31:02.842,0.74506,0.74523,1.12,1.37
2018.02.09 20:31:03.148,0.74506,0.74523,1.37,1.37
2018.02.09 20:31:04.603,0.7451,0.74525,1.00,1.37
2018.02.09 20:31:04.983,0.7451,0.74526,1.37,1.87
2018.02.09 20:31:05.708,0.7451,0.74526,1.87,1.37
2018.02.09 20:31:05.759,0.74509,0.74526,1.12,1.87
2018.02.09 20:31:05.860,0.74508,0.74526,1.37,2.06
2018.02.09 20:31:06.286,0.74511,0.74527,1.00,3.00
2018.02.09 20:31:06.337,0.74512,0.74527,1.12,1.37
2018.02.09 20:31:06.767,0.74516,0.74532,1.00,1.12
2018.02.09 20:31:06.869,0.74515,0.74531,1.87,1.37
2018.02.09 20:31:07.417,0.74516,0.74533,1.12,1.87
2018.02.09 20:31:07.997,0.74515,0.74531,1.00,1.37
2018.02.09 20:31:08.769,0.74515,0.74531,1.37,1.37
2018.02.09 20:31:10.025,0.74515,0.74531,1.12,1.37
2018.02.09 20:31:10.502,0.74515,0.74533,2.06,1.37
2018.02.09 20:31:11.128,0.74514,0.74531,1.37,1.50
2018.02.09 20:31:11.797,0.74513,0.7453,1.87,1.12
2018.02.09 20:31:12.481,0.74514,0.7453,1.00,1.87
2018.02.09 20:31:13.081,0.7451,0.74527,3.56,1.37
2018.02.09 20:31:13.182,0.7451,0.74526,1.87,1.37
2018.02.09 20:31:13.285,0.7451,0.74526,1.87,1.12
2018.02.09 20:31:14.153,0.7451,0.74526,1.87,1.37
2018.02.09 20:31:14.363,0.74509,0.74525,1.12,1.50
2018.02.09 20:31:14.414,0.74509,0.74525,1.12,1.87
2018.02.09 20:31:14.515,0.74507,0.74524,1.12,1.37
2018.02.09 20:31:14.700,0.74507,0.74523,1.37,1.12
2018.02.09 20:31:15.371,0.74509,0.74526,1.87,1.37
2018.02.09 20:31:16.288,0.74511,0.74528,1.37,1.87
2018.02.09 20:31:17.899,0.74509,0.74527,2.06,1.87
2018.02.09 20:31:17.949,0.74509,0.74527,2.06,1.87
2018.02.09 20:31:18.050,0.74508,0.74526,1.37,1.87
2018.02.09 20:31:18.613,0.74508,0.74526,1.37,1.87
2018.02.09 20:31:20.634,0.74505,0.74523,1.87,2.06
2018.02.09 20:31:21.206,0.74507,0.74524,1.37,1.37
2018.02.09 20:31:22.495,0.74507,0.74524,1.12,1.87
2018.02.09 20:31:23.962,0.74505,0.74523,3.00,1.37
2018.02.09 20:31:24.479,0.74507,0.74523,1.00,1.87
2018.02.09 20:31:24.830,0.74503,0.7452,1.56,1.87
2018.02.09 20:31:24.881,0.74501,0.7452,2.06,1.37
2018.02.09 20:31:24.983,0.74504,0.7452,1.12,1.37
2018.02.09 20:31:25.659,0.74502,0.74517,1.00,1.37
2018.02.09 20:31:26.066,0.74502,0.74517,1.00,1.00
2018.02.09 20:31:26.596,0.74502,0.74518,1.00,1.12
2018.02.09 20:31:26.811,0.74503,0.74517,1.37,1.00
2018.02.09 20:31:27.053,0.74508,0.74524,1.00,1.87
2018.02.09 20:31:27.640,0.74508,0.74524,1.00,1.87
2018.02.09 20:31:27.691,0.74508,0.74524,1.00,1.37
2018.02.09 20:31:27.792,0.74508,0.74525,1.87,1.37
2018.02.09 20:31:27.893,0.74508,0.74525,1.87,1.37
2018.02.09 20:31:28.501,0.74508,0.74525,1.87,1.37
2018.02.09 20:31:28.602,0.74508,0.74525,1.87,1.37
2018.02.09 20:31:28.703,0.74509,0.74526,1.37,1.87
2018.02.09 20:31:28.913,0.7451,0.74527,1.37,1.87
2018.02.09 20:31:29.990,0.74511,0.74527,1.37,1.37
2018.02.09 20:31:30.916,0.74511,0.74527,1.12,1.37
2018.02.09 20:31:31.458,0.7451,0.74527,1.37,1.37
2018.02.09 20:31:31.509,0.74509,0.74525,1.00,1.12
2018.02.09 20:31:31.811,0.74511,0.74527,1.12,1.37
2018.02.09 20:31:31.911,0.74512,0.74527,1.00,1.12
2018.02.09 20:31:32.417,0.74512,0.74528,1.12,1.00
2018.02.09 20:31:32.613,0.74512,0.74528,1.12,1.37
2018.02.09 20:31:33.767,0.74511,0.74528,1.37,1.12
2018.02.09 20:31:34.814,0.74511,0.74527,1.37,1.37
2018.02.09 20:31:35.367,0.74513,0.7453,1.37,1.37
2018.02.09 20:31:36.022,0.74511,0.74529,2.06,1.12
2018.02.09 20:31:36.073,0.74512,0.74528,1.12,1.37
2018.02.09 20:31:36.768,0.74511,0.74528,1.37,1.87
2018.02.09 20:31:37.400,0.74509,0.74527,1.87,1.87
2018.02.09 20:31:38.868,0.74509,0.74526,1.87,1.12
2018.02.09 20:31:40.054,0.74509,0.74526,1.87,1.37
2018.02.09 20:31:40.683,0.7451,0.74528,1.87,1.87
2018.02.09 20:31:41.160,0.7451,0.74528,1.87,1.50
2018.02.09 20:31:42.618,0.74512,0.74528,1.37,1.37
2018.02.09 20:31:43.069,0.74512,0.74529,1.87,1.12
2018.02.09 20:31:46.522,0.74513,0.74529,1.12,1.37
2018.02.09 20:31:49.246,0.74511,0.74527,1.12,1.12
2018.02.09 20:31:49.634,0.74515,0.74529,1.00,2.25
2018.02.09 20:31:49.686,0.74515,0.74531,1.37,1.12
2018.02.09 20:31:50.137,0.74514,0.74531,1.12,1.87
2018.02.09 20:31:50.914,0.74511,0.74527,1.37,1.87
2018.02.09 20:31:51.428,0.74509,0.74526,1.87,1.37
2018.02.09 20:31:51.531,0.74508,0.74525,1.37,1.87
2018.02.09 20:31:51.972,0.74509,0.74526,1.37,1.37
2018.02.09 20:31:52.195,0.74511,0.74529,1.37,3.75
2018.02.09 20:31:52.931,0.74511,0.74528,1.12,1.87
2018.02.09 20:31:53.286,0.74514,0.74529,1.00,1.37
2018.02.09 20:31:53.440,0.74514,0.74529,1.12,1.12
2018.02.09 20:31:53.668,0.74513,0.74529,1.31,1.37
2018.02.09 20:31:54.080,0.74513,0.74529,1.31,1.12
2018.02.09 20:31:55.114,0.74513,0.74529,1.00,1.37
2018.02.09 20:31:55.728,0.74511,0.74528,1.87,1.12
2018.02.09 20:31:55.780,0.7451,0.74526,1.37,1.12
2018.02.09 20:31:56.332,0.7451,0.74526,1.37,1.87
2018.02.09 20:31:56.839,0.74512,0.74527,1.00,1.37
2018.02.09 20:31:59.791,0.74512,0.74528,1.37,1.87
2018.02.09 20:32:00.308,0.74512,0.74528,1.37,1.00
2018.02.09 20:32:00.409,0.74511,0.74528,1.87,1.12
2018.02.09 20:32:00.795,0.74511,0.74527,1.87,1.37
2018.02.09 20:32:01.693,0.74509,0.74526,1.12,1.87
2018.02.09 20:32:01.794,0.74509,0.74525,1.12,1.37
2018.02.09 20:32:02.582,0.74508,0.74524,1.00,1.37
2018.02.09 20:32:03.187,0.74506,0.74523,1.37,1.87
2018.02.09 20:32:03.870,0.74507,0.74523,1.37,1.37
2018.02.09 20:32:04.382,0.74508,0.74526,1.12,3.75
2018.02.09 20:32:04.736,0.74509,0.74525,1.37,1.37
2018.02.09 20:32:05.292,0.74509,0.74525,1.00,1.37
2018.02.09 20:32:06.128,0.74509,0.74525,1.37,1.37
2018.02.09 20:32:06.675,0.7451,0.74526,1.00,1.87
2018.02.09 20:32:06.777,0.74511,0.74527,1.12,1.37
2018.02.09 20:32:07.203,0.74512,0.74528,1.37,1.00
2018.02.09 20:32:07.629,0.74514,0.74532,1.87,1.87
2018.02.09 20:32:08.403,0.74514,0.7453,1.37,1.37
2018.02.09 20:32:09.193,0.74514,0.7453,1.37,1.12
2018.02.09 20:32:13.570,0.74515,0.74531,1.00,1.87
2018.02.09 20:32:14.194,0.74514,0.74529,1.12,1.37
2018.02.09 20:32:14.720,0.74515,0.7453,1.00,1.37
2018.02.09 20:32:14.989,0.74519,0.74535,1.12,1.37
2018.02.09 20:32:15.277,0.74516,0.74534,1.37,3.75
2018.02.09 20:32:15.998,0.74516,0.74532,1.12,1.37
2018.02.09 20:32:16.302,0.74514,0.7453,1.12,1.87
2018.02.09 20:32:16.737,0.74516,0.74531,1.00,1.37
2018.02.09 20:32:17.332,0.74515,0.74531,1.62,1.37
2018.02.09 20:32:18.942,0.74515,0.74533,1.87,1.87
2018.02.09 20:32:19.321,0.74517,0.74534,1.12,1.37
2018.02.09 20:32:20.127,0.74518,0.74534,1.00,1.37
2018.02.09 20:32:20.712,0.74519,0.74536,1.00,3.00
2018.02.09 20:32:21.220,0.74521,0.74536,1.00,1.37
2018.02.09 20:32:21.348,0.74521,0.74536,1.00,1.12
2018.02.09 20:32:21.558,0.74523,0.74539,1.12,2.62
2018.02.09 20:32:22.359,0.74524,0.7454,1.12,1.87
2018.02.09 20:32:22.926,0.74525,0.74541,1.12,1.37
2018.02.09 20:32:23.867,0.74524,0.7454,1.37,1.12
2018.02.09 20:32:25.281,0.74527,0.74542,1.00,1.37
2018.02.09 20:32:25.382,0.74524,0.74539,1.25,1.37
2018.02.09 20:32:25.841,0.74522,0.74537,1.00,1.37
2018.02.09 20:32:26.361,0.74523,0.74539,1.12,1.37
2018.02.09 20:32:26.513,0.74523,0.74539,1.12,1.12
2018.02.09 20:32:27.156,0.74523,0.74539,1.12,1.87
2018.02.09 20:32:28.252,0.74523,0.74539,1.12,1.87
2018.02.09 20:32:28.911,0.74523,0.7454,1.37,1.37
2018.02.09 20:32:29.451,0.74525,0.74543,1.12,3.00
2018.02.09 20:32:29.999,0.74526,0.74541,1.12,1.37
2018.02.09 20:32:30.752,0.74525,0.74543,2.06,1.87
2018.02.09 20:32:30.954,0.74533,0.74549,1.37,2.62
2018.02.09 20:32:31.056,0.74532,0.74549,1.12,1.37
2018.02.09 20:32:31.766,0.7453,0.74547,1.37,1.87
2018.02.09 20:32:32.364,0.74529,0.74545,1.87,1.00
2018.02.09 20:32:33.280,0.74529,0.74546,1.12,1.62
2018.02.09 20:32:35.718,0.7453,0.74545,1.00,1.37
2018.02.09 20:32:35.819,0.7453,0.74547,1.12,1.87
2018.02.09 20:32:35.870,0.7453,0.74547,1.87,1.37
2018.02.09 20:32:36.135,0.74528,0.74546,1.37,1.37
2018.02.09 20:32:37.226,0.74529,0.74545,1.00,1.37
2018.02.09 20:32:38.761,0.74528,0.74544,1.12,1.37
2018.02.09 20:32:38.812,0.74529,0.74545,1.12,1.37
2018.02.09 20:32:40.922,0.7453,0.74545,1.00,1.37
2018.02.09 20:32:41.451,0.74528,0.74544,1.37,1.12
2018.02.09 20:32:42.666,0.74526,0.74542,1.37,1.37
2018.02.09 20:32:43.421,0.74525,0.74541,1.87,1.37
2018.02.09 20:32:43.808,0.74526,0.74543,1.37,2.06
2018.02.09 20:32:44.284,0.74526,0.74543,1.12,1.87
2018.02.09 20:32:45.201,0.74526,0.74543,1.37,1.87
2018.02.09 20:32:47.218,0.74527,0.74543,1.00,1.87
2018.02.09 20:32:48.742,0.74526,0.74543,1.37,1.87
2018.02.09 20:32:50.992,0.74525,0.74542,1.12,1.37
2018.02.09 20:32:54.046,0.74526,0.74541,1.00,1.37
2018.02.09 20:32:54.680,0.74526,0.74541,1.12,1.37
2018.02.09 20:32:56.509,0.74524,0.7454,1.00,1.37
2018.02.09 20:32:57.975,0.74524,0.7454,1.37,1.37
2018.02.09 20:33:00.460,0.74523,0.74539,1.00,1.12
2018.02.09 20:33:02.022,0.74523,0.74539,1.37,1.37
2018.02.09 20:33:02.475,0.74526,0.74542,1.00,1.87
2018.02.09 20:33:02.979,0.74526,0.74542,1.00,1.12
2018.02.09 20:33:03.929,0.74525,0.74542,1.87,1.12
2018.02.09 20:33:04.577,0.74523,0.7454,2.06,1.37
2018.02.09 20:33:04.786,0.74522,0.74539,1.87,1.12
2018.02.09 20:33:05.443,0.74522,0.74538,1.87,1.00
2018.02.09 20:33:07.002,0.74522,0.74539,1.87,1.12
2018.02.09 20:33:07.053,0.74523,0.74539,1.87,1.12
2018.02.09 20:33:08.093,0.74522,0.74538,1.37,1.12
2018.02.09 20:33:08.624,0.74522,0.74539,1.37,1.87
2018.02.09 20:33:09.587,0.74522,0.74539,1.00,3.75
2018.02.09 20:33:10.162,0.74521,0.74537,1.12,1.37
2018.02.09 20:33:10.463,0.74519,0.74535,1.37,1.37
2018.02.09 20:33:11.284,0.74519,0.74535,1.12,1.00
2018.02.09 20:33:11.692,0.74518,0.74534,1.37,1.37
2018.02.09 20:33:11.861,0.74517,0.74533,1.12,1.87
2018.02.09 20:33:12.388,0.74515,0.74531,1.87,1.37
2018.02.09 20:33:12.890,0.74515,0.74531,1.87,1.12
2018.02.09 20:33:12.992,0.74513,0.7453,1.37,1.37
2018.02.09 20:33:13.523,0.74513,0.74529,1.37,1.37
2018.02.09 20:33:13.675,0.74511,0.74529,1.87,1.87
2018.02.09 20:33:13.905,0.74511,0.74529,1.87,1.87
2018.02.09 20:33:14.245,0.74511,0.74529,1.87,3.75
2018.02.09 20:33:14.549,0.74517,0.74532,1.50,3.75
2018.02.09 20:33:14.599,0.74519,0.74533,1.37,1.00
2018.02.09 20:33:14.831,0.74519,0.74536,1.37,1.87
2018.02.09 20:33:15.346,0.74521,0.74536,1.12,1.37
2018.02.09 20:33:16.106,0.74521,0.74536,1.12,1.12
2018.02.09 20:33:16.157,0.74523,0.74539,1.00,3.00
2018.02.09 20:33:16.207,0.74523,0.74539,1.12,1.37
2018.02.09 20:33:16.747,0.74523,0.74539,1.37,1.37
2018.02.09 20:33:17.521,0.74522,0.74539,1.37,1.87
2018.02.09 20:33:17.888,0.74525,0.74539,1.00,1.37
2018.02.09 20:33:18.041,0.74528,0.74545,1.12,1.37
2018.02.09 20:33:23.370,0.74526,0.74545,1.87,1.37
2018.02.09 20:33:23.906,0.74525,0.74542,1.87,1.12
2018.02.09 20:33:23.957,0.74525,0.74539,1.12,1.00
2018.02.09 20:33:24.146,0.74523,0.74539,1.12,1.87
2018.02.09 20:33:24.934,0.74521,0.74539,1.87,3.00
2018.02.09 20:33:25.346,0.74523,0.74539,1.12,1.87
2018.02.09 20:33:25.499,0.74525,0.74541,1.00,1.87
2018.02.09 20:33:26.483,0.74527,0.74541,1.00,1.37
2018.02.09 20:33:26.584,0.74532,0.74546,1.00,1.37
2018.02.09 20:33:26.968,0.74533,0.74548,1.12,1.37
2018.02.09 20:33:27.484,0.74533,0.74548,1.00,1.12
2018.02.09 20:33:28.928,0.74532,0.74548,1.31,1.12
2018.02.09 20:33:29.530,0.74533,0.74548,1.00,1.12
2018.02.09 20:33:29.580,0.74535,0.74548,1.00,1.12
2018.02.09 20:33:29.738,0.74535,0.74552,1.00,1.87
2018.02.09 20:33:30.745,0.74535,0.74551,1.12,1.37
2018.02.09 20:33:31.928,0.74533,0.7455,1.12,1.87
2018.02.09 20:33:32.943,0.74534,0.74549,1.00,1.37
2018.02.09 20:33:34.315,0.74532,0.74549,1.62,1.37
2018.02.09 20:33:34.418,0.74531,0.74547,1.87,1.37
2018.02.09 20:33:34.958,0.7453,0.74546,1.12,1.87
2018.02.09 20:33:36.836,0.7453,0.74546,1.37,1.87
2018.02.09 20:33:38.203,0.74531,0.74548,1.62,1.37
2018.02.09 20:33:38.400,0.74534,0.74549,1.00,2.25
2018.02.09 20:33:38.522,0.74536,0.74551,1.00,1.12
2018.02.09 20:33:38.573,0.74533,0.7455,1.37,1.87
2018.02.09 20:33:39.099,0.74533,0.74549,1.37,1.12
2018.02.09 20:33:40.091,0.74535,0.74551,1.37,1.87
2018.02.09 20:33:40.142,0.74534,0.7455,1.12,1.12
2018.02.09 20:33:40.726,0.74534,0.74551,1.37,1.87
2018.02.09 20:33:41.259,0.74538,0.74554,1.12,1.37
2018.02.09 20:33:41.360,0.7454,0.74556,1.37,1.37
2018.02.09 20:33:41.983,0.74537,0.74556,1.87,1.37
2018.02.09 20:33:42.133,0.74538,0.74553,1.12,1.00
2018.02.09 20:33:42.661,0.74538,0.74555,1.12,1.31
2018.02.09 20:33:46.061,0.74538,0.74554,1.87,1.00
2018.02.09 20:33:48.234,0.74537,0.74556,1.87,1.37
2018.02.09 20:33:48.285,0.74536,0.74552,1.00,1.37
2018.02.09 20:33:48.852,0.74535,0.74551,1.87,1.12
2018.02.09 20:33:51.266,0.74537,0.74553,1.00,2.06
2018.02.09 20:33:52.649,0.74535,0.74552,2.06,1.37
2018.02.09 20:33:53.161,0.74534,0.74551,1.87,1.37
2018.02.09 20:33:53.692,0.74531,0.74548,1.87,1.37
2018.02.09 20:33:54.312,0.74529,0.74547,1.87,1.37
2018.02.09 20:33:55.272,0.74529,0.74543,1.37,1.00
2018.02.09 20:33:55.374,0.74526,0.74543,1.12,1.37
2018.02.09 20:33:56.321,0.74526,0.74543,1.37,1.37
2018.02.09 20:33:56.689,0.74526,0.74543,1.37,1.87
2018.02.09 20:33:58.680,0.74527,0.74543,1.37,1.37
2018.02.09 20:33:58.994,0.74531,0.74545,1.00,1.62
2018.02.09 20:33:59.099,0.74531,0.74548,1.12,1.87
2018.02.09 20:33:59.653,0.7453,0.74546,1.12,1.12
2018.02.09 20:33:59.762,0.74528,0.74546,1.87,1.87
2018.02.09 20:34:00.317,0.74529,0.74546,1.37,1.37
2018.02.09 20:34:01.126,0.74527,0.74545,1.87,1.87
2018.02.09 20:34:03.158,0.7453,0.74545,1.00,1.37
2018.02.09 20:34:03.664,0.7453,0.74545,1.12,1.37
2018.02.09 20:34:06.527,0.7453,0.74545,1.37,1.12
2018.02.09 20:34:08.503,0.7453,0.74546,1.37,1.12
2018.02.09 20:34:09.989,0.7453,0.74546,1.12,1.12
2018.02.09 20:34:11.406,0.74527,0.74545,1.87,1.87
2018.02.09 20:34:11.720,0.7453,0.74546,1.37,1.37
2018.02.09 20:34:12.148,0.74527,0.74544,2.06,1.37
2018.02.09 20:34:12.710,0.74528,0.74544,1.37,1.12
2018.02.09 20:34:12.890,0.74526,0.74544,1.87,1.87
2018.02.09 20:34:12.940,0.74526,0.74544,1.87,1.87
2018.02.09 20:34:13.043,0.74527,0.74543,1.12,1.37
2018.02.09 20:34:15.812,0.74526,0.74543,1.37,1.37
2018.02.09 20:34:16.423,0.74526,0.74543,1.87,1.37
2018.02.09 20:34:17.165,0.74524,0.7454,2.06,1.12
2018.02.09 20:34:17.593,0.74527,0.74544,1.87,1.31
2018.02.09 20:34:17.865,0.74529,0.74544,1.37,1.12
2018.02.09 20:34:18.171,0.74525,0.74542,1.87,1.37
2018.02.09 20:34:19.016,0.74524,0.74541,1.87,1.37
2018.02.09 20:34:19.425,0.74526,0.74543,1.37,1.87
2018.02.09 20:34:19.976,0.74526,0.7454,1.37,1.00
2018.02.09 20:34:20.027,0.74526,0.7454,1.12,1.00
2018.02.09 20:34:22.216,0.74526,0.74541,1.12,1.12
2018.02.09 20:34:22.591,0.74526,0.74542,1.37,1.12
2018.02.09 20:34:23.120,0.74526,0.74544,1.37,1.37
2018.02.09 20:34:23.482,0.74529,0.74545,1.00,1.37
2018.02.09 20:34:23.534,0.7453,0.74545,1.00,1.12
2018.02.09 20:34:23.772,0.74533,0.74549,1.00,3.00
2018.02.09 20:34:24.325,0.74533,0.74549,1.12,1.37
2018.02.09 20:34:28.280,0.74532,0.7455,1.37,2.06
2018.02.09 20:34:28.614,0.74528,0.74544,1.12,1.12
2018.02.09 20:34:29.990,0.74528,0.74544,1.87,1.12
2018.02.09 20:34:32.764,0.74528,0.74544,1.37,1.12
2018.02.09 20:34:33.031,0.74527,0.74543,1.12,1.12
2018.02.09 20:34:33.721,0.74529,0.74546,1.87,1.87
2018.02.09 20:34:34.037,0.7453,0.74546,1.87,1.12
2018.02.09 20:34:34.620,0.74531,0.74549,1.87,2.06
2018.02.09 20:34:34.738,0.74531,0.74547,1.87,1.12
2018.02.09 20:34:35.281,0.7453,0.74547,1.87,1.37
2018.02.09 20:34:35.636,0.74532,0.74548,1.37,1.00
2018.02.09 20:34:36.226,0.74532,0.74549,1.37,1.87
2018.02.09 20:34:36.540,0.74535,0.74552,1.87,1.37
2018.02.09 20:34:36.841,0.74535,0.74552,1.87,1.12
2018.02.09 20:34:37.153,0.74535,0.74552,1.87,1.37
2018.02.09 20:34:37.702,0.74535,0.74553,1.87,1.37
2018.02.09 20:34:38.092,0.74536,0.74552,1.37,1.12
2018.02.09 20:34:38.721,0.74536,0.74552,1.37,1.37
2018.02.09 20:34:39.322,0.74534,0.74551,1.37,1.87
2018.02.09 20:34:39.598,0.74534,0.74551,1.12,1.37
2018.02.09 20:34:40.139,0.74533,0.7455,1.12,1.37
2018.02.09 20:34:42.283,0.74533,0.7455,1.37,1.87
2018.02.09 20:34:43.512,0.74533,0.7455,1.37,1.87
2018.02.09 20:34:44.132,0.74533,0.74547,1.37,1.00
2018.02.09 20:34:44.305,0.7453,0.74547,1.87,1.37
2018.02.09 20:34:44.406,0.74529,0.74545,1.12,1.12
2018.02.09 20:34:44.514,0.74528,0.74545,1.37,1.87
2018.02.09 20:34:45.064,0.74528,0.74545,1.37,1.87
2018.02.09 20:34:45.883,0.7453,0.74546,1.12,1.37
2018.02.09 20:34:47.073,0.74531,0.74547,1.00,1.87
2018.02.09 20:34:47.656,0.74531,0.74547,1.37,1.87
2018.02.09 20:34:48.364,0.74531,0.74548,1.12,1.87
2018.02.09 20:34:49.437,0.74531,0.74548,1.37,1.37
2018.02.09 20:34:49.639,0.74527,0.74544,1.87,1.00
2018.02.09 20:34:49.795,0.74529,0.74547,1.37,1.87
2018.02.09 20:34:50.166,0.7453,0.74546,1.87,1.00
2018.02.09 20:34:50.936,0.7453,0.74548,1.87,1.87
2018.02.09 20:34:51.446,0.74532,0.74548,1.37,1.00
2018.02.09 20:34:54.386,0.74532,0.74548,1.87,1.00
2018.02.09 20:34:54.939,0.74533,0.74551,1.87,1.37
2018.02.09 20:34:55.101,0.74536,0.74552,1.12,1.87
2018.02.09 20:34:55.152,0.74536,0.74551,1.00,1.37
2018.02.09 20:34:55.258,0.74536,0.74552,1.12,1.87
2018.02.09 20:35:00.718,0.74536,0.74552,1.37,1.37
2018.02.09 20:35:01.423,0.74536,0.74552,1.37,1.87
2018.02.09 20:35:02.061,0.7454,0.74555,1.00,1.12
2018.02.09 20:35:02.112,0.74541,0.74557,1.37,1.37
2018.02.09 20:35:02.765,0.74541,0.74557,1.12,1.37
2018.02.09 20:35:09.505,0.74542,0.74558,1.12,1.87
2018.02.09 20:35:10.604,0.74542,0.74558,1.37,1.37
2018.02.09 20:35:12.729,0.74544,0.74558,1.00,1.37
2018.02.09 20:35:12.880,0.74544,0.7456,1.37,1.37
2018.02.09 20:35:14.561,0.74546,0.7456,1.00,1.37
2018.02.09 20:35:18.106,0.74545,0.7456,1.12,1.37
2018.02.09 20:35:18.861,0.74545,0.74561,1.37,1.37
2018.02.09 20:35:21.866,0.74546,0.74562,1.37,1.37
2018.02.09 20:35:26.538,0.74545,0.74563,1.87,1.87
2018.02.09 20:35:28.408,0.74545,0.74563,1.87,1.87
2018.02.09 20:35:29.990,0.74545,0.74562,1.87,1.37
2018.02.09 20:35:30.494,0.74543,0.74558,1.37,1.00
2018.02.09 20:35:30.545,0.74537,0.74553,1.87,1.00
2018.02.09 20:35:31.063,0.74537,0.74553,1.87,1.00
2018.02.09 20:35:31.395,0.74541,0.74557,1.37,1.00
2018.02.09 20:35:33.676,0.7454,0.74557,1.87,1.12
2018.02.09 20:35:33.981,0.7454,0.74558,1.12,3.75
2018.02.09 20:35:34.357,0.7454,0.74556,1.37,1.12
2018.02.09 20:35:34.884,0.74542,0.74558,1.00,1.37
2018.02.09 20:35:35.008,0.74542,0.74558,1.00,1.37
2018.02.09 20:35:35.213,0.74538,0.74555,1.87,1.37
2018.02.09 20:35:35.848,0.74538,0.74555,1.87,1.37
2018.02.09 20:35:37.170,0.74539,0.74556,1.37,1.87
2018.02.09 20:35:37.372,0.7454,0.74558,1.87,1.12
2018.02.09 20:35:37.593,0.7454,0.74558,1.87,3.00
2018.02.09 20:35:37.986,0.74538,0.74557,1.12,1.87
2018.02.09 20:35:38.088,0.74538,0.74554,1.00,1.37
2018.02.09 20:35:43.492,0.74539,0.74553,1.00,1.37
2018.02.09 20:35:44.096,0.74538,0.74553,1.00,1.37
2018.02.09 20:35:44.767,0.74539,0.74553,1.00,1.37
2018.02.09 20:35:45.408,0.74538,0.74553,1.00,1.37
2018.02.09 20:35:46.081,0.74537,0.74553,1.12,1.37
2018.02.09 20:35:46.522,0.74532,0.74546,1.00,1.87
2018.02.09 20:35:46.623,0.74529,0.74546,1.25,1.37
2018.02.09 20:35:46.674,0.74531,0.74546,1.00,1.37
2018.02.09 20:35:47.587,0.74532,0.74547,1.00,1.37
2018.02.09 20:35:48.167,0.74532,0.74547,1.00,1.37
2018.02.09 20:35:48.541,0.74532,0.74548,1.12,1.37
2018.02.09 20:35:48.592,0.74534,0.74548,1.00,1.37
2018.02.09 20:35:48.955,0.74535,0.7455,1.00,1.37
2018.02.09 20:35:49.907,0.74535,0.7455,1.00,1.37
2018.02.09 20:35:50.251,0.74537,0.74551,1.00,3.00
2018.02.09 20:35:50.353,0.74538,0.74552,1.00,1.37
2018.02.09 20:35:51.952,0.74536,0.74552,1.31,1.37
2018.02.09 20:35:52.952,0.74536,0.74552,1.12,1.37
2018.02.09 20:35:53.668,0.74535,0.74552,1.12,1.37
2018.02.09 20:35:53.838,0.74535,0.7455,1.00,1.37
2018.02.09 20:35:54.597,0.74534,0.7455,1.00,1.37
2018.02.09 20:35:54.648,0.74532,0.74549,1.12,1.87
2018.02.09 20:35:54.794,0.7453,0.74546,1.31,1.37
2018.02.09 20:35:55.106,0.74535,0.74548,1.00,2.25
2018.02.09 20:35:55.157,0.74535,0.7455,1.00,1.37
2018.02.09 20:35:55.735,0.74535,0.74549,1.00,1.37
2018.02.09 20:35:56.147,0.74537,0.74549,1.00,1.37
2018.02.09 20:35:56.518,0.74536,0.74551,1.25,1.37
2018.02.09 20:35:56.903,0.74536,0.7455,1.00,1.37
2018.02.09 20:35:57.461,0.74535,0.7455,1.25,1.37
2018.02.09 20:35:58.469,0.74536,0.7455,1.00,1.37
2018.02.09 20:36:00.312,0.74537,0.7455,1.00,1.37
2018.02.09 20:36:01.003,0.74536,0.74551,1.00,1.37
2018.02.09 20:36:01.504,0.74537,0.7455,1.00,1.37
2018.02.09 20:36:02.057,0.74537,0.7455,1.00,1.37
2018.02.09 20:36:02.867,0.74536,0.7455,1.00,1.37
2018.02.09 20:36:03.499,0.74536,0.7455,1.00,1.37
2018.02.09 20:36:03.701,0.74534,0.7455,1.12,1.37
2018.02.09 20:36:05.957,0.74531,0.74546,1.62,1.00
2018.02.09 20:36:06.210,0.74533,0.74549,1.00,1.37
2018.02.09 20:36:06.922,0.74535,0.74551,1.12,1.37
2018.02.09 20:36:07.023,0.74535,0.74552,1.37,1.87
2018.02.09 20:36:07.472,0.74535,0.74552,1.12,1.87
2018.02.09 20:36:07.624,0.74531,0.74548,1.62,1.87
2018.02.09 20:36:07.812,0.74529,0.74546,1.62,1.37
2018.02.09 20:36:09.786,0.74531,0.74546,1.12,1.37
2018.02.09 20:36:09.989,0.74533,0.7455,1.12,1.37
2018.02.09 20:36:10.627,0.74533,0.7455,1.12,1.87
2018.02.09 20:36:10.729,0.7453,0.74548,1.87,1.37
2018.02.09 20:36:11.332,0.7453,0.74547,1.12,1.37
2018.02.09 20:36:11.952,0.7453,0.74547,1.12,1.37
2018.02.09 20:36:12.164,0.74532,0.74548,1.12,1.37
2018.02.09 20:36:12.787,0.74532,0.74548,1.37,1.12
2018.02.09 20:36:13.916,0.74532,0.74549,1.37,1.37
2018.02.09 20:36:16.127,0.7453,0.74547,1.87,1.12
2018.02.09 20:36:16.540,0.7453,0.74547,1.00,1.37
2018.02.09 20:36:17.149,0.74529,0.74545,1.12,1.12
2018.02.09 20:36:18.442,0.74529,0.74546,1.12,1.87
2018.02.09 20:36:18.751,0.74525,0.74542,1.87,1.12
2018.02.09 20:36:18.802,0.74529,0.74545,1.00,4.50
2018.02.09 20:36:18.944,0.74529,0.74546,1.87,1.12
2018.02.09 20:36:19.445,0.7453,0.74547,1.12,1.37
2018.02.09 20:36:20.193,0.74529,0.74546,1.87,1.00
2018.02.09 20:36:20.269,0.74529,0.74546,1.87,1.37
2018.02.09 20:36:23.349,0.74528,0.74544,1.12,1.37
2018.02.09 20:36:23.898,0.74529,0.74544,1.00,1.37
2018.02.09 20:36:24.877,0.74529,0.74544,1.12,1.37
2018.02.09 20:36:25.212,0.74527,0.74543,1.12,1.37
2018.02.09 20:36:25.580,0.74521,0.74538,3.75,1.50
2018.02.09 20:36:25.888,0.74517,0.74534,1.37,1.37
2018.02.09 20:36:25.939,0.74517,0.74534,1.00,1.87
2018.02.09 20:36:26.659,0.74515,0.74532,1.37,1.37
2018.02.09 20:36:27.096,0.74518,0.74536,1.37,3.37
2018.02.09 20:36:27.197,0.74518,0.74536,1.12,1.87
2018.02.09 20:36:27.840,0.74516,0.74534,1.87,1.37
2018.02.09 20:36:28.411,0.74516,0.74534,1.87,1.37
2018.02.09 20:36:28.717,0.74515,0.74533,1.12,1.37
2018.02.09 20:36:28.768,0.74514,0.74532,1.37,1.87
2018.02.09 20:36:29.020,0.74515,0.74532,1.12,1.87
2018.02.09 20:36:30.134,0.74515,0.74532,1.00,3.00
2018.02.09 20:36:30.682,0.74516,0.74532,1.00,3.00
2018.02.09 20:36:31.217,0.74518,0.74532,1.00,1.12
2018.02.09 20:36:31.699,0.74521,0.74534,1.00,1.37
2018.02.09 20:36:31.762,0.74521,0.74536,1.00,1.87
2018.02.09 20:36:31.813,0.74526,0.74538,1.00,2.25
2018.02.09 20:36:31.933,0.74528,0.7454,1.00,2.25
2018.02.09 20:36:31.988,0.74528,0.74543,1.00,1.37
2018.02.09 20:36:33.752,0.74528,0.74544,1.00,1.37
2018.02.09 20:36:34.007,0.74525,0.74541,1.37,1.00
2018.02.09 20:36:34.059,0.74526,0.74539,1.00,1.37
2018.02.09 20:36:34.602,0.74525,0.74541,1.12,1.37
2018.02.09 20:36:35.678,0.74525,0.7454,1.00,1.37
2018.02.09 20:36:37.629,0.74523,0.7454,1.37,1.37
2018.02.09 20:36:38.996,0.74525,0.7454,1.00,1.37
2018.02.09 20:36:39.213,0.74522,0.74539,1.87,1.37
2018.02.09 20:36:39.314,0.74522,0.74538,1.00,1.87
2018.02.09 20:36:40.015,0.74522,0.74538,1.00,1.87
2018.02.09 20:36:40.527,0.74522,0.74538,1.12,1.12
2018.02.09 20:36:41.083,0.74523,0.74538,1.00,1.12
2018.02.09 20:36:41.735,0.74524,0.74539,1.00,1.37
2018.02.09 20:36:42.882,0.74521,0.74538,1.12,1.37
2018.02.09 20:36:42.933,0.74521,0.74538,1.12,1.37
2018.02.09 20:36:43.318,0.74517,0.74533,1.00,1.37
2018.02.09 20:36:43.768,0.74517,0.74533,1.37,1.37
2018.02.09 20:36:43.979,0.74519,0.74535,1.12,1.12
2018.02.09 20:36:44.090,0.74519,0.74535,1.37,1.12
2018.02.09 20:36:44.963,0.74521,0.74538,1.87,1.37
2018.02.09 20:36:45.275,0.74523,0.7454,1.37,1.37
2018.02.09 20:36:45.580,0.74522,0.74539,1.87,1.37
2018.02.09 20:36:46.109,0.74521,0.74537,1.12,1.37
2018.02.09 20:36:46.362,0.74521,0.74537,1.00,3.00
2018.02.09 20:36:46.670,0.74523,0.74539,1.00,1.37
2018.02.09 20:36:47.492,0.74523,0.74539,1.00,2.25
2018.02.09 20:36:47.543,0.74521,0.74536,1.12,1.37
2018.02.09 20:36:48.082,0.74521,0.74536,1.00,1.37
2018.02.09 20:36:48.960,0.74522,0.74538,1.00,3.00
2018.02.09 20:36:49.120,0.74522,0.74538,1.00,1.37
2018.02.09 20:36:49.673,0.7452,0.74538,1.12,1.37
2018.02.09 20:36:49.724,0.7452,0.74536,1.00,1.37
2018.02.09 20:36:50.200,0.74521,0.74537,1.00,1.37
2018.02.09 20:36:51.251,0.74521,0.74537,1.37,1.37
2018.02.09 20:36:51.895,0.74522,0.7454,1.37,3.00
2018.02.09 20:36:53.250,0.74522,0.74537,1.00,1.37
2018.02.09 20:36:53.674,0.74523,0.74539,1.12,1.37
2018.02.09 20:36:54.033,0.74523,0.74537,1.00,1.37
2018.02.09 20:36:54.241,0.74523,0.74537,1.12,1.12
2018.02.09 20:36:54.949,0.74523,0.74539,1.00,1.37
2018.02.09 20:36:55.666,0.74522,0.74539,1.12,1.87
2018.02.09 20:36:56.446,0.74522,0.74539,1.00,3.75
2018.02.09 20:36:56.549,0.7452,0.74536,1.00,1.37
2018.02.09 20:36:56.978,0.7452,0.74539,1.37,3.75
2018.02.09 20:36:57.473,0.7452,0.74538,1.87,3.00
2018.02.09 20:36:58.105,0.74519,0.74538,1.00,3.75
2018.02.09 20:36:58.208,0.74521,0.74535,1.00,1.37
2018.02.09 20:36:58.592,0.74519,0.74535,1.12,1.37
2018.02.09 20:36:58.745,0.74517,0.74532,1.00,1.37
2018.02.09 20:36:59.765,0.74514,0.74532,1.87,1.37
2018.02.09 20:36:59.968,0.74513,0.74529,1.12,1.37
2018.02.09 20:37:00.718,0.74513,0.74529,1.37,1.37
2018.02.09 20:37:01.243,0.74516,0.74531,1.00,1.37
2018.02.09 20:37:02.243,0.74517,0.74532,1.00,1.37
2018.02.09 20:37:02.565,0.7452,0.74536,1.12,1.37
2018.02.09 20:37:05.511,0.74521,0.74536,1.00,1.37
2018.02.09 20:37:08.628,0.7452,0.74536,1.12,1.37
2018.02.09 20:37:09.512,0.74524,0.74537,1.00,1.37
2018.02.09 20:37:09.563,0.74523,0.74539,1.37,1.37
2018.02.09 20:37:10.102,0.74523,0.74539,1.12,1.37
2018.02.09 20:37:10.704,0.74523,0.74539,1.37,1.37
2018.02.09 20:37:12.342,0.74522,0.74539,1.87,1.12
2018.02.09 20:37:12.485,0.74529,0.74542,1.00,3.00
2018.02.09 20:37:12.536,0.74529,0.74545,1.12,1.37
2018.02.09 20:37:14.467,0.74532,0.74545,1.00,1.37
2018.02.09 20:37:14.610,0.74538,0.74551,1.00,1.00
2018.02.09 20:37:14.661,0.7454,0.74554,1.00,1.37
2018.02.09 20:37:14.814,0.74543,0.74559,1.12,1.37
2018.02.09 20:37:14.917,0.74543,0.74561,1.87,1.37
2018.02.09 20:37:15.018,0.74543,0.74559,1.12,1.37
2018.02.09 20:37:15.120,0.74547,0.74561,1.00,1.37
2018.02.09 20:37:15.335,0.74554,0.7457,1.00,1.37
2018.02.09 20:37:15.714,0.7455,0.74564,1.87,1.00
2018.02.09 20:37:15.765,0.74544,0.74562,1.87,1.12
2018.02.09 20:37:15.834,0.74544,0.74562,1.87,1.37
2018.02.09 20:37:16.138,0.74543,0.74559,1.12,1.37
2018.02.09 20:37:16.466,0.74543,0.74561,1.87,1.37
2018.02.09 20:37:16.908,0.74547,0.74563,1.00,1.37
2018.02.09 20:37:17.411,0.74545,0.74561,1.12,1.37
2018.02.09 20:37:18.195,0.74544,0.74559,1.12,1.12
2018.02.09 20:37:18.562,0.74544,0.74559,1.00,1.37
2018.02.09 20:37:18.614,0.74542,0.74559,1.12,1.87
2018.02.09 20:37:18.787,0.74539,0.74556,1.69,1.37
2018.02.09 20:37:19.558,0.74538,0.74555,1.37,1.87
2018.02.09 20:37:20.216,0.74538,0.74555,1.12,1.87
2018.02.09 20:37:22.310,0.74535,0.74551,1.62,1.12
2018.02.09 20:37:22.361,0.74533,0.74551,1.37,1.87
2018.02.09 20:37:22.650,0.74532,0.7455,1.37,2.06
2018.02.09 20:37:22.751,0.74531,0.74547,1.12,1.12
2018.02.09 20:37:22.852,0.74531,0.74548,1.12,1.87
2018.02.09 20:37:23.398,0.74531,0.74548,1.37,1.37
2018.02.09 20:37:23.947,0.7453,0.74545,1.00,1.37
2018.02.09 20:37:24.316,0.7453,0.74545,1.00,1.12
2018.02.09 20:37:24.417,0.74533,0.74546,1.00,1.37
2018.02.09 20:37:24.523,0.74535,0.74548,1.00,1.12
2018.02.09 20:37:25.288,0.74536,0.74551,1.00,1.37
2018.02.09 20:37:25.516,0.74538,0.74555,1.62,1.37
2018.02.09 20:37:25.721,0.74538,0.74554,1.00,1.87
2018.02.09 20:37:26.435,0.74537,0.74553,1.62,1.37
2018.02.09 20:37:26.981,0.74537,0.74553,1.31,1.37
2018.02.09 20:37:27.471,0.74539,0.74555,1.12,1.87
2018.02.09 20:37:28.082,0.7454,0.74556,1.00,1.87
2018.02.09 20:37:29.898,0.74541,0.74556,1.00,1.37
2018.02.09 20:37:30.616,0.7454,0.74559,1.37,1.87
2018.02.09 20:37:32.190,0.74547,0.74561,1.00,1.87
2018.02.09 20:37:32.241,0.74547,0.74563,1.12,1.37
2018.02.09 20:37:33.708,0.74546,0.74563,1.12,1.37
2018.02.09 20:37:34.313,0.74547,0.74561,1.00,1.37
2018.02.09 20:37:36.887,0.74546,0.74561,1.00,1.37
2018.02.09 20:37:36.938,0.74546,0.74561,1.00,1.37
2018.02.09 20:37:37.155,0.74544,0.74561,1.00,1.37
2018.02.09 20:37:37.778,0.74545,0.7456,1.00,1.37
2018.02.09 20:37:38.200,0.74545,0.7456,1.12,1.12
2018.02.09 20:37:38.823,0.74546,0.7456,1.00,1.12
2018.02.09 20:37:39.434,0.74546,0.74561,1.00,1.37
2018.02.09 20:37:39.966,0.74546,0.74561,1.00,1.37
2018.02.09 20:37:40.594,0.74545,0.74561,1.12,1.37
2018.02.09 20:37:41.387,0.74543,0.7456,1.87,1.37
2018.02.09 20:37:41.489,0.74545,0.7456,1.00,1.37
2018.02.09 20:37:44.013,0.74545,0.7456,1.12,1.37
2018.02.09 20:37:44.628,0.74542,0.7456,1.12,2.06
2018.02.09 20:37:44.730,0.74543,0.7456,1.37,1.37
2018.02.09 20:37:45.607,0.74545,0.7456,1.12,1.37
2018.02.09 20:37:46.521,0.74545,0.7456,1.00,1.37
2018.02.09 20:37:47.227,0.74544,0.7456,1.12,1.37
2018.02.09 20:37:47.838,0.74545,0.7456,1.12,1.37
2018.02.09 20:37:48.187,0.7455,0.74562,1.00,1.37
2018.02.09 20:37:48.288,0.7455,0.74567,1.37,1.87
2018.02.09 20:37:51.385,0.74552,0.74567,1.00,1.37
2018.02.09 20:37:51.436,0.74554,0.7457,1.00,1.87
2018.02.09 20:37:51.486,0.74552,0.7457,1.12,2.06
2018.02.09 20:37:51.588,0.7455,0.74567,1.87,1.37
2018.02.09 20:37:51.935,0.74548,0.74565,1.37,1.87
2018.02.09 20:37:52.586,0.74548,0.74565,1.00,1.87
2018.02.09 20:37:53.103,0.74547,0.74565,1.12,1.37
2018.02.09 20:37:53.538,0.74547,0.74565,1.87,1.37
2018.02.09 20:37:53.982,0.74548,0.74566,1.37,1.37
2018.02.09 20:37:54.083,0.74549,0.74567,1.37,1.37
2018.02.09 20:37:54.610,0.74549,0.74567,1.37,1.37
2018.02.09 20:37:56.216,0.74552,0.74568,1.12,1.37
2018.02.09 20:37:56.535,0.74552,0.74572,1.87,1.37
2018.02.09 20:37:59.145,0.74553,0.74572,1.37,1.37
2018.02.09 20:37:59.196,0.74553,0.74572,1.37,1.37
2018.02.09 20:37:59.845,0.74554,0.74572,1.87,1.37
2018.02.09 20:38:01.467,0.74554,0.74573,1.37,1.37
2018.02.09 20:38:02.611,0.74554,0.74573,1.37,1.37
2018.02.09 20:38:02.762,0.74554,0.74572,1.87,1.37
2018.02.09 20:38:03.286,0.74554,0.74572,1.37,1.37
2018.02.09 20:38:04.746,0.74554,0.74572,1.87,1.37
2018.02.09 20:38:05.262,0.74552,0.74569,1.12,1.37
2018.02.09 20:38:05.551,0.74549,0.74567,1.12,1.37
2018.02.09 20:38:07.221,0.7455,0.74567,1.37,1.12
2018.02.09 20:38:07.558,0.74553,0.7457,1.37,1.37
2018.02.09 20:38:08.086,0.74552,0.74569,1.87,1.00
2018.02.09 20:38:08.142,0.74552,0.74569,1.37,1.37
2018.02.09 20:38:08.244,0.7455,0.74568,1.87,1.37
2018.02.09 20:38:08.345,0.74552,0.74569,1.37,1.37
2018.02.09 20:38:09.264,0.74552,0.74569,1.37,1.12
2018.02.09 20:38:09.690,0.74551,0.7457,1.37,1.87
2018.02.09 20:38:10.102,0.7455,0.74568,1.12,1.37
2018.02.09 20:38:10.880,0.74547,0.74565,1.37,1.37
2018.02.09 20:38:11.505,0.74546,0.74563,1.37,1.37
2018.02.09 20:38:13.379,0.74546,0.74563,1.12,1.37
2018.02.09 20:38:13.641,0.74544,0.74562,1.37,1.12
2018.02.09 20:38:14.531,0.74547,0.74565,1.37,1.37
2018.02.09 20:38:14.881,0.74549,0.74566,1.37,1.37
2018.02.09 20:38:16.366,0.74549,0.74566,1.37,1.12
2018.02.09 20:38:18.242,0.74549,0.74566,1.37,1.37
2018.02.09 20:38:19.035,0.74549,0.74569,1.37,1.37
2018.02.09 20:38:19.617,0.7455,0.74568,1.37,1.37
2018.02.09 20:38:22.166,0.7455,0.74568,1.37,1.37
2018.02.09 20:38:22.388,0.7455,0.74568,1.37,1.12
2018.02.09 20:38:25.271,0.74551,0.74569,1.87,1.37
2018.02.09 20:38:25.324,0.74551,0.74569,1.87,1.37
2018.02.09 20:38:25.425,0.74549,0.74567,2.62,1.37
2018.02.09 20:38:25.527,0.74548,0.74566,1.37,1.37
2018.02.09 20:38:26.848,0.74549,0.74568,1.87,2.62
2018.02.09 20:38:27.005,0.74552,0.74567,1.00,1.37
2018.02.09 20:38:27.960,0.74552,0.74569,1.37,1.37
2018.02.09 20:38:28.163,0.74551,0.74569,1.12,1.37
2018.02.09 20:38:29.137,0.74549,0.74567,1.87,1.37
2018.02.09 20:38:29.339,0.74544,0.74562,1.87,1.37
2018.02.09 20:38:29.441,0.74541,0.74559,2.62,1.37
2018.02.09 20:38:29.869,0.74545,0.74563,1.87,1.37
2018.02.09 20:38:30.204,0.74547,0.74565,1.37,1.37
2018.02.09 20:38:31.382,0.74547,0.74565,1.87,1.37
2018.02.09 20:38:32.401,0.74548,0.74566,1.37,1.37
2018.02.09 20:38:34.761,0.74547,0.74567,1.37,1.87
2018.02.09 20:38:37.032,0.74548,0.74568,1.37,2.62
2018.02.09 20:38:37.937,0.74548,0.74568,1.37,2.62
2018.02.09 20:38:38.456,0.74549,0.74567,1.37,1.37
2018.02.09 20:38:40.366,0.74549,0.74567,1.00,1.37
2018.02.09 20:38:40.978,0.74547,0.74565,1.37,1.37
2018.02.09 20:38:42.504,0.74547,0.74565,1.37,1.37
2018.02.09 20:38:43.640,0.74547,0.74565,1.87,1.37
2018.02.09 20:38:44.729,0.74547,0.74565,1.37,1.37
2018.02.09 20:38:45.062,0.74552,0.7457,1.37,1.37
2018.02.09 20:38:45.163,0.74553,0.7457,1.37,1.37
2018.02.09 20:38:45.374,0.74554,0.74572,1.87,1.37
2018.02.09 20:38:45.940,0.74555,0.74573,1.37,1.37
2018.02.09 20:38:46.042,0.74553,0.74571,1.37,1.12
2018.02.09 20:38:46.145,0.74552,0.7457,1.37,1.37
2018.02.09 20:38:46.523,0.7455,0.74567,1.37,1.37
2018.02.09 20:38:46.899,0.74549,0.74567,1.37,1.37
2018.02.09 20:38:49.326,0.74548,0.74568,1.37,1.37
2018.02.09 20:38:49.427,0.74549,0.74567,1.12,1.37
2018.02.09 20:38:51.315,0.74547,0.74565,1.37,1.37
2018.02.09 20:38:51.619,0.74544,0.74564,1.87,1.37
2018.02.09 20:38:51.943,0.74543,0.74561,1.87,1.37
2018.02.09 20:38:52.668,0.74543,0.74561,1.87,1.37
2018.02.09 20:38:53.267,0.74543,0.74561,1.87,1.12
2018.02.09 20:38:53.633,0.74548,0.74565,1.00,1.87
2018.02.09 20:38:53.684,0.74548,0.74565,1.37,1.87
2018.02.09 20:38:54.192,0.74548,0.74566,1.37,1.37
2018.02.09 20:38:54.495,0.74544,0.74562,1.37,1.12
2018.02.09 20:38:54.546,0.74542,0.7456,1.87,1.12
2018.02.09 20:38:54.650,0.74542,0.7456,1.37,1.37
2018.02.09 20:38:55.690,0.74542,0.7456,1.37,1.37
2018.02.09 20:38:56.007,0.74544,0.74564,1.37,1.37
2018.02.09 20:38:56.059,0.74545,0.74563,1.37,1.12
2018.02.09 20:38:57.247,0.74546,0.74565,1.37,1.37
2018.02.09 20:38:58.485,0.74547,0.74565,1.37,1.37
2018.02.09 20:38:58.652,0.74546,0.74564,1.37,1.12
2018.02.09 20:38:58.981,0.74546,0.74564,1.37,1.37
2018.02.09 20:38:59.329,0.74543,0.74561,1.87,1.37
2018.02.09 20:38:59.889,0.74544,0.74562,1.37,1.37
2018.02.09 20:39:00.088,0.74544,0.74561,1.37,1.37
2018.02.09 20:39:00.139,0.74541,0.74559,1.37,1.37
2018.02.09 20:39:01.095,0.74541,0.74559,1.37,1.37
2018.02.09 20:39:01.405,0.74541,0.74559,1.37,1.37
2018.02.09 20:39:01.506,0.74541,0.74559,1.12,1.37
2018.02.09 20:39:02.139,0.74538,0.74558,1.87,1.37
2018.02.09 20:39:02.193,0.74539,0.74557,1.37,1.37
2018.02.09 20:39:02.580,0.74535,0.74552,1.37,1.37
2018.02.09 20:39:02.811,0.74534,0.74552,1.12,1.37
2018.02.09 20:39:03.337,0.74533,0.7455,1.12,1.12
2018.02.09 20:39:03.388,0.74533,0.7455,1.37,1.37
2018.02.09 20:39:04.064,0.74533,0.7455,1.37,1.37
2018.02.09 20:39:04.638,0.74533,0.7455,1.37,1.37
2018.02.09 20:39:05.248,0.74533,0.7455,1.37,1.37
2018.02.09 20:39:06.084,0.74533,0.7455,1.37,1.37
2018.02.09 20:39:06.286,0.74533,0.7455,1.12,1.37
2018.02.09 20:39:07.291,0.74533,0.7455,1.37,1.37
2018.02.09 20:39:07.392,0.74534,0.74552,1.37,1.37
2018.02.09 20:39:08.860,0.74535,0.74553,1.37,1.37
2018.02.09 20:39:09.897,0.74535,0.74553,1.37,1.37
2018.02.09 20:39:10.509,0.74537,0.74555,1.37,1.37
2018.02.09 20:39:11.585,0.74537,0.74555,1.87,1.37
2018.02.09 20:39:12.081,0.7454,0.74558,1.37,1.37
2018.02.09 20:39:13.130,0.7454,0.74558,1.37,1.37
2018.02.09 20:39:14.845,0.7454,0.74558,1.37,1.37
2018.02.09 20:39:18.157,0.74539,0.74559,1.37,1.37
2018.02.09 20:39:19.104,0.7454,0.74557,1.37,1.37
2018.02.09 20:39:20.127,0.7454,0.74558,1.37,1.37
2018.02.09 20:39:20.330,0.74542,0.7456,1.87,1.37
2018.02.09 20:39:20.833,0.74542,0.7456,1.87,1.37
2018.02.09 20:39:21.538,0.74543,0.74561,1.37,1.37
2018.02.09 20:39:23.292,0.74543,0.74561,1.37,1.37
2018.02.09 20:39:23.836,0.74543,0.74561,1.37,1.37
2018.02.09 20:39:24.176,0.74538,0.74556,1.37,1.37
2018.02.09 20:39:25.114,0.7454,0.74558,1.37,1.37
2018.02.09 20:39:29.279,0.7454,0.74558,1.37,1.37
2018.02.09 20:39:30.091,0.7454,0.74558,1.87,1.37
2018.02.09 20:39:30.866,0.7454,0.74558,1.87,1.37
2018.02.09 20:39:31.833,0.7454,0.74559,1.37,1.37
2018.02.09 20:39:32.173,0.74544,0.7456,1.00,1.37
2018.02.09 20:39:32.478,0.74548,0.74566,1.37,1.37
2018.02.09 20:39:33.011,0.74548,0.74566,1.37,1.37
2018.02.09 20:39:33.539,0.74548,0.74566,1.37,1.37
2018.02.09 20:39:34.113,0.74546,0.74564,1.37,1.37
2018.02.09 20:39:37.523,0.74545,0.74565,2.62,1.37
2018.02.09 20:39:37.647,0.74545,0.74565,2.62,1.37
2018.02.09 20:39:37.698,0.74545,0.74565,1.37,1.37
2018.02.09 20:39:43.058,0.74543,0.7456,1.87,1.00
2018.02.09 20:39:43.196,0.74541,0.74556,1.37,1.00
2018.02.09 20:39:43.251,0.74537,0.74555,1.37,1.37
2018.02.09 20:39:43.607,0.74537,0.74553,1.12,1.37
2018.02.09 20:39:43.756,0.74537,0.74553,1.37,1.12
2018.02.09 20:39:44.164,0.74533,0.7455,1.37,1.00
2018.02.09 20:39:44.215,0.74533,0.7455,1.37,1.37
2018.02.09 20:39:44.317,0.74532,0.7455,1.12,1.37
2018.02.09 20:39:44.795,0.7453,0.74548,1.37,1.87
2018.02.09 20:39:45.013,0.74526,0.74546,1.37,1.37
2018.02.09 20:39:45.064,0.74526,0.74546,3.00,1.37
2018.02.09 20:39:45.578,0.7453,0.74548,1.37,1.37
2018.02.09 20:39:45.927,0.74534,0.7455,1.12,1.37
2018.02.09 20:39:46.562,0.7453,0.74548,1.12,1.37
2018.02.09 20:39:46.724,0.7453,0.74548,1.37,1.37
2018.02.09 20:39:47.653,0.74529,0.74547,1.87,1.37
2018.02.09 20:39:47.775,0.74529,0.74547,1.87,1.37
2018.02.09 20:39:49.543,0.74529,0.74547,1.87,1.37
2018.02.09 20:39:49.610,0.74529,0.74547,1.87,1.37
2018.02.09 20:39:50.202,0.74529,0.74547,1.87,1.37
2018.02.09 20:39:51.872,0.74531,0.74547,1.00,1.37
2018.02.09 20:39:52.216,0.74536,0.74552,1.00,2.25
2018.02.09 20:39:52.267,0.74537,0.74553,1.12,1.37
2018.02.09 20:39:55.185,0.74536,0.74553,1.37,1.37
2018.02.09 20:39:55.752,0.74536,0.74553,1.37,1.37
2018.02.09 20:39:56.350,0.74534,0.7455,2.25,1.00
2018.02.09 20:39:56.401,0.74533,0.7455,1.37,1.37
2018.02.09 20:39:56.959,0.74532,0.7455,2.06,1.37
2018.02.09 20:39:57.674,0.74532,0.7455,1.12,3.00
2018.02.09 20:39:58.575,0.74532,0.74549,1.37,1.37
2018.02.09 20:39:59.257,0.74532,0.74548,1.12,1.37
2018.02.09 20:39:59.773,0.74531,0.74546,1.00,1.37
2018.02.09 20:40:00.755,0.74532,0.74548,1.12,1.37
2018.02.09 20:40:01.138,0.74533,0.7455,1.12,1.37
2018.02.09 20:40:01.189,0.74535,0.74551,1.00,1.37
2018.02.09 20:40:01.527,0.74532,0.74548,1.25,1.37
2018.02.09 20:40:02.728,0.74532,0.74548,1.00,1.37
2018.02.09 20:40:03.229,0.74532,0.74548,1.12,1.37
2018.02.09 20:40:03.280,0.7453,0.74549,1.00,3.00
2018.02.09 20:40:03.381,0.7453,0.74545,1.00,1.37
2018.02.09 20:40:03.943,0.7453,0.74545,1.12,1.12
2018.02.09 20:40:04.413,0.74529,0.74545,1.12,1.37
2018.02.09 20:40:05.067,0.7453,0.74545,1.00,1.37
2018.02.09 20:40:05.172,0.74533,0.74549,1.12,1.87
2018.02.09 20:40:05.321,0.74536,0.74551,1.00,1.12
2018.02.09 20:40:06.100,0.74537,0.74553,1.00,1.37
2018.02.09 20:40:07.488,0.74533,0.74553,1.87,3.00
2018.02.09 20:40:07.590,0.74532,0.74551,1.37,1.37
2018.02.09 20:40:08.692,0.74532,0.74551,1.37,3.00
2018.02.09 20:40:09.173,0.7453,0.74548,1.37,1.37
2018.02.09 20:40:09.376,0.74529,0.74547,1.12,1.37
2018.02.09 20:40:10.388,0.74529,0.74546,1.37,1.37
2018.02.09 20:40:10.607,0.74525,0.74541,1.12,1.37
2018.02.09 20:40:10.909,0.7452,0.74538,1.87,1.37
2018.02.09 20:40:11.420,0.7452,0.74538,1.37,1.37
2018.02.09 20:40:11.963,0.74522,0.74539,1.37,1.87
2018.02.09 20:40:12.269,0.74518,0.74536,2.06,1.37
2018.02.09 20:40:12.390,0.74518,0.74535,1.31,1.37
2018.02.09 20:40:12.595,0.74516,0.74533,1.62,1.37
2018.02.09 20:40:12.798,0.74519,0.74536,2.06,1.12
2018.02.09 20:40:12.900,0.74523,0.74539,1.00,1.37
2018.02.09 20:40:13.393,0.74525,0.74539,1.00,1.12
2018.02.09 20:40:13.612,0.74521,0.74539,1.37,1.12
2018.02.09 20:40:13.663,0.74518,0.74535,3.75,1.00
2018.02.09 20:40:13.714,0.74517,0.74536,1.37,1.37
2018.02.09 20:40:13.815,0.74517,0.74533,1.00,1.37
2018.02.09 20:40:14.244,0.74515,0.74531,1.12,1.37
2018.02.09 20:40:14.860,0.74516,0.74531,1.00,1.37
2018.02.09 20:40:15.062,0.74518,0.74536,1.87,3.00
2018.02.09 20:40:15.536,0.74517,0.74534,1.12,1.37
2018.02.09 20:40:15.901,0.74519,0.74534,1.00,1.37
2018.02.09 20:40:16.183,0.74515,0.74534,1.00,1.37
2018.02.09 20:40:16.235,0.74517,0.74531,1.00,1.12
2018.02.09 20:40:16.540,0.74516,0.74531,1.00,1.37
2018.02.09 20:40:16.936,0.74518,0.74531,1.00,1.37
2018.02.09 20:40:17.038,0.74518,0.74531,1.25,1.12
2018.02.09 20:40:17.089,0.7452,0.74534,1.00,3.75
2018.02.09 20:40:17.650,0.7452,0.74534,1.00,1.37
2018.02.09 20:40:18.114,0.74519,0.74532,1.00,1.37
2018.02.09 20:40:18.536,0.74517,0.7453,1.25,1.12
2018.02.09 20:40:19.189,0.74517,0.7453,1.25,1.37
2018.02.09 20:40:19.632,0.74515,0.74529,1.00,1.37
2018.02.09 20:40:20.318,0.74515,0.74529,1.00,1.37
2018.02.09 20:40:20.489,0.74515,0.74529,1.00,1.12
2018.02.09 20:40:21.038,0.74515,0.7453,1.00,1.37
2018.02.09 20:40:21.816,0.74517,0.74531,1.00,1.12
2018.02.09 20:40:24.019,0.74516,0.74533,1.12,1.37
2018.02.09 20:40:25.577,0.74516,0.74534,1.87,1.37
2018.02.09 20:40:26.150,0.74517,0.74534,1.00,1.37
2018.02.09 20:40:26.706,0.74517,0.74534,1.12,1.37
2018.02.09 20:40:27.405,0.74519,0.74537,2.06,3.00
2018.02.09 20:40:27.456,0.7452,0.74538,1.37,1.12
2018.02.09 20:40:27.506,0.7452,0.74539,1.37,2.25
2018.02.09 20:40:28.060,0.74521,0.7454,1.37,1.37
2018.02.09 20:40:29.365,0.74521,0.74538,1.25,1.37
2018.02.09 20:40:29.881,0.74522,0.74538,1.00,1.37
2018.02.09 20:40:30.395,0.74521,0.74538,1.12,1.37
2018.02.09 20:40:31.936,0.74521,0.74538,1.12,1.37
2018.02.09 20:40:32.753,0.74522,0.74538,1.00,1.37
2018.02.09 20:40:34.086,0.74522,0.74538,1.00,1.37
2018.02.09 20:40:35.085,0.7452,0.74538,2.06,1.37
2018.02.09 20:40:35.736,0.74519,0.74536,1.12,1.37
2018.02.09 20:40:36.348,0.74519,0.74534,1.00,1.37
2018.02.09 20:40:37.016,0.7452,0.74534,1.00,1.37
2018.02.09 20:40:39.047,0.74519,0.74536,1.12,1.37
2018.02.09 20:40:39.599,0.74519,0.74536,1.12,1.37
2018.02.09 20:40:40.027,0.74523,0.74537,1.00,3.00
2018.02.09 20:40:40.244,0.74523,0.74537,1.00,1.37
2018.02.09 20:40:41.503,0.74523,0.74536,1.00,1.37
2018.02.09 20:40:42.463,0.74523,0.74536,1.00,1.12
2018.02.09 20:40:42.969,0.74522,0.74538,1.00,1.37
2018.02.09 20:40:43.529,0.74523,0.7454,1.00,3.00
2018.02.09 20:40:43.748,0.7452,0.74538,1.87,1.37
2018.02.09 20:40:43.799,0.74519,0.74535,1.00,1.37
2018.02.09 20:40:44.445,0.74519,0.74536,1.37,1.37
2018.02.09 20:40:46.208,0.74523,0.74537,1.00,1.37
2018.02.09 20:40:46.310,0.74523,0.7454,1.12,1.37
2018.02.09 20:40:47.342,0.74523,0.7454,1.37,1.12
2018.02.09 20:40:47.758,0.74523,0.7454,1.37,1.37
2018.02.09 20:40:48.519,0.74523,0.7454,1.12,1.37
2018.02.09 20:40:48.835,0.74524,0.74542,1.87,1.37
2018.02.09 20:40:49.038,0.74527,0.74543,1.00,1.12
2018.02.09 20:40:49.092,0.74527,0.74543,1.00,1.37
2018.02.09 20:40:49.692,0.74527,0.74543,1.12,1.37
2018.02.09 20:40:50.884,0.74528,0.74543,1.00,1.37
2018.02.09 20:40:52.115,0.74527,0.74543,1.31,1.37
2018.02.09 20:40:52.452,0.74526,0.74543,1.12,1.37
2018.02.09 20:40:53.234,0.74526,0.74543,1.37,1.37
2018.02.09 20:40:56.381,0.74524,0.74544,1.87,3.00
2018.02.09 20:41:00.120,0.74525,0.74542,1.12,1.37
2018.02.09 20:41:00.758,0.74523,0.7454,1.62,1.37
2018.02.09 20:41:01.932,0.74524,0.7454,1.37,1.37
2018.02.09 20:41:05.765,0.74522,0.7454,1.87,1.37
2018.02.09 20:41:06.108,0.74526,0.74542,1.00,1.37
2018.02.09 20:41:06.735,0.74526,0.74542,1.25,1.37
2018.02.09 20:41:07.251,0.74526,0.74542,1.62,1.37
2018.02.09 20:41:07.711,0.74525,0.74542,1.00,1.37
2018.02.09 20:41:08.062,0.74528,0.74543,1.00,1.12
2018.02.09 20:41:08.265,0.74527,0.74544,1.00,3.00
2018.02.09 20:41:08.837,0.74527,0.74543,1.25,1.37
2018.02.09 20:41:09.457,0.74525,0.74543,2.06,3.00
2018.02.09 20:41:09.508,0.74525,0.74542,1.87,1.12
2018.02.09 20:41:09.558,0.74525,0.74542,1.87,1.37
2018.02.09 20:41:10.261,0.74525,0.74542,1.12,1.12
2018.02.09 20:41:10.312,0.74527,0.74542,1.00,1.12
2018.02.09 20:41:10.896,0.74527,0.74544,1.37,1.37
2018.02.09 20:41:12.151,0.74528,0.74544,1.37,1.37
2018.02.09 20:41:12.475,0.74528,0.74546,1.87,1.37
2018.02.09 20:41:12.576,0.74529,0.74547,1.87,1.37
2018.02.09 20:41:13.404,0.7453,0.74547,1.37,1.12
2018.02.09 20:41:13.767,0.7453,0.74548,1.37,1.37
2018.02.09 20:41:14.570,0.7453,0.74547,1.12,1.37
2018.02.09 20:41:15.325,0.74529,0.74546,1.37,1.37
2018.02.09 20:41:15.899,0.74529,0.74546,1.37,1.37
2018.02.09 20:41:16.249,0.7453,0.74548,1.37,1.37
2018.02.09 20:41:16.437,0.7453,0.74548,1.12,1.37
2018.02.09 20:41:16.845,0.7453,0.74548,1.12,3.00
2018.02.09 20:41:18.428,0.74527,0.74545,3.00,1.12
2018.02.09 20:41:18.478,0.74526,0.74545,1.37,1.37
2018.02.09 20:41:18.758,0.74528,0.74545,1.37,1.37
2018.02.09 20:41:18.862,0.74529,0.74548,1.37,1.37
2018.02.09 20:41:19.412,0.74529,0.74547,1.37,1.37
2018.02.09 20:41:20.086,0.74529,0.74547,1.87,1.37
2018.02.09 20:41:20.819,0.7453,0.74547,1.37,1.37
2018.02.09 20:41:22.009,0.7453,0.74547,1.00,1.37
2018.02.09 20:41:22.062,0.7453,0.74544,1.00,1.00
2018.02.09 20:41:22.608,0.74527,0.74544,1.37,1.37
2018.02.09 20:41:22.709,0.74526,0.74544,1.12,1.37
2018.02.09 20:41:22.811,0.74528,0.74543,1.12,1.37
2018.02.09 20:41:23.355,0.74527,0.74543,1.37,1.12
2018.02.09 20:41:23.869,0.74527,0.74543,1.00,1.37
2018.02.09 20:41:24.862,0.74527,0.74545,1.87,1.37
2018.02.09 20:41:25.368,0.74527,0.74545,1.87,1.37
2018.02.09 20:41:25.519,0.74528,0.74546,1.87,1.12
2018.02.09 20:41:25.622,0.7453,0.74548,1.37,1.37
2018.02.09 20:41:26.172,0.74531,0.74549,1.12,1.37
2018.02.09 20:41:26.824,0.74529,0.74549,1.87,1.37
2018.02.09 20:41:27.135,0.74529,0.74545,1.00,1.37
2018.02.09 20:41:27.453,0.74525,0.74543,1.37,1.37
2018.02.09 20:41:28.017,0.74524,0.74541,1.37,1.37
2018.02.09 20:41:28.434,0.74525,0.74543,1.37,1.37
2018.02.09 20:41:29.989,0.74525,0.74543,1.87,1.37
2018.02.09 20:41:31.347,0.74527,0.74543,1.12,1.37
2018.02.09 20:41:31.450,0.74529,0.74544,1.00,1.37
2018.02.09 20:41:31.552,0.7453,0.74546,1.00,1.37
2018.02.09 20:41:32.449,0.7453,0.74546,1.00,1.37
2018.02.09 20:41:33.848,0.7453,0.74546,1.00,1.37
2018.02.09 20:41:34.453,0.74531,0.74547,1.00,3.00
2018.02.09 20:41:37.469,0.74531,0.74547,1.00,1.37
2018.02.09 20:41:37.961,0.74532,0.74549,1.37,1.37
2018.02.09 20:41:38.653,0.74534,0.74551,1.12,1.87
2018.02.09 20:41:39.190,0.74533,0.7455,1.37,1.37
2018.02.09 20:41:39.870,0.74534,0.7455,1.37,1.37
2018.02.09 20:41:40.073,0.74534,0.74552,1.37,1.37
2018.02.09 20:41:40.706,0.74534,0.74552,1.37,1.37
2018.02.09 20:41:40.810,0.74533,0.74553,1.87,3.00
2018.02.09 20:41:41.064,0.74531,0.7455,1.37,1.37
2018.02.09 20:41:42.051,0.7453,0.74547,1.37,1.37
2018.02.09 20:41:42.340,0.74536,0.74554,1.12,3.00
2018.02.09 20:41:42.442,0.74537,0.74555,1.37,1.37
2018.02.09 20:41:42.788,0.74533,0.74551,1.87,1.37
2018.02.09 20:41:43.887,0.74533,0.74551,1.87,1.37
2018.02.09 20:41:44.459,0.74532,0.74551,1.37,3.00
2018.02.09 20:41:45.028,0.74533,0.74551,1.12,1.37
2018.02.09 20:41:45.621,0.74533,0.74551,1.87,1.37
2018.02.09 20:41:45.969,0.74534,0.74551,1.37,1.37
2018.02.09 20:41:46.930,0.74534,0.74551,1.37,1.37
2018.02.09 20:41:47.486,0.74534,0.74551,1.37,1.37
2018.02.09 20:41:48.552,0.74534,0.74551,1.37,1.37
2018.02.09 20:41:48.895,0.7453,0.74549,1.37,3.00
2018.02.09 20:41:49.091,0.7453,0.74548,2.06,1.37
2018.02.09 20:41:49.465,0.7453,0.74549,1.37,3.00
2018.02.09 20:41:49.825,0.7453,0.74547,1.31,1.12
2018.02.09 20:41:49.974,0.7453,0.74547,1.62,1.37
2018.02.09 20:41:51.009,0.74531,0.74547,1.00,1.37
2018.02.09 20:41:51.988,0.74531,0.74547,1.12,1.37
2018.02.09 20:41:52.687,0.74531,0.74547,1.37,1.37
2018.02.09 20:41:53.129,0.74526,0.74543,1.62,1.37
2018.02.09 20:41:53.230,0.74526,0.74542,1.00,3.00
2018.02.09 20:41:53.331,0.74526,0.74545,1.37,1.37
2018.02.09 20:41:53.431,0.74525,0.74542,1.12,1.37
2018.02.09 20:41:53.533,0.74525,0.74542,1.37,1.37
2018.02.09 20:41:54.916,0.74526,0.74542,1.37,1.12
2018.02.09 20:41:54.967,0.74529,0.74544,1.25,1.37
2018.02.09 20:41:55.122,0.74529,0.74545,1.62,1.12
2018.02.09 20:41:55.173,0.74527,0.74545,1.87,1.37
2018.02.09 20:41:55.274,0.74527,0.74544,1.37,1.37
2018.02.09 20:41:55.779,0.74526,0.74544,1.37,1.37
2018.02.09 20:41:56.832,0.74526,0.74544,1.37,1.37
2018.02.09 20:41:57.674,0.74527,0.74544,1.37,1.37
2018.02.09 20:41:58.330,0.74526,0.74546,3.00,1.87
2018.02.09 20:41:58.432,0.74525,0.74543,1.87,1.37
2018.02.09 20:41:58.703,0.74527,0.74546,1.37,1.87
2018.02.09 20:41:59.548,0.74527,0.74546,1.37,1.37
2018.02.09 20:42:00.085,0.74528,0.74546,1.37,1.37
2018.02.09 20:42:00.938,0.74527,0.74545,1.37,1.37
2018.02.09 20:42:03.439,0.74527,0.74545,1.37,1.37
2018.02.09 20:42:04.387,0.74529,0.74547,1.87,1.37
2018.02.09 20:42:04.439,0.74531,0.74549,1.37,1.37
2018.02.09 20:42:06.533,0.74531,0.74549,1.87,1.37
2018.02.09 20:42:08.417,0.74531,0.74549,1.37,1.37
2018.02.09 20:42:08.868,0.74529,0.74544,2.25,1.00
2018.02.09 20:42:08.974,0.74526,0.74544,3.00,1.12
2018.02.09 20:42:09.025,0.74526,0.74544,1.87,1.37
2018.02.09 20:42:09.728,0.74526,0.74544,1.87,1.37
2018.02.09 20:42:10.208,0.74527,0.74544,1.12,1.37
2018.02.09 20:42:10.422,0.74527,0.74544,1.37,1.37
2018.02.09 20:42:10.952,0.74529,0.74547,1.87,1.37
2018.02.09 20:42:11.552,0.74529,0.74547,1.37,1.37
2018.02.09 20:42:12.459,0.74528,0.74548,1.87,1.37
2018.02.09 20:42:13.940,0.74531,0.74549,2.06,1.37
2018.02.09 20:42:14.613,0.74531,0.74549,2.06,1.37
2018.02.09 20:42:15.204,0.74531,0.7455,1.37,1.37
2018.02.09 20:42:16.591,0.74531,0.7455,1.37,3.00
2018.02.09 20:42:18.279,0.74533,0.74551,1.12,2.25
2018.02.09 20:42:18.861,0.74536,0.74551,1.12,1.37
2018.02.09 20:42:18.912,0.74536,0.74553,1.12,1.37
2018.02.09 20:42:19.648,0.74536,0.74553,1.37,1.12
2018.02.09 20:42:20.700,0.74538,0.74555,1.37,1.37
2018.02.09 20:42:22.114,0.74539,0.74555,1.37,1.37
2018.02.09 20:42:22.870,0.74541,0.74556,1.00,1.12
2018.02.09 20:42:22.921,0.7454,0.74556,1.12,1.37
2018.02.09 20:42:23.497,0.74541,0.74556,1.00,1.37
2018.02.09 20:42:24.027,0.74539,0.74554,1.37,1.12
2018.02.09 20:42:24.331,0.74539,0.74556,1.00,3.00
2018.02.09 20:42:24.382,0.74539,0.74556,1.12,1.37
2018.02.09 20:42:24.483,0.74537,0.74555,1.87,1.37
2018.02.09 20:42:24.602,0.74537,0.74555,1.87,3.00
2018.02.09 20:42:28.395,0.74534,0.74552,1.87,1.37
2018.02.09 20:42:29.989,0.74534,0.74552,1.87,1.37
2018.02.09 20:42:30.707,0.74536,0.74554,1.87,1.37
2018.02.09 20:42:30.947,0.74538,0.74555,1.37,1.37
2018.02.09 20:42:32.937,0.74539,0.74557,1.87,1.37
2018.02.09 20:42:34.746,0.74542,0.74557,1.00,1.37
2018.02.09 20:42:34.797,0.74542,0.74559,1.37,1.37
2018.02.09 20:42:35.165,0.74542,0.74561,1.37,1.37
2018.02.09 20:42:36.399,0.74544,0.74562,1.12,3.00
2018.02.09 20:42:36.702,0.74544,0.74562,1.37,1.37
2018.02.09 20:42:37.936,0.74544,0.74562,1.12,1.37
2018.02.09 20:42:38.301,0.74544,0.74562,3.94,1.12
2018.02.09 20:42:38.672,0.74544,0.74562,2.06,1.37
2018.02.09 20:42:39.444,0.74544,0.74562,1.87,1.37
2018.02.09 20:42:39.501,0.74544,0.74562,1.87,1.37
2018.02.09 20:42:39.870,0.74544,0.74562,1.87,1.37
2018.02.09 20:42:40.911,0.74544,0.74563,1.37,1.37
2018.02.09 20:42:41.077,0.74546,0.74562,1.37,1.37
2018.02.09 20:42:42.254,0.74546,0.74562,1.37,1.12
2018.02.09 20:42:42.357,0.74546,0.74562,1.00,1.37
2018.02.09 20:42:42.875,0.74545,0.74562,1.00,1.37
2018.02.09 20:42:43.390,0.74544,0.74562,1.87,1.37
2018.02.09 20:42:44.108,0.74544,0.74562,1.87,1.12
2018.02.09 20:42:45.191,0.74544,0.74562,1.37,1.37
2018.02.09 20:42:45.293,0.74545,0.74563,1.12,1.37
2018.02.09 20:42:45.344,0.74545,0.74563,1.12,1.37
2018.02.09 20:42:45.447,0.74545,0.74564,1.37,2.62
2018.02.09 20:42:46.190,0.74545,0.74563,1.87,1.37
2018.02.09 20:42:46.986,0.74545,0.74563,1.87,1.37
2018.02.09 20:42:47.094,0.74545,0.74563,1.87,1.37
2018.02.09 20:42:48.950,0.74545,0.74563,1.37,1.37
2018.02.09 20:42:49.862,0.74547,0.74565,1.37,1.37
2018.02.09 20:42:50.833,0.74547,0.74565,1.37,1.37
2018.02.09 20:42:54.264,0.74547,0.74565,1.12,1.37
2018.02.09 20:42:54.466,0.74544,0.74562,1.87,1.37
2018.02.09 20:42:55.157,0.74545,0.74563,1.87,1.37
2018.02.09 20:43:02.494,0.7455,0.74565,1.00,1.37
2018.02.09 20:43:02.645,0.7455,0.74567,1.12,1.37
2018.02.09 20:43:03.056,0.74551,0.74567,1.37,1.37
2018.02.09 20:43:03.377,0.74548,0.74566,1.87,1.37
2018.02.09 20:43:05.663,0.74554,0.74569,1.00,1.37
2018.02.09 20:43:05.714,0.74555,0.74572,1.12,1.37
2018.02.09 20:43:07.985,0.74555,0.74572,1.37,1.37
2018.02.09 20:43:08.087,0.74558,0.74575,1.37,1.12
2018.02.09 20:43:08.188,0.74559,0.74577,1.37,1.37
2018.02.09 20:43:09.980,0.7456,0.74578,1.37,1.37
2018.02.09 20:43:10.491,0.7456,0.74578,1.87,1.37
2018.02.09 20:43:12.279,0.74557,0.74574,1.37,1.12
2018.02.09 20:43:12.651,0.74555,0.74574,1.37,1.37
2018.02.09 20:43:14.345,0.74555,0.74573,1.87,1.12
2018.02.09 20:43:14.662,0.74555,0.74575,1.87,1.37
2018.02.09 20:43:14.763,0.74555,0.74575,1.87,1.37
2018.02.09 20:43:15.349,0.74557,0.74574,1.37,1.12
2018.02.09 20:43:15.780,0.74558,0.74576,1.37,1.37
2018.02.09 20:43:16.109,0.74561,0.74576,1.00,1.12
2018.02.09 20:43:16.312,0.74561,0.74579,1.87,1.37
2018.02.09 20:43:16.614,0.74559,0.74576,1.37,1.12
2018.02.09 20:43:16.665,0.74559,0.74576,1.00,1.37
2018.02.09 20:43:16.860,0.74556,0.74573,1.87,1.00
2018.02.09 20:43:17.266,0.74558,0.74576,1.87,1.37
2018.02.09 20:43:17.590,0.74566,0.74579,1.00,1.37
2018.02.09 20:43:17.642,0.74565,0.74582,1.37,1.37
2018.02.09 20:43:18.158,0.74565,0.74583,1.87,1.37
2018.02.09 20:43:20.032,0.74563,0.7458,1.37,1.37
2018.02.09 20:43:20.334,0.74559,0.74576,1.37,1.00
2018.02.09 20:43:20.385,0.74559,0.74577,1.37,1.37
2018.02.09 20:43:21.952,0.74559,0.74576,1.37,1.37
2018.02.09 20:43:25.662,0.7456,0.74578,1.87,1.37
2018.02.09 20:43:26.176,0.7456,0.74578,1.87,1.37
2018.02.09 20:43:27.032,0.7456,0.74578,1.87,1.37
2018.02.09 20:43:28.046,0.7456,0.74578,1.87,1.37
2018.02.09 20:43:28.585,0.7456,0.74578,1.87,1.37
2018.02.09 20:43:29.216,0.7456,0.74578,1.87,1.37
2018.02.09 20:43:32.065,0.7456,0.74578,1.87,1.37
2018.02.09 20:43:32.217,0.74557,0.74575,1.12,1.37
2018.02.09 20:43:32.385,0.74556,0.74573,1.37,1.37
2018.02.09 20:43:32.925,0.74555,0.74573,1.87,1.37
2018.02.09 20:43:33.771,0.74555,0.74573,1.87,1.37
2018.02.09 20:43:34.098,0.74552,0.7457,1.87,1.37
2018.02.09 20:43:34.529,0.7455,0.74568,1.37,1.00
2018.02.09 20:43:34.630,0.74552,0.74572,1.87,1.37
2018.02.09 20:43:34.731,0.74553,0.74572,1.37,1.37
2018.02.09 20:43:34.953,0.74556,0.74571,1.37,1.12
2018.02.09 20:43:35.123,0.74557,0.74574,1.00,1.37
2018.02.09 20:43:35.644,0.74553,0.74571,2.62,1.37
2018.02.09 20:43:35.973,0.74551,0.74569,1.37,1.37
2018.02.09 20:43:36.762,0.74552,0.74569,1.37,1.12
2018.02.09 20:43:36.818,0.74558,0.7457,1.00,1.37
2018.02.09 20:43:36.873,0.74561,0.74574,1.37,1.00
2018.02.09 20:43:36.973,0.74561,0.74579,1.37,1.37
2018.02.09 20:43:37.942,0.74561,0.74579,1.37,1.37
2018.02.09 20:43:38.467,0.74564,0.74582,1.87,1.37
2018.02.09 20:43:38.637,0.74561,0.74579,3.37,1.12
2018.02.09 20:43:38.738,0.74562,0.74579,1.12,1.37
2018.02.09 20:43:39.070,0.74563,0.74579,1.37,1.37
2018.02.09 20:43:39.411,0.74564,0.74584,1.87,1.37
2018.02.09 20:43:39.945,0.74564,0.74584,1.87,1.37
2018.02.09 20:43:40.508,0.74563,0.7458,1.37,1.37
2018.02.09 20:43:41.084,0.74562,0.7458,1.37,1.37
2018.02.09 20:43:41.625,0.74564,0.74583,1.37,1.37
2018.02.09 20:43:43.047,0.74564,0.74581,1.12,1.37
2018.02.09 20:43:43.209,0.74562,0.7458,1.37,1.37
2018.02.09 20:43:43.412,0.74559,0.74578,1.37,1.37
2018.02.09 20:43:43.780,0.74559,0.74578,1.37,1.37
2018.02.09 20:43:43.939,0.74557,0.74575,1.87,1.37
2018.02.09 20:43:44.041,0.74557,0.74575,1.37,1.37
2018.02.09 20:43:45.986,0.74555,0.74572,1.37,1.12
2018.02.09 20:43:46.088,0.74553,0.74571,1.37,1.37
2018.02.09 20:43:46.599,0.74553,0.74571,1.37,1.37
2018.02.09 20:43:46.912,0.7455,0.74567,1.37,1.37
2018.02.09 20:43:47.730,0.7455,0.74567,1.00,1.37
2018.02.09 20:43:47.887,0.74553,0.74569,1.12,1.12
2018.02.09 20:43:48.101,0.74554,0.7457,1.37,1.37
2018.02.09 20:43:49.335,0.74557,0.74573,1.12,1.00
2018.02.09 20:43:49.487,0.74559,0.74576,1.12,1.37
2018.02.09 20:43:49.813,0.74559,0.74576,1.37,1.37
2018.02.09 20:43:50.161,0.74563,0.74581,1.37,1.37
2018.02.09 20:43:52.731,0.74561,0.74579,2.62,1.37
2018.02.09 20:43:53.640,0.74562,0.74579,1.37,1.37
2018.02.09 20:43:54.503,0.74561,0.7458,1.37,1.37
2018.02.09 20:43:55.143,0.74561,0.7458,1.37,1.37
2018.02.09 20:44:00.092,0.74561,0.74579,1.87,1.37
2018.02.09 20:44:00.541,0.74559,0.74577,1.87,1.37
2018.02.09 20:44:00.882,0.74555,0.74573,2.62,1.37
2018.02.09 20:44:05.635,0.74556,0.74573,1.37,1.37
2018.02.09 20:44:05.843,0.74558,0.74576,1.87,1.87
2018.02.09 20:44:05.998,0.74557,0.74574,1.37,1.37
2018.02.09 20:44:06.502,0.74557,0.74575,1.00,1.37
2018.02.09 20:44:07.183,0.74557,0.74574,1.37,1.37
2018.02.09 20:44:10.067,0.74557,0.74574,1.12,1.37
2018.02.09 20:44:11.028,0.74556,0.74574,1.12,1.37
2018.02.09 20:44:11.230,0.74555,0.74575,1.87,1.87
2018.02.09 20:44:11.414,0.74555,0.74575,1.87,1.37
2018.02.09 20:44:11.515,0.74554,0.74572,2.06,1.37
2018.02.09 20:44:11.636,0.74553,0.7457,1.12,1.12
2018.02.09 20:44:11.838,0.74554,0.74572,1.37,1.37
2018.02.09 20:44:11.892,0.74554,0.74572,1.12,1.37
2018.02.09 20:44:13.930,0.74556,0.74572,1.00,1.37
2018.02.09 20:44:13.981,0.74554,0.74572,2.06,1.37
2018.02.09 20:44:14.032,0.74554,0.74572,2.06,1.37
2018.02.09 20:44:14.436,0.74557,0.74575,1.37,1.37
2018.02.09 20:44:14.939,0.74558,0.74575,1.37,1.37
2018.02.09 20:44:16.316,0.74558,0.74575,1.12,1.37
2018.02.09 20:44:16.417,0.74557,0.74575,1.87,1.37
2018.02.09 20:44:16.582,0.74558,0.74576,1.37,1.37
2018.02.09 20:44:17.812,0.74557,0.74575,1.87,1.37
2018.02.09 20:44:18.016,0.74546,0.74564,2.62,1.37
2018.02.09 20:44:18.169,0.74545,0.7456,1.12,1.37
2018.02.09 20:44:19.409,0.74547,0.74562,1.00,1.37
2018.02.09 20:44:19.460,0.74547,0.74564,1.37,1.37
2018.02.09 20:44:21.730,0.7455,0.74564,1.00,1.37
2018.02.09 20:44:22.311,0.74549,0.74564,1.12,1.37
2018.02.09 20:44:23.264,0.74549,0.74566,1.37,1.37
2018.02.09 20:44:24.126,0.7455,0.74568,1.87,1.37
2018.02.09 20:44:24.936,0.7455,0.74568,1.87,1.37
2018.02.09 20:44:25.167,0.74549,0.74567,1.87,1.37
2018.02.09 20:44:25.702,0.74551,0.74569,1.37,1.37
2018.02.09 20:44:26.228,0.7455,0.7457,1.87,1.37
2018.02.09 20:44:26.596,0.74552,0.74569,1.37,1.12
2018.02.09 20:44:27.291,0.74552,0.74569,1.37,1.37
2018.02.09 20:44:28.183,0.74552,0.74569,1.12,1.37
2018.02.09 20:44:29.491,0.74551,0.74569,1.87,1.37
2018.02.09 20:44:31.498,0.74551,0.7457,1.37,1.37
2018.02.09 20:44:32.967,0.74556,0.7457,1.00,1.12
2018.02.09 20:44:33.069,0.74552,0.74572,3.37,1.12
2018.02.09 20:44:33.121,0.74552,0.74572,3.37,1.37
2018.02.09 20:44:35.524,0.74553,0.74572,1.37,1.37
2018.02.09 20:44:41.552,0.74555,0.74573,1.37,1.37
2018.02.09 20:44:42.506,0.74555,0.74573,1.37,1.37
2018.02.09 20:44:43.288,0.74555,0.74573,1.12,1.37
2018.02.09 20:44:45.459,0.74555,0.74573,1.12,1.37
2018.02.09 20:44:45.704,0.74555,0.74573,1.37,1.37
2018.02.09 20:44:46.347,0.74555,0.74573,1.12,1.37
2018.02.09 20:44:47.453,0.74555,0.74573,1.37,1.37
2018.02.09 20:44:49.127,0.74559,0.74574,1.00,1.37
2018.02.09 20:44:49.330,0.74559,0.74577,1.37,1.37
2018.02.09 20:44:49.491,0.74559,0.74577,1.37,1.12
2018.02.09 20:44:50.040,0.74559,0.74579,1.87,1.37
2018.02.09 20:44:50.487,0.7456,0.74578,1.87,1.12
2018.02.09 20:44:50.922,0.7456,0.74578,1.37,1.37
2018.02.09 20:44:51.762,0.7456,0.74578,1.37,1.37
2018.02.09 20:44:52.572,0.7456,0.74578,1.37,1.12
2018.02.09 20:44:53.186,0.7456,0.74578,1.37,1.37
2018.02.09 20:44:54.318,0.7456,0.74578,1.37,1.37
2018.02.09 20:44:54.692,0.74565,0.74583,1.37,1.37
2018.02.09 20:44:55.422,0.74565,0.74583,1.37,1.37
2018.02.09 20:44:56.882,0.74565,0.74583,1.37,1.37
2018.02.09 20:44:59.091,0.74566,0.74583,1.37,1.12
2018.02.09 20:44:59.950,0.74568,0.74586,1.37,1.37
2018.02.09 20:45:00.457,0.74568,0.74586,1.37,1.37
2018.02.09 20:45:00.705,0.74571,0.74589,1.37,1.87
2018.02.09 20:45:01.205,0.74573,0.7459,1.00,1.37
2018.02.09 20:45:01.585,0.7457,0.7459,1.37,1.87
2018.02.09 20:45:02.175,0.7457,0.7459,1.87,1.37
2018.02.09 20:45:02.328,0.74568,0.74587,1.37,1.37
2018.02.09 20:45:02.379,0.7457,0.74588,1.37,1.37
2018.02.09 20:45:02.761,0.74567,0.74582,1.87,1.00
2018.02.09 20:45:02.811,0.74562,0.7458,1.87,1.12
2018.02.09 20:45:03.066,0.74564,0.74582,1.37,1.37
2018.02.09 20:45:03.607,0.74566,0.74586,1.37,3.37
2018.02.09 20:45:04.245,0.74565,0.74583,1.37,1.12
2018.02.09 20:45:04.347,0.74567,0.74585,1.37,1.37
2018.02.09 20:45:04.713,0.74567,0.74585,1.37,1.12
2018.02.09 20:45:05.221,0.74568,0.74586,1.87,1.37
2018.02.09 20:45:05.394,0.74566,0.74584,1.37,1.37
2018.02.09 20:45:06.253,0.74566,0.74584,1.87,1.00
2018.02.09 20:45:06.621,0.74568,0.74588,1.37,1.37
2018.02.09 20:45:07.846,0.74569,0.74587,1.12,1.37
2018.02.09 20:45:07.947,0.74569,0.74587,1.12,1.87
2018.02.09 20:45:08.422,0.74571,0.74589,1.00,1.37
2018.02.09 20:45:08.472,0.74571,0.74589,1.37,1.37
2018.02.09 20:45:08.663,0.7457,0.74588,1.37,1.37
2018.02.09 20:45:09.317,0.7457,0.74588,1.37,1.37
2018.02.09 20:45:09.661,0.7457,0.7459,1.37,1.87
2018.02.09 20:45:10.647,0.7457,0.7459,1.37,1.87
2018.02.09 20:45:10.964,0.74571,0.74589,1.37,1.37
2018.02.09 20:45:11.738,0.74573,0.74591,1.37,1.87
2018.02.09 20:45:12.288,0.74572,0.7459,1.37,1.37
2018.02.09 20:45:12.598,0.74574,0.74594,1.37,3.37
2018.02.09 20:45:13.129,0.74578,0.74596,1.00,2.62
2018.02.09 20:45:13.179,0.74577,0.74596,1.87,1.37
2018.02.09 20:45:13.280,0.7458,0.74598,1.37,1.37
2018.02.09 20:45:14.011,0.7458,0.74598,1.37,1.87
2018.02.09 20:45:14.644,0.7458,0.74598,1.12,1.87
2018.02.09 20:45:14.848,0.74575,0.74593,1.37,1.37
2018.02.09 20:45:15.053,0.7458,0.74599,1.37,1.37
2018.02.09 20:45:15.206,0.74581,0.74599,1.37,1.12
2018.02.09 20:45:15.387,0.74581,0.74599,1.37,1.37
2018.02.09 20:45:15.488,0.7458,0.74598,1.12,1.37
2018.02.09 20:45:15.590,0.74578,0.74596,1.37,1.37
2018.02.09 20:45:15.741,0.74578,0.74596,1.37,1.12
2018.02.09 20:45:15.893,0.74578,0.74596,1.37,1.37
2018.02.09 20:45:16.683,0.74578,0.74596,1.87,1.37
2018.02.09 20:45:18.866,0.74578,0.74596,1.12,1.37
2018.02.09 20:45:19.805,0.74577,0.74597,1.37,1.37
2018.02.09 20:45:19.906,0.74576,0.74594,1.37,1.37
2018.02.09 20:45:20.508,0.74576,0.74594,1.37,1.37
2018.02.09 20:45:21.259,0.74575,0.74595,1.37,1.87
2018.02.09 20:45:21.969,0.74579,0.74597,1.00,1.37
2018.02.09 20:45:22.070,0.74579,0.74599,1.37,1.87
2018.02.09 20:45:22.171,0.7458,0.74598,1.37,1.37
2018.02.09 20:45:22.756,0.74578,0.74596,1.37,1.37
2018.02.09 20:45:23.341,0.74578,0.74596,1.37,1.37
2018.02.09 20:45:23.526,0.74577,0.74597,1.37,1.87
2018.02.09 20:45:25.906,0.74577,0.74597,1.37,1.87
2018.02.09 20:45:26.521,0.74577,0.74597,1.37,1.87
2018.02.09 20:45:26.842,0.7458,0.74597,1.37,1.31
2018.02.09 20:45:29.928,0.7458,0.74597,1.37,1.37
2018.02.09 20:45:30.080,0.7458,0.74597,1.37,1.12
2018.02.09 20:45:30.643,0.74582,0.746,1.37,1.87
2018.02.09 20:45:30.955,0.74582,0.746,1.37,1.37
2018.02.09 20:45:31.652,0.74582,0.746,1.37,1.37
2018.02.09 20:45:31.949,0.7458,0.74598,1.37,1.37
2018.02.09 20:45:32.005,0.7458,0.74598,1.37,1.37
2018.02.09 20:45:32.626,0.7458,0.74598,1.37,1.37
2018.02.09 20:45:32.924,0.74581,0.746,1.37,1.12
2018.02.09 20:45:33.006,0.74581,0.746,1.37,1.12
2018.02.09 20:45:33.897,0.74584,0.74601,1.37,1.62
2018.02.09 20:45:34.453,0.74584,0.746,1.37,1.12
2018.02.09 20:45:35.021,0.74583,0.74601,1.37,1.37
2018.02.09 20:45:35.652,0.74583,0.74601,1.37,1.12
2018.02.09 20:45:36.124,0.74582,0.74598,1.37,1.12
2018.02.09 20:45:38.181,0.74582,0.74598,1.37,1.00
2018.02.09 20:45:38.728,0.74579,0.74599,2.62,1.87
2018.02.09 20:45:39.149,0.74584,0.74601,1.37,1.31
2018.02.09 20:45:40.514,0.74583,0.74601,1.37,1.12
2018.02.09 20:45:41.021,0.74583,0.74603,1.37,1.37
2018.02.09 20:45:41.701,0.74586,0.74602,1.37,1.12
2018.02.09 20:45:42.486,0.74587,0.74602,1.37,1.00
2018.02.09 20:45:43.187,0.74585,0.74604,1.37,1.37
2018.02.09 20:45:46.686,0.74586,0.74603,1.37,1.12
2018.02.09 20:45:47.271,0.74593,0.74608,1.00,1.87
2018.02.09 20:45:47.322,0.74593,0.74608,1.37,1.87
2018.02.09 20:45:48.094,0.74593,0.74608,1.37,1.00
2018.02.09 20:45:48.758,0.74592,0.74609,1.37,1.12
2018.02.09 20:45:51.283,0.74593,0.74609,1.37,1.00
2018.02.09 20:45:51.384,0.74594,0.74611,1.37,1.31
2018.02.09 20:45:51.436,0.74596,0.74611,1.37,1.00
2018.02.09 20:45:53.236,0.74596,0.7461,1.37,1.00
2018.02.09 20:45:53.439,0.74597,0.74613,1.37,1.12
2018.02.09 20:45:53.490,0.74599,0.74615,1.37,1.87
2018.02.09 20:45:53.863,0.74601,0.74616,1.37,1.00
2018.02.09 20:45:54.367,0.74601,0.74617,1.37,1.12
2018.02.09 20:45:54.902,0.74601,0.74617,1.37,1.00
2018.02.09 20:45:55.512,0.74601,0.74616,1.37,1.00
2018.02.09 20:45:55.850,0.746,0.74617,1.37,1.00
2018.02.09 20:45:55.901,0.74599,0.74617,1.37,1.37
2018.02.09 20:45:56.504,0.74599,0.74617,1.87,1.00
2018.02.09 20:45:56.555,0.74605,0.7462,1.12,1.37
2018.02.09 20:45:56.733,0.74606,0.74622,1.37,1.31
2018.02.09 20:45:57.266,0.74605,0.7462,1.37,1.00
2018.02.09 20:45:57.937,0.74606,0.74621,1.37,1.00
2018.02.09 20:45:57.988,0.74605,0.74623,1.37,1.12
2018.02.09 20:45:58.140,0.74606,0.74623,1.37,1.12
2018.02.09 20:45:58.983,0.74607,0.74623,1.12,1.25
2018.02.09 20:45:59.084,0.74607,0.74623,1.37,1.00
2018.02.09 20:45:59.433,0.74609,0.74625,1.37,1.00
2018.02.09 20:46:00.082,0.74609,0.74625,1.37,1.12
2018.02.09 20:46:00.641,0.74609,0.74625,1.37,1.37
2018.02.09 20:46:00.742,0.7461,0.74626,1.37,1.12
2018.02.09 20:46:00.849,0.74607,0.74625,1.37,1.87
2018.02.09 20:46:01.161,0.74603,0.74621,1.37,1.37
2018.02.09 20:46:01.645,0.74604,0.74619,1.00,1.00
2018.02.09 20:46:01.745,0.74601,0.74619,1.87,1.87
2018.02.09 20:46:02.049,0.74595,0.74615,1.37,1.87
2018.02.09 20:46:02.583,0.74596,0.74614,1.37,1.37
2018.02.09 20:46:03.100,0.74596,0.74614,1.37,1.37
2018.02.09 20:46:03.301,0.74592,0.74609,1.37,1.12
2018.02.09 20:46:03.503,0.74592,0.74609,1.37,1.37
2018.02.09 20:46:03.604,0.74593,0.7461,1.37,1.00
2018.02.09 20:46:04.187,0.74593,0.74612,1.37,2.06
2018.02.09 20:46:06.207,0.74595,0.74614,1.37,1.37
2018.02.09 20:46:07.025,0.74597,0.74617,1.37,1.37
2018.02.09 20:46:07.680,0.74598,0.74616,1.37,1.37
2018.02.09 20:46:08.233,0.74598,0.74616,1.37,1.87
2018.02.09 20:46:08.735,0.74598,0.74616,1.37,1.87
2018.02.09 20:46:09.521,0.746,0.74617,1.37,1.87
2018.02.09 20:46:10.046,0.74601,0.7462,1.37,2.62
2018.02.09 20:46:10.163,0.74605,0.7462,1.37,1.12
2018.02.09 20:46:10.535,0.74605,0.74622,1.37,1.31
2018.02.09 20:46:10.976,0.74607,0.74625,1.37,1.12
2018.02.09 20:46:11.544,0.74607,0.74626,1.37,1.37
2018.02.09 20:46:12.137,0.74609,0.74626,1.37,1.62
2018.02.09 20:46:12.785,0.74609,0.74627,1.37,1.87
2018.02.09 20:46:12.836,0.74611,0.74627,1.37,1.12
2018.02.09 20:46:13.211,0.74611,0.74627,1.12,1.00
2018.02.09 20:46:13.262,0.7461,0.74625,1.37,1.00
2018.02.09 20:46:14.288,0.74608,0.74626,1.37,1.12
2018.02.09 20:46:14.530,0.74609,0.74626,1.12,1.62
2018.02.09 20:46:14.581,0.74612,0.74629,1.00,1.62
2018.02.09 20:46:14.632,0.74611,0.74629,1.37,1.37
2018.02.09 20:46:14.734,0.74613,0.74631,1.37,1.37
2018.02.09 20:46:15.050,0.74617,0.74634,1.37,1.12
2018.02.09 20:46:15.635,0.74617,0.74633,1.37,1.00
2018.02.09 20:46:16.020,0.74619,0.74633,1.37,1.00
2018.02.09 20:46:16.221,0.74622,0.74639,1.00,3.00
2018.02.09 20:46:16.272,0.74623,0.74639,1.37,2.62
2018.02.09 20:46:17.697,0.74623,0.74639,1.37,1.37
2018.02.09 20:46:18.092,0.74621,0.74637,1.37,1.37
2018.02.09 20:46:18.408,0.74621,0.74638,1.37,1.50
2018.02.09 20:46:19.539,0.74624,0.74641,1.37,1.37
2018.02.09 20:46:19.867,0.74627,0.74643,1.37,1.12
2018.02.09 20:46:20.172,0.74623,0.7464,1.37,1.37
2018.02.09 20:46:21.173,0.74623,0.7464,1.37,1.00
2018.02.09 20:46:21.495,0.74624,0.74642,1.37,1.87
2018.02.09 20:46:21.785,0.74625,0.74642,1.37,1.12
2018.02.09 20:46:22.811,0.74625,0.74643,1.37,1.37
2018.02.09 20:46:22.862,0.7463,0.74647,1.37,2.62
2018.02.09 20:46:23.391,0.7463,0.74647,1.37,1.37
2018.02.09 20:46:24.915,0.7463,0.74646,1.00,1.37
2018.02.09 20:46:25.017,0.74626,0.74645,1.37,1.37
2018.02.09 20:46:25.354,0.74626,0.74645,1.37,1.37
2018.02.09 20:46:28.326,0.74625,0.74644,1.37,1.87
2018.02.09 20:46:28.965,0.74626,0.74644,1.37,1.37
2018.02.09 20:46:29.618,0.74626,0.74644,1.37,1.12
2018.02.09 20:46:30.766,0.74626,0.74644,1.37,1.12
2018.02.09 20:46:31.488,0.74628,0.74646,1.37,1.37
2018.02.09 20:46:32.084,0.74628,0.74646,1.37,1.37
2018.02.09 20:46:32.910,0.74627,0.74646,1.37,1.37
2018.02.09 20:46:33.061,0.74622,0.7464,1.37,1.12
2018.02.09 20:46:33.236,0.74625,0.74644,1.37,1.37
2018.02.09 20:46:34.052,0.74625,0.74644,1.37,1.87
2018.02.09 20:46:35.277,0.74625,0.74644,1.37,1.37
2018.02.09 20:46:36.160,0.74625,0.74643,1.37,1.37
2018.02.09 20:46:36.716,0.74625,0.74642,1.37,1.12
2018.02.09 20:46:37.376,0.74625,0.74643,1.37,1.37
2018.02.09 20:46:38.324,0.74625,0.74644,1.37,1.37
2018.02.09 20:46:38.732,0.74627,0.74647,1.37,1.87
2018.02.09 20:46:39.263,0.74629,0.74647,1.87,1.12
2018.02.09 20:46:39.516,0.74631,0.74651,1.37,1.37
2018.02.09 20:46:39.979,0.74631,0.7465,1.12,1.37
2018.02.09 20:46:40.178,0.74628,0.74646,1.37,1.37
2018.02.09 20:46:41.190,0.74629,0.74647,1.37,1.37
2018.02.09 20:46:41.377,0.74628,0.74648,1.87,1.37
2018.02.09 20:46:41.588,0.74628,0.74648,1.87,1.37
2018.02.09 20:46:41.733,0.74628,0.74648,1.37,1.37
2018.02.09 20:46:41.825,0.74628,0.74648,1.37,1.37
2018.02.09 20:46:41.926,0.74628,0.74646,1.37,1.37
2018.02.09 20:46:42.027,0.74625,0.74644,2.62,1.37
2018.02.09 20:46:42.228,0.74627,0.74645,1.37,1.37
2018.02.09 20:46:42.424,0.74628,0.74646,1.37,1.12
2018.02.09 20:46:44.433,0.74629,0.74648,1.37,1.37
2018.02.09 20:46:45.177,0.74629,0.74648,1.37,1.37
2018.02.09 20:46:45.327,0.74629,0.74648,1.37,1.37
2018.02.09 20:46:45.946,0.74629,0.74648,1.12,1.37
2018.02.09 20:46:46.048,0.74628,0.74646,1.37,1.37
2018.02.09 20:46:46.739,0.74628,0.74646,1.37,1.37
2018.02.09 20:46:47.173,0.74626,0.74644,1.87,1.37
2018.02.09 20:46:47.371,0.74628,0.74646,1.37,1.37
2018.02.09 20:46:47.423,0.74628,0.74646,1.37,1.87
2018.02.09 20:46:47.524,0.74625,0.74641,1.87,1.37
2018.02.09 20:46:47.626,0.74621,0.74637,1.37,1.37
2018.02.09 20:46:48.120,0.74621,0.74639,1.37,1.37
2018.02.09 20:46:49.043,0.74621,0.74639,1.37,1.37
2018.02.09 20:46:49.373,0.74619,0.74638,1.87,1.37
2018.02.09 20:46:49.474,0.74618,0.74636,1.37,1.37
2018.02.09 20:46:50.108,0.74619,0.74637,1.37,1.37
2018.02.09 20:46:53.922,0.74619,0.74637,1.37,1.37
2018.02.09 20:46:55.037,0.74621,0.74638,1.37,1.37
2018.02.09 20:46:55.382,0.74622,0.7464,1.37,1.87
2018.02.09 20:46:55.973,0.74625,0.74643,1.00,3.37
2018.02.09 20:46:56.024,0.74625,0.74643,1.37,1.37
2018.02.09 20:46:57.109,0.74625,0.74643,1.37,1.37
2018.02.09 20:46:58.119,0.74625,0.74643,1.12,1.37
2018.02.09 20:46:58.382,0.74624,0.74642,1.37,1.37
2018.02.09 20:46:59.338,0.74624,0.74642,1.12,1.37
2018.02.09 20:46:59.439,0.74621,0.74641,1.37,1.37
2018.02.09 20:47:00.120,0.74625,0.74643,1.37,1.87
2018.02.09 20:47:01.117,0.74625,0.74643,1.37,1.87
2018.02.09 20:47:01.231,0.74625,0.74643,1.37,1.37
2018.02.09 20:47:01.282,0.74628,0.74644,1.00,1.37
2018.02.09 20:47:01.333,0.74628,0.74644,1.37,1.12
2018.02.09 20:47:01.589,0.74623,0.74639,1.87,1.00
2018.02.09 20:47:01.640,0.74623,0.74637,1.50,1.12
2018.02.09 20:47:01.843,0.74622,0.7464,1.37,1.12
2018.02.09 20:47:01.945,0.74624,0.74643,1.37,1.37
2018.02.09 20:47:02.046,0.74627,0.74645,1.37,1.37
2018.02.09 20:47:02.803,0.7463,0.74648,1.37,1.37
2018.02.09 20:47:03.510,0.74629,0.74648,1.37,1.37
2018.02.09 20:47:03.871,0.74625,0.74643,1.37,1.37
2018.02.09 20:47:03.981,0.74627,0.74645,1.12,1.37
2018.02.09 20:47:04.886,0.74626,0.74645,1.37,1.37
2018.02.09 20:47:05.402,0.74627,0.74645,1.37,1.37
2018.02.09 20:47:05.885,0.74628,0.74647,1.37,1.37
2018.02.09 20:47:06.872,0.74628,0.74647,1.37,1.37
2018.02.09 20:47:07.001,0.74628,0.74647,1.12,1.37
2018.02.09 20:47:07.664,0.74626,0.74644,1.37,1.37
2018.02.09 20:47:08.252,0.74626,0.74644,1.37,1.37
2018.02.09 20:47:08.964,0.74626,0.74644,1.37,1.37
2018.02.09 20:47:09.065,0.74628,0.74646,1.12,1.37
2018.02.09 20:47:09.423,0.7463,0.74648,1.37,1.37
2018.02.09 20:47:10.174,0.74629,0.74647,1.37,1.37
2018.02.09 20:47:10.414,0.74625,0.74643,1.37,1.37
2018.02.09 20:47:11.097,0.74625,0.74643,1.37,1.37
2018.02.09 20:47:11.605,0.74625,0.74643,1.37,1.37
2018.02.09 20:47:12.193,0.74625,0.74643,1.37,1.37
2018.02.09 20:47:13.162,0.74625,0.74643,1.12,1.37
2018.02.09 20:47:13.214,0.74626,0.74643,1.37,1.37
2018.02.09 20:47:13.590,0.74627,0.74647,1.87,1.37
2018.02.09 20:47:14.616,0.7463,0.74648,1.37,1.37
2018.02.09 20:47:14.673,0.7463,0.74648,1.37,1.00
2018.02.09 20:47:15.565,0.74631,0.74649,1.37,1.12
2018.02.09 20:47:16.541,0.74633,0.7465,1.37,1.37
2018.02.09 20:47:17.144,0.74633,0.74651,1.37,1.37
2018.02.09 20:47:18.564,0.74633,0.74651,1.37,1.37
2018.02.09 20:47:18.616,0.74633,0.74651,1.87,1.37
2018.02.09 20:47:19.188,0.74634,0.74652,1.12,1.87
2018.02.09 20:47:19.714,0.74634,0.74652,1.37,1.87
2018.02.09 20:47:21.474,0.74634,0.74652,1.37,1.87
2018.02.09 20:47:22.043,0.74634,0.74654,1.37,1.37
2018.02.09 20:47:24.647,0.74636,0.74655,1.37,1.37
2018.02.09 20:47:24.866,0.74635,0.74653,1.37,1.37
2018.02.09 20:47:25.611,0.74635,0.74653,1.37,1.12
2018.02.09 20:47:25.816,0.74637,0.74655,1.37,1.37
2018.02.09 20:47:26.354,0.74636,0.74656,1.37,1.37
2018.02.09 20:47:26.764,0.74639,0.74657,1.37,1.37
2018.02.09 20:47:30.129,0.7464,0.74658,1.37,1.37
2018.02.09 20:47:30.919,0.7464,0.74658,1.37,1.00
2018.02.09 20:47:31.702,0.74642,0.74661,1.37,1.37
2018.02.09 20:47:32.783,0.74641,0.74656,1.37,1.00
2018.02.09 20:47:32.884,0.74639,0.74656,1.12,1.87
2018.02.09 20:47:32.935,0.74636,0.74654,2.62,1.00
2018.02.09 20:47:33.621,0.74635,0.74652,1.37,1.37
2018.02.09 20:47:34.206,0.74633,0.74651,1.37,1.37
2018.02.09 20:47:36.513,0.74635,0.74653,1.37,1.37
2018.02.09 20:47:39.526,0.74638,0.74656,1.37,1.87
2018.02.09 20:47:40.089,0.74638,0.74656,1.37,1.87
2018.02.09 20:47:41.601,0.74637,0.74654,1.37,1.37
2018.02.09 20:47:42.398,0.74636,0.74654,1.37,1.37
2018.02.09 20:47:43.096,0.74636,0.74654,1.37,1.37
2018.02.09 20:47:43.236,0.74637,0.74655,1.37,1.12
2018.02.09 20:47:45.142,0.74637,0.74655,1.37,1.37
2018.02.09 20:47:45.294,0.74634,0.74652,2.62,1.00
2018.02.09 20:47:45.345,0.74634,0.74652,1.87,1.37
2018.02.09 20:47:45.701,0.74633,0.74652,1.37,1.37
2018.02.09 20:47:45.773,0.74633,0.74652,1.37,1.37
2018.02.09 20:47:45.897,0.74637,0.74654,1.12,1.37
2018.02.09 20:47:45.974,0.74637,0.74654,1.37,1.37
2018.02.09 20:47:47.547,0.74637,0.74649,1.12,1.00
2018.02.09 20:47:47.687,0.74634,0.74649,1.00,1.37
2018.02.09 20:47:47.738,0.7463,0.74648,1.37,1.37
2018.02.09 20:47:47.889,0.74629,0.74648,1.37,1.12
2018.02.09 20:47:48.517,0.7463,0.74648,1.37,1.87
2018.02.09 20:47:49.132,0.7463,0.74646,1.37,1.12
2018.02.09 20:47:49.688,0.7463,0.74646,1.37,1.12
2018.02.09 20:47:50.753,0.7463,0.74646,1.12,1.12
2018.02.09 20:47:50.803,0.74623,0.74641,1.87,1.37
2018.02.09 20:47:51.279,0.74622,0.74642,1.37,1.37
2018.02.09 20:47:51.379,0.74623,0.74641,1.37,1.37
2018.02.09 20:47:51.763,0.74623,0.74641,1.37,1.37
2018.02.09 20:47:52.581,0.74623,0.74641,1.37,1.87
2018.02.09 20:47:52.682,0.74621,0.7464,1.37,1.37
2018.02.09 20:47:52.970,0.74622,0.7464,1.37,1.87
2018.02.09 20:47:53.472,0.74621,0.74639,1.37,1.37
2018.02.09 20:47:53.886,0.74621,0.74639,1.37,1.37
2018.02.09 20:47:54.092,0.74625,0.74643,1.37,1.87
2018.02.09 20:47:54.195,0.74627,0.74643,1.37,1.12
2018.02.09 20:47:54.939,0.74626,0.74643,1.37,1.37
2018.02.09 20:47:56.161,0.74626,0.74644,1.37,1.87
2018.02.09 20:47:56.669,0.74628,0.74645,1.37,1.37
2018.02.09 20:47:57.643,0.74628,0.74645,1.37,1.12
2018.02.09 20:47:57.948,0.74632,0.74649,1.37,1.12
2018.02.09 20:47:59.300,0.74632,0.74649,1.37,1.37
2018.02.09 20:48:00.353,0.74631,0.74649,1.12,1.37
2018.02.09 20:48:00.786,0.7463,0.74648,1.37,1.87
2018.02.09 20:48:01.337,0.7463,0.74648,1.37,1.37
2018.02.09 20:48:02.310,0.7463,0.74648,1.37,1.37
2018.02.09 20:48:02.905,0.7463,0.74648,1.37,1.37
2018.02.09 20:48:04.277,0.74631,0.74648,1.37,1.37
2018.02.09 20:48:07.402,0.74635,0.74653,1.12,1.87
2018.02.09 20:48:07.777,0.74635,0.74653,1.37,1.87
2018.02.09 20:48:09.974,0.74635,0.74653,1.37,1.12
2018.02.09 20:48:10.026,0.74637,0.74654,1.37,1.37
2018.02.09 20:48:11.452,0.74641,0.74658,1.37,1.37
2018.02.09 20:48:12.048,0.74641,0.74659,1.37,1.31
2018.02.09 20:48:12.150,0.74641,0.74657,1.37,1.00
2018.02.09 20:48:12.201,0.74641,0.7466,1.37,1.12
2018.02.09 20:48:12.501,0.74641,0.74659,1.37,1.37
2018.02.09 20:48:12.551,0.74642,0.74659,1.37,1.00
2018.02.09 20:48:12.771,0.7464,0.74657,1.87,1.87
2018.02.09 20:48:13.074,0.74644,0.74662,1.37,1.37
2018.02.09 20:48:13.418,0.74644,0.74663,1.37,1.37
2018.02.09 20:48:13.618,0.74645,0.74663,1.37,1.37
2018.02.09 20:48:13.769,0.74645,0.74662,1.37,1.12
2018.02.09 20:48:14.164,0.74645,0.74663,1.37,2.06
2018.02.09 20:48:14.578,0.74642,0.7466,1.87,1.69
2018.02.09 20:48:14.629,0.74642,0.7466,1.37,2.06
2018.02.09 20:48:15.045,0.74642,0.74659,1.12,1.37
2018.02.09 20:48:15.266,0.74642,0.74659,1.37,1.12
2018.02.09 20:48:15.468,0.74644,0.7466,1.37,1.12
2018.02.09 20:48:16.141,0.74643,0.7466,1.37,1.37
2018.02.09 20:48:16.663,0.74642,0.7466,1.37,1.12
2018.02.09 20:48:17.025,0.74644,0.74663,1.37,1.37
2018.02.09 20:48:17.337,0.74641,0.74659,1.37,1.12
2018.02.09 20:48:17.504,0.74641,0.74659,1.37,1.12
2018.02.09 20:48:17.699,0.74641,0.74659,1.37,1.37
2018.02.09 20:48:18.172,0.74639,0.74657,1.37,1.37
2018.02.09 20:48:18.508,0.74635,0.74653,1.37,1.37
2018.02.09 20:48:18.609,0.74638,0.74656,1.37,2.06
2018.02.09 20:48:18.710,0.74638,0.74656,1.37,2.06
2018.02.09 20:48:19.332,0.74638,0.74658,1.37,1.37
2018.02.09 20:48:20.338,0.74639,0.74657,1.37,1.00
2018.02.09 20:48:21.341,0.74639,0.74657,1.37,1.12
2018.02.09 20:48:21.644,0.74644,0.74662,1.37,1.37
2018.02.09 20:48:21.745,0.74644,0.74662,1.37,1.12
2018.02.09 20:48:22.086,0.74646,0.74664,1.37,1.87
2018.02.09 20:48:22.391,0.74642,0.74662,1.37,1.87
2018.02.09 20:48:23.007,0.74642,0.74662,1.37,1.87
2018.02.09 20:48:23.268,0.74646,0.74662,1.37,1.00
2018.02.09 20:48:23.787,0.74644,0.74663,1.37,1.37
2018.02.09 20:48:24.054,0.74645,0.74663,1.37,1.87
2018.02.09 20:48:24.590,0.74646,0.74663,1.37,1.37
2018.02.09 20:48:25.109,0.74646,0.74663,1.37,1.37
2018.02.09 20:48:25.453,0.7464,0.74656,1.37,1.00
2018.02.09 20:48:25.504,0.74639,0.74657,1.37,1.37
2018.02.09 20:48:25.806,0.74638,0.74658,1.37,1.87
2018.02.09 20:48:26.276,0.74639,0.74659,1.37,1.87
2018.02.09 20:48:26.784,0.74641,0.74656,1.37,1.12
2018.02.09 20:48:27.485,0.74637,0.74654,1.37,1.00
2018.02.09 20:48:27.586,0.7464,0.74657,1.37,1.12
2018.02.09 20:48:27.713,0.7464,0.74657,1.37,1.12
2018.02.09 20:48:28.261,0.74642,0.74658,1.37,1.00
2018.02.09 20:48:28.732,0.7464,0.74658,1.37,1.87
2018.02.09 20:48:29.339,0.74639,0.74656,1.37,1.37
2018.02.09 20:48:29.977,0.74639,0.74656,1.12,1.37
2018.02.09 20:48:30.296,0.74635,0.74652,1.37,1.37
2018.02.09 20:48:30.540,0.74637,0.74656,1.37,1.37
2018.02.09 20:48:30.643,0.74638,0.74653,1.00,1.00
2018.02.09 20:48:31.078,0.74633,0.74652,1.37,1.37
2018.02.09 20:48:32.617,0.74634,0.74652,1.37,1.87
2018.02.09 20:48:32.928,0.74638,0.74658,1.37,1.87
2018.02.09 20:48:33.839,0.74638,0.74658,1.37,1.87
2018.02.09 20:48:34.181,0.74643,0.7466,1.37,1.37
2018.02.09 20:48:34.403,0.74641,0.74657,1.12,1.37
2018.02.09 20:48:34.504,0.74643,0.7466,1.00,1.37
2018.02.09 20:48:34.605,0.74645,0.74662,1.00,1.62
2018.02.09 20:48:34.706,0.74645,0.74662,1.37,1.37
2018.02.09 20:48:35.216,0.74646,0.74664,1.37,1.87
2018.02.09 20:48:35.642,0.74645,0.74664,1.37,1.12
2018.02.09 20:48:35.920,0.74644,0.74662,2.62,1.00
2018.02.09 20:48:35.970,0.74644,0.74662,1.37,1.37
2018.02.09 20:48:36.383,0.74644,0.74662,1.37,1.12
2018.02.09 20:48:36.576,0.74644,0.7466,1.37,1.00
2018.02.09 20:48:36.920,0.74644,0.74662,1.37,1.87
2018.02.09 20:48:37.615,0.74643,0.74662,1.37,1.12
2018.02.09 20:48:37.729,0.74643,0.74662,1.37,1.37
2018.02.09 20:48:38.218,0.74648,0.74665,1.00,1.87
2018.02.09 20:48:38.269,0.7465,0.74665,1.12,1.12
2018.02.09 20:48:38.418,0.7465,0.74668,1.37,2.06
2018.02.09 20:48:39.003,0.7465,0.74668,1.37,2.06
2018.02.09 20:48:39.529,0.7465,0.74668,1.37,2.06
2018.02.09 20:48:40.076,0.7465,0.74666,1.37,1.12
2018.02.09 20:48:40.127,0.7465,0.74666,1.37,1.00
2018.02.09 20:48:40.503,0.74647,0.74667,1.37,1.37
2018.02.09 20:48:40.766,0.74649,0.74667,1.37,1.87
2018.02.09 20:48:41.083,0.74646,0.74662,1.37,1.12
2018.02.09 20:48:41.748,0.74646,0.7466,1.37,1.00
2018.02.09 20:48:41.850,0.74642,0.7466,1.37,1.87
2018.02.09 20:48:42.076,0.74644,0.74662,1.37,2.06
2018.02.09 20:48:43.053,0.74643,0.74663,1.37,1.87
2018.02.09 20:48:43.280,0.74642,0.74659,1.37,1.12
2018.02.09 20:48:43.911,0.74642,0.74659,1.37,1.37
2018.02.09 20:48:44.414,0.74644,0.74662,1.37,2.06
2018.02.09 20:48:44.515,0.74642,0.74659,1.37,1.37
2018.02.09 20:48:44.817,0.74639,0.74657,1.37,1.00
2018.02.09 20:48:45.046,0.74638,0.74653,1.37,1.12
2018.02.09 20:48:45.350,0.74636,0.74652,1.37,1.37
2018.02.09 20:48:45.869,0.74636,0.74652,1.37,1.12
2018.02.09 20:48:46.448,0.74636,0.74653,1.37,1.37
2018.02.09 20:48:46.549,0.74633,0.7465,1.87,1.12
2018.02.09 20:48:46.650,0.74633,0.7465,1.37,1.12
2018.02.09 20:48:46.852,0.7463,0.74649,1.37,2.62
2018.02.09 20:48:46.902,0.74629,0.74645,1.37,1.00
2018.02.09 20:48:47.075,0.74626,0.74644,1.37,1.87
2018.02.09 20:48:47.125,0.7463,0.74647,1.00,2.62
2018.02.09 20:48:47.176,0.7463,0.74647,1.37,1.37
2018.02.09 20:48:48.027,0.7463,0.74648,1.37,1.37
2018.02.09 20:48:48.212,0.74633,0.74651,1.37,1.87
2018.02.09 20:48:48.313,0.74633,0.7465,1.12,1.12
2018.02.09 20:48:48.515,0.74634,0.7465,1.00,1.37
2018.02.09 20:48:48.937,0.74634,0.74652,1.37,1.37
2018.02.09 20:48:48.988,0.74633,0.7465,1.37,1.12
2018.02.09 20:48:49.237,0.74634,0.74651,1.37,1.31
2018.02.09 20:48:49.407,0.74634,0.7465,1.12,1.12
2018.02.09 20:48:49.508,0.74632,0.74649,1.37,1.37
2018.02.09 20:48:49.869,0.7463,0.74645,1.12,1.00
2018.02.09 20:48:50.070,0.74629,0.74647,1.37,1.31
2018.02.09 20:48:50.222,0.74633,0.74649,1.37,1.37
2018.02.09 20:48:50.545,0.74636,0.74654,1.37,1.37
2018.02.09 20:48:50.596,0.74636,0.74655,1.37,1.37
2018.02.09 20:48:50.982,0.74637,0.74655,1.37,1.87
2018.02.09 20:48:51.808,0.74637,0.74655,1.37,1.37
2018.02.09 20:48:52.322,0.74639,0.74655,1.37,1.37
2018.02.09 20:48:52.643,0.74637,0.74653,1.37,1.37
2018.02.09 20:48:53.069,0.74638,0.74656,1.37,1.37
2018.02.09 20:48:53.145,0.74638,0.74656,1.12,1.37
2018.02.09 20:48:53.246,0.74636,0.74654,1.37,1.12
2018.02.09 20:48:53.475,0.74636,0.74654,1.37,1.12
2018.02.09 20:48:53.992,0.74638,0.74656,1.37,1.37
2018.02.09 20:48:54.296,0.74643,0.74661,1.37,1.37
2018.02.09 20:48:54.847,0.74643,0.74661,1.37,1.37
2018.02.09 20:48:55.375,0.74644,0.74662,1.37,1.37
2018.02.09 20:48:55.962,0.74643,0.74661,1.37,1.87
2018.02.09 20:48:56.961,0.74645,0.74662,1.37,1.37
2018.02.09 20:48:58.101,0.74645,0.74663,1.12,1.87
2018.02.09 20:48:58.205,0.74641,0.74659,1.87,1.37
2018.02.09 20:48:58.362,0.74642,0.74662,1.37,1.87
2018.02.09 20:48:59.480,0.74642,0.74662,1.87,1.37
2018.02.09 20:49:00.425,0.74645,0.74663,1.37,1.87
2018.02.09 20:49:00.476,0.74642,0.7466,2.62,1.00
2018.02.09 20:49:00.825,0.74638,0.74656,1.37,1.37
2018.02.09 20:49:01.255,0.74638,0.74656,1.12,1.37
2018.02.09 20:49:01.378,0.74638,0.74656,1.37,1.37
2018.02.09 20:49:02.585,0.7464,0.74658,1.37,1.37
2018.02.09 20:49:03.252,0.7464,0.74659,1.37,1.37
2018.02.09 20:49:03.354,0.7464,0.74658,1.12,1.37
2018.02.09 20:49:03.901,0.7464,0.74658,1.12,1.87
2018.02.09 20:49:04.002,0.74637,0.74655,1.37,1.37
2018.02.09 20:49:04.638,0.74636,0.74655,1.37,1.37
2018.02.09 20:49:04.740,0.74639,0.74657,1.37,1.87
2018.02.09 20:49:04.948,0.74637,0.74655,1.37,1.37
2018.02.09 20:49:05.583,0.74637,0.74655,1.37,1.37
2018.02.09 20:49:06.139,0.74635,0.74653,1.37,1.37
2018.02.09 20:49:06.342,0.74637,0.74655,1.37,1.87
2018.02.09 20:49:07.253,0.74637,0.74655,1.12,1.37
2018.02.09 20:49:07.554,0.74636,0.74655,1.37,1.37
2018.02.09 20:49:07.867,0.74635,0.74653,1.37,1.87
2018.02.09 20:49:08.436,0.74635,0.74653,1.12,1.37
2018.02.09 20:49:08.487,0.74633,0.74651,1.37,1.37
2018.02.09 20:49:08.590,0.74635,0.74653,1.37,1.87
2018.02.09 20:49:09.464,0.74635,0.74653,1.37,1.87
2018.02.09 20:49:09.768,0.74639,0.74657,1.12,1.37
2018.02.09 20:49:10.017,0.74636,0.74652,1.87,1.37
2018.02.09 20:49:10.219,0.74631,0.74648,1.12,1.37
2018.02.09 20:49:10.848,0.74629,0.74647,1.37,1.87
2018.02.09 20:49:11.148,0.74629,0.74646,1.12,1.37
2018.02.09 20:49:11.403,0.74629,0.74646,1.37,1.37
2018.02.09 20:49:12.075,0.74629,0.74646,1.37,1.12
2018.02.09 20:49:12.378,0.74636,0.74653,1.37,1.37
2018.02.09 20:49:12.916,0.74636,0.74653,1.37,1.12
2018.02.09 20:49:14.149,0.74633,0.74653,1.37,1.87
2018.02.09 20:49:14.456,0.74632,0.7465,1.37,1.37
2018.02.09 20:49:15.431,0.74632,0.7465,1.37,1.12
2018.02.09 20:49:16.219,0.74634,0.74652,1.37,1.87
2018.02.09 20:49:16.682,0.74634,0.74652,1.37,1.37
2018.02.09 20:49:16.811,0.74634,0.74652,1.37,1.37
2018.02.09 20:49:17.547,0.74634,0.74652,1.37,1.37
2018.02.09 20:49:17.598,0.74635,0.74653,1.37,1.37
2018.02.09 20:49:17.749,0.74637,0.74654,1.12,1.12
2018.02.09 20:49:17.872,0.74637,0.74654,1.37,1.37
2018.02.09 20:49:18.075,0.74629,0.74649,1.37,1.87
2018.02.09 20:49:18.609,0.74632,0.74649,1.37,1.37
2018.02.09 20:49:19.486,0.74632,0.74649,1.12,1.37
2018.02.09 20:49:20.129,0.74632,0.74649,1.12,1.37
2018.02.09 20:49:20.382,0.74627,0.74645,2.62,1.87
2018.02.09 20:49:20.922,0.74629,0.74647,1.37,1.87
2018.02.09 20:49:21.135,0.74629,0.74647,1.37,1.12
2018.02.09 20:49:21.485,0.74628,0.74645,1.37,1.00
2018.02.09 20:49:21.639,0.74627,0.74646,1.37,1.37
2018.02.09 20:49:22.303,0.74628,0.74646,1.37,1.87
2018.02.09 20:49:22.766,0.74626,0.74644,1.37,1.00
2018.02.09 20:49:22.817,0.74624,0.74643,1.87,1.87
2018.02.09 20:49:23.881,0.74626,0.74644,1.37,1.87
2018.02.09 20:49:23.983,0.74623,0.74641,2.62,1.37
2018.02.09 20:49:24.103,0.74623,0.74641,1.37,1.87
2018.02.09 20:49:24.230,0.74625,0.74644,1.37,2.62
2018.02.09 20:49:24.965,0.74625,0.74644,1.37,1.37
2018.02.09 20:49:25.483,0.74628,0.74644,1.37,1.12
2018.02.09 20:49:25.989,0.74628,0.74644,1.37,1.12
2018.02.09 20:49:26.891,0.74628,0.74644,1.37,1.37
2018.02.09 20:49:26.997,0.74627,0.74644,1.12,1.37
2018.02.09 20:49:27.145,0.74627,0.74644,1.37,1.12
2018.02.09 20:49:27.347,0.74627,0.74645,1.37,2.06
2018.02.09 20:49:27.449,0.74623,0.74641,1.37,1.37
2018.02.09 20:49:30.183,0.74624,0.74642,1.87,1.37
2018.02.09 20:49:30.335,0.74626,0.74644,1.37,1.37
2018.02.09 20:49:30.726,0.74628,0.74646,1.37,1.87
2018.02.09 20:49:31.173,0.74626,0.74644,1.37,1.87
2018.02.09 20:49:31.310,0.74629,0.74645,1.12,1.37
2018.02.09 20:49:31.910,0.74627,0.74645,1.37,1.87
2018.02.09 20:49:32.113,0.74625,0.74643,1.37,1.37
2018.02.09 20:49:32.410,0.7462,0.74638,1.37,1.12
2018.02.09 20:49:32.511,0.74622,0.74639,1.37,1.37
2018.02.09 20:49:32.713,0.7462,0.74638,1.37,1.12
2018.02.09 20:49:33.558,0.74624,0.74641,1.00,1.87
2018.02.09 20:49:33.811,0.74624,0.74642,1.37,1.37
2018.02.09 20:49:33.964,0.74623,0.74641,1.37,1.87
2018.02.09 20:49:34.650,0.74622,0.7464,1.37,1.87
2018.02.09 20:49:36.317,0.74622,0.7464,1.37,1.12
2018.02.09 20:49:36.418,0.74625,0.74645,1.12,1.87
2018.02.09 20:49:36.843,0.74626,0.74644,1.37,1.12
2018.02.09 20:49:37.277,0.74624,0.74642,1.37,1.87
2018.02.09 20:49:38.129,0.74623,0.74643,1.87,1.37
2018.02.09 20:49:38.188,0.74625,0.74643,1.37,1.37
2018.02.09 20:49:38.747,0.74624,0.74642,1.37,1.37
2018.02.09 20:49:39.958,0.74622,0.74641,1.37,1.37
2018.02.09 20:49:40.293,0.74621,0.74641,1.87,1.37
2018.02.09 20:49:40.791,0.74621,0.74641,1.87,1.37
2018.02.09 20:49:41.702,0.74622,0.74641,1.37,1.37
2018.02.09 20:49:42.026,0.74622,0.7464,1.37,1.37
2018.02.09 20:49:42.102,0.74622,0.7464,1.37,1.37
2018.02.09 20:49:42.673,0.74622,0.7464,1.37,1.87
2018.02.09 20:49:43.225,0.74625,0.74642,1.00,1.37
2018.02.09 20:49:43.361,0.74625,0.74643,1.37,1.37
2018.02.09 20:49:43.498,0.74623,0.74641,1.37,1.37
2018.02.09 20:49:43.599,0.74621,0.74639,2.62,1.37
2018.02.09 20:49:43.801,0.74618,0.74636,1.12,1.37
2018.02.09 20:49:44.574,0.74617,0.74635,1.37,1.37
2018.02.09 20:49:45.323,0.74618,0.74636,1.37,1.87
2018.02.09 20:49:46.087,0.74618,0.74636,1.37,1.87
2018.02.09 20:49:46.664,0.74618,0.74636,1.37,1.87
2018.02.09 20:49:46.715,0.74617,0.74634,1.37,1.37
2018.02.09 20:49:46.817,0.74615,0.74633,1.37,1.12
2018.02.09 20:49:46.920,0.74614,0.74632,1.37,1.87
2018.02.09 20:49:47.462,0.74613,0.74633,1.37,1.37
2018.02.09 20:49:47.563,0.74613,0.74632,1.12,1.37
2018.02.09 20:49:48.680,0.74611,0.7463,1.37,1.37
2018.02.09 20:49:49.513,0.74609,0.74627,1.37,1.87
2018.02.09 20:49:49.614,0.74607,0.74625,1.37,1.37
2018.02.09 20:49:50.151,0.74607,0.74625,1.87,1.37
2018.02.09 20:49:50.695,0.7461,0.74628,1.37,1.12
2018.02.09 20:49:50.746,0.7461,0.74628,1.37,1.37
2018.02.09 20:49:51.292,0.74612,0.7463,1.12,1.87
2018.02.09 20:49:51.503,0.74612,0.7463,1.37,1.87
2018.02.09 20:49:52.028,0.74613,0.74631,1.37,1.87
2018.02.09 20:49:52.237,0.74613,0.74631,1.37,1.12
2018.02.09 20:49:52.287,0.74614,0.74632,1.37,1.87
2018.02.09 20:49:52.601,0.74616,0.74634,1.37,1.37
2018.02.09 20:49:53.116,0.74615,0.74634,1.37,1.37
2018.02.09 20:49:53.632,0.74616,0.74634,1.37,1.87
2018.02.09 20:49:53.943,0.74614,0.74632,1.37,1.37
2018.02.09 20:49:54.319,0.74616,0.74634,1.37,1.37
2018.02.09 20:49:54.850,0.74618,0.74637,1.00,2.62
2018.02.09 20:49:54.902,0.7462,0.74637,1.37,1.37
2018.02.09 20:49:55.004,0.7462,0.74638,1.37,1.12
2018.02.09 20:49:55.106,0.7462,0.74637,1.37,1.37
2018.02.09 20:49:55.347,0.74612,0.74629,1.12,1.37
2018.02.09 20:49:55.398,0.74612,0.74629,1.37,1.12
2018.02.09 20:49:55.499,0.74614,0.74632,1.12,1.87
2018.02.09 20:49:56.126,0.74613,0.74629,1.12,1.37
2018.02.09 20:49:56.431,0.74619,0.74637,1.12,1.87
2018.02.09 20:49:56.815,0.74619,0.74637,1.37,1.37
2018.02.09 20:49:57.020,0.74619,0.74637,1.12,1.37
2018.02.09 20:49:57.620,0.74619,0.74636,1.37,1.37
2018.02.09 20:49:58.172,0.74619,0.74637,1.37,1.37
2018.02.09 20:49:58.638,0.74619,0.74637,1.37,1.12
2018.02.09 20:49:58.864,0.7462,0.7464,1.87,1.37
2018.02.09 20:49:59.333,0.74622,0.74641,1.37,1.37
2018.02.09 20:49:59.539,0.74618,0.74635,1.12,1.12
2018.02.09 20:49:59.741,0.74618,0.74635,1.37,1.37
2018.02.09 20:50:00.044,0.7461,0.74627,1.87,1.37
2018.02.09 20:50:00.095,0.74612,0.7463,1.50,2.62
2018.02.09 20:50:00.405,0.74616,0.74634,1.37,1.37
2018.02.09 20:50:00.882,0.74625,0.74643,1.37,1.37
2018.02.09 20:50:01.367,0.74623,0.74643,3.00,1.37
2018.02.09 20:50:01.468,0.74624,0.74642,1.37,1.87
2018.02.09 20:50:01.519,0.74624,0.7464,1.37,1.25
2018.02.09 20:50:01.820,0.74618,0.74636,1.37,1.37
2018.02.09 20:50:02.123,0.74615,0.74633,1.37,1.37
2018.02.09 20:50:02.174,0.74615,0.74633,1.12,1.37
2018.02.09 20:50:02.795,0.74615,0.74633,1.37,1.37
2018.02.09 20:50:03.049,0.74618,0.74638,1.37,1.37
2018.02.09 20:50:03.715,0.74618,0.74638,1.37,1.87
2018.02.09 20:50:04.378,0.74621,0.74639,1.87,1.00
2018.02.09 20:50:04.431,0.74623,0.74641,1.37,1.37
2018.02.09 20:50:04.782,0.74626,0.74644,1.37,2.44
2018.02.09 20:50:04.883,0.74625,0.74643,1.37,2.25
2018.02.09 20:50:09.328,0.74625,0.74643,1.37,1.37
2018.02.09 20:50:09.582,0.74629,0.74646,1.37,1.00
2018.02.09 20:50:10.381,0.7463,0.74648,1.37,1.87
2018.02.09 20:50:10.890,0.7463,0.74648,1.87,1.37
2018.02.09 20:50:10.992,0.74631,0.74649,1.37,1.37
2018.02.09 20:50:11.783,0.74631,0.74649,1.37,1.37
2018.02.09 20:50:12.242,0.74634,0.74651,1.00,1.37
2018.02.09 20:50:12.293,0.74634,0.74651,1.00,1.37
2018.02.09 20:50:12.446,0.74631,0.74649,1.50,1.37
2018.02.09 20:50:12.859,0.74633,0.74651,1.50,1.12
2018.02.09 20:50:13.400,0.74633,0.74651,1.50,1.37
2018.02.09 20:50:13.451,0.74631,0.74651,1.37,1.37
2018.02.09 20:50:14.509,0.74631,0.74651,1.37,1.37
2018.02.09 20:50:14.671,0.74631,0.74651,1.87,1.37
2018.02.09 20:50:14.883,0.74631,0.74651,1.87,1.37
2018.02.09 20:50:16.797,0.74631,0.74651,1.37,1.37
2018.02.09 20:50:17.558,0.74632,0.7465,1.37,1.37
2018.02.09 20:50:18.071,0.74632,0.7465,1.37,1.37
2018.02.09 20:50:19.103,0.74632,0.7465,1.37,1.37
2018.02.09 20:50:20.146,0.74629,0.74649,1.37,1.37
2018.02.09 20:50:21.214,0.74628,0.74646,1.37,1.50
2018.02.09 20:50:21.618,0.74623,0.74641,1.37,1.37
2018.02.09 20:50:21.669,0.74623,0.74641,1.12,1.37
2018.02.09 20:50:21.734,0.74623,0.74641,1.37,1.37
2018.02.09 20:50:21.788,0.74623,0.74641,1.37,1.37
2018.02.09 20:50:23.493,0.74623,0.74641,2.25,1.12
2018.02.09 20:50:24.217,0.74627,0.74645,1.37,1.37
2018.02.09 20:50:24.860,0.74627,0.74645,1.37,1.37
2018.02.09 20:50:25.544,0.74628,0.74646,1.37,1.37
2018.02.09 20:50:25.858,0.74628,0.74646,1.37,1.37
2018.02.09 20:50:26.762,0.74627,0.74646,1.37,1.37
2018.02.09 20:50:27.381,0.74628,0.74646,1.37,1.37
2018.02.09 20:50:27.747,0.7463,0.74648,1.37,1.37
2018.02.09 20:50:28.661,0.7463,0.74648,1.37,1.37
2018.02.09 20:50:29.991,0.7463,0.74648,1.37,1.37
2018.02.09 20:50:30.527,0.7463,0.74648,1.37,1.37
2018.02.09 20:50:31.191,0.7463,0.74648,1.37,1.37
2018.02.09 20:50:32.211,0.7463,0.74648,1.12,1.87
2018.02.09 20:50:32.413,0.74632,0.7465,1.37,2.06
2018.02.09 20:50:32.914,0.74629,0.74648,1.87,1.12
2018.02.09 20:50:33.018,0.74629,0.74648,1.37,1.37
2018.02.09 20:50:33.068,0.74629,0.74647,2.25,1.12
2018.02.09 20:50:33.171,0.74633,0.7465,1.12,2.62
2018.02.09 20:50:33.960,0.7463,0.74648,1.37,1.37
2018.02.09 20:50:34.495,0.74631,0.74649,1.37,1.87
2018.02.09 20:50:34.597,0.74632,0.7465,1.50,1.37
2018.02.09 20:50:34.794,0.74634,0.74652,1.50,1.87
2018.02.09 20:50:35.166,0.74635,0.74653,1.37,1.37
2018.02.09 20:50:35.637,0.7464,0.74658,1.37,2.06
2018.02.09 20:50:36.749,0.74639,0.74658,1.37,1.37
2018.02.09 20:50:37.080,0.74634,0.74654,1.37,1.87
2018.02.09 20:50:37.264,0.74634,0.74652,1.12,1.87
2018.02.09 20:50:37.416,0.74634,0.74652,1.87,1.37
2018.02.09 20:50:37.518,0.74637,0.74657,1.37,1.87
2018.02.09 20:50:38.166,0.74638,0.74656,1.37,1.87
2018.02.09 20:50:38.217,0.74637,0.74656,1.37,1.37
2018.02.09 20:50:38.750,0.74638,0.74656,1.37,1.37
2018.02.09 20:50:39.254,0.7464,0.74657,1.37,1.37
2018.02.09 20:50:39.861,0.7464,0.74657,1.37,1.37
2018.02.09 20:50:40.064,0.74641,0.74659,1.37,1.87
2018.02.09 20:50:40.629,0.74643,0.74661,1.37,1.37
2018.02.09 20:50:45.613,0.74643,0.74661,1.37,1.87
2018.02.09 20:50:45.803,0.74646,0.74664,1.37,1.12
2018.02.09 20:50:45.907,0.74644,0.74662,1.12,1.37
2018.02.09 20:50:45.958,0.74647,0.74664,1.00,1.37
2018.02.09 20:50:46.292,0.74647,0.74665,1.37,1.87
2018.02.09 20:50:46.394,0.74647,0.74665,1.37,1.37
2018.02.09 20:50:46.446,0.74647,0.74665,1.37,1.37
2018.02.09 20:50:48.594,0.74647,0.74665,1.37,1.87
2018.02.09 20:50:48.746,0.74648,0.74666,1.37,1.37
2018.02.09 20:50:49.712,0.74648,0.74666,1.37,1.37
2018.02.09 20:50:49.985,0.74648,0.74666,1.37,1.87
2018.02.09 20:50:50.334,0.74647,0.74665,1.37,1.37
2018.02.09 20:50:50.879,0.74647,0.74665,1.12,1.37
2018.02.09 20:50:51.228,0.74647,0.74665,1.37,1.87
2018.02.09 20:50:52.429,0.74647,0.74664,1.37,1.37
2018.02.09 20:50:52.531,0.74644,0.74661,1.37,1.37
2018.02.09 20:50:55.481,0.74644,0.7466,1.37,1.37
2018.02.09 20:50:57.240,0.74644,0.7466,1.00,1.37
2018.02.09 20:50:57.342,0.74638,0.74656,2.62,1.50
2018.02.09 20:50:57.444,0.74635,0.74653,2.62,1.37
2018.02.09 20:50:57.928,0.74635,0.74653,1.37,1.37
2018.02.09 20:50:58.849,0.74634,0.74652,1.37,1.37
2018.02.09 20:50:59.219,0.74637,0.74654,1.00,1.37
2018.02.09 20:50:59.270,0.74639,0.74657,1.00,1.87
2018.02.09 20:50:59.321,0.74639,0.74657,1.37,1.37
2018.02.09 20:50:59.768,0.74638,0.74655,1.37,1.37
2018.02.09 20:51:00.275,0.74638,0.74655,1.37,1.87
2018.02.09 20:51:00.794,0.74636,0.74654,1.37,1.37
2018.02.09 20:51:01.124,0.74638,0.74656,1.37,1.37
2018.02.09 20:51:01.722,0.74638,0.74656,1.37,1.12
2018.02.09 20:51:01.772,0.74639,0.74658,1.37,1.37
2018.02.09 20:51:02.093,0.7464,0.74658,1.87,1.37
2018.02.09 20:51:02.145,0.74642,0.7466,1.00,1.87
2018.02.09 20:51:02.196,0.74642,0.7466,1.37,1.37
2018.02.09 20:51:02.713,0.74644,0.74662,1.12,1.87
2018.02.09 20:51:03.056,0.74644,0.74662,1.37,1.37
2018.02.09 20:51:03.145,0.74644,0.74662,1.37,1.12
2018.02.09 20:51:03.256,0.74644,0.74662,1.37,1.37
2018.02.09 20:51:03.357,0.74644,0.74662,1.37,1.37
2018.02.09 20:51:03.979,0.74643,0.74663,1.37,1.87
2018.02.09 20:51:04.536,0.74642,0.7466,1.37,1.12
2018.02.09 20:51:04.936,0.74644,0.74664,1.37,1.87
2018.02.09 20:51:05.290,0.74648,0.74666,1.37,1.37
2018.02.09 20:51:05.835,0.74648,0.74666,1.37,1.37
2018.02.09 20:51:06.485,0.74648,0.74666,1.37,1.37
2018.02.09 20:51:06.809,0.74648,0.74666,1.37,1.37
2018.02.09 20:51:07.036,0.74648,0.74666,1.37,1.37
2018.02.09 20:51:07.556,0.74647,0.74665,1.37,1.37
2018.02.09 20:51:08.321,0.74649,0.74667,1.12,1.50
2018.02.09 20:51:09.392,0.74649,0.74665,1.12,1.37
2018.02.09 20:51:09.443,0.74647,0.74665,1.12,1.87
2018.02.09 20:51:10.134,0.74647,0.74663,1.12,1.37
2018.02.09 20:51:10.542,0.74645,0.74663,1.12,1.87
2018.02.09 20:51:11.092,0.74646,0.74664,1.12,1.87
2018.02.09 20:51:11.194,0.74648,0.74664,1.37,1.12
2018.02.09 20:51:11.297,0.74652,0.74669,1.37,1.37
2018.02.09 20:51:11.444,0.74652,0.74669,1.37,1.00
2018.02.09 20:51:11.731,0.74654,0.74672,1.37,1.37
2018.02.09 20:51:14.942,0.74654,0.74672,1.37,1.12
2018.02.09 20:51:15.729,0.74654,0.74672,1.37,1.12
2018.02.09 20:51:16.084,0.74654,0.74672,1.37,1.37
2018.02.09 20:51:16.661,0.74653,0.74673,1.37,1.87
2018.02.09 20:51:17.257,0.74654,0.74672,1.37,1.12
2018.02.09 20:51:17.890,0.74656,0.74674,1.37,1.37
2018.02.09 20:51:18.544,0.74656,0.74674,1.12,1.37
2018.02.09 20:51:18.652,0.74656,0.74674,1.37,1.37
2018.02.09 20:51:18.781,0.74656,0.74674,1.12,1.37
2018.02.09 20:51:19.210,0.74656,0.74674,1.37,1.37
2018.02.09 20:51:19.965,0.74655,0.74673,1.37,1.12
2018.02.09 20:51:20.358,0.74655,0.74673,1.87,1.37
2018.02.09 20:51:20.885,0.74655,0.74675,1.87,1.37
2018.02.09 20:51:21.348,0.74663,0.74678,1.00,1.37
2018.02.09 20:51:21.399,0.74663,0.74681,1.37,1.62
2018.02.09 20:51:21.855,0.74663,0.74681,1.37,1.87
2018.02.09 20:51:22.157,0.74667,0.74685,1.37,1.37
2018.02.09 20:51:22.718,0.74667,0.74685,1.37,1.37
2018.02.09 20:51:22.819,0.74665,0.74683,1.50,1.37
2018.02.09 20:51:22.921,0.74667,0.74685,1.37,1.37
2018.02.09 20:51:23.834,0.74667,0.74685,1.37,1.37
2018.02.09 20:51:23.973,0.74667,0.74685,1.37,1.12
2018.02.09 20:51:24.075,0.74669,0.74687,1.12,1.87
2018.02.09 20:51:24.472,0.7467,0.74687,1.37,1.37
2018.02.09 20:51:24.780,0.74674,0.74692,1.37,1.87
2018.02.09 20:51:25.292,0.74673,0.74692,1.37,1.37
2018.02.09 20:51:25.904,0.74673,0.74692,1.37,1.37
2018.02.09 20:51:26.256,0.74672,0.74689,1.37,1.00
2018.02.09 20:51:26.357,0.74672,0.74688,1.12,1.37
2018.02.09 20:51:26.592,0.74669,0.74688,1.37,1.37
2018.02.09 20:51:26.896,0.74683,0.74701,1.37,2.06
2018.02.09 20:51:27.227,0.74687,0.74704,1.00,2.06
2018.02.09 20:51:27.277,0.74687,0.74704,1.37,1.87
2018.02.09 20:51:27.579,0.74684,0.74704,1.87,1.87
2018.02.09 20:51:28.149,0.74684,0.74702,1.37,1.37
2018.02.09 20:51:28.524,0.74683,0.747,1.37,1.37
2018.02.09 20:51:29.091,0.74681,0.74699,1.37,1.87
2018.02.09 20:51:29.810,0.74681,0.74699,1.37,1.37
2018.02.09 20:51:30.215,0.74683,0.74701,1.37,1.37
2018.02.09 20:51:31.088,0.74685,0.74703,1.37,1.37
2018.02.09 20:51:31.396,0.74684,0.747,1.37,1.37
2018.02.09 20:51:32.303,0.74684,0.747,1.12,1.00
2018.02.09 20:51:32.869,0.74684,0.747,1.12,1.37
2018.02.09 20:51:34.955,0.74682,0.747,1.12,1.37
2018.02.09 20:51:35.327,0.74681,0.74701,1.37,1.87
2018.02.09 20:51:38.219,0.74682,0.747,1.37,1.12
2018.02.09 20:51:39.040,0.74683,0.74701,1.37,1.37
2018.02.09 20:51:39.096,0.74683,0.74701,1.37,1.12
2018.02.09 20:51:39.196,0.74683,0.74701,1.37,1.37
2018.02.09 20:51:41.268,0.74684,0.74702,1.37,1.87
2018.02.09 20:51:42.010,0.74684,0.74702,1.37,1.37
2018.02.09 20:51:42.424,0.74684,0.74702,1.37,1.12
2018.02.09 20:51:42.940,0.74686,0.74703,1.37,1.50
2018.02.09 20:51:43.541,0.74685,0.74704,1.37,1.37
2018.02.09 20:51:44.023,0.74687,0.74705,1.37,1.12
2018.02.09 20:51:44.395,0.74687,0.74705,1.37,1.12
2018.02.09 20:51:44.722,0.74684,0.74702,1.37,2.25
2018.02.09 20:51:45.195,0.74689,0.74706,1.12,1.37
2018.02.09 20:51:45.254,0.74689,0.74706,1.12,1.37
2018.02.09 20:51:45.709,0.74689,0.74707,1.37,1.37
2018.02.09 20:51:45.963,0.74686,0.74703,1.87,1.87
2018.02.09 20:51:48.182,0.74684,0.74702,1.37,1.87
2018.02.09 20:51:48.505,0.74684,0.74702,1.12,2.62
2018.02.09 20:51:49.189,0.74679,0.74696,1.37,1.00
2018.02.09 20:51:49.291,0.74678,0.74696,1.37,1.50
2018.02.09 20:51:51.208,0.74679,0.74697,1.00,1.37
2018.02.09 20:51:51.259,0.74681,0.74699,1.00,4.50
2018.02.09 20:51:51.400,0.74681,0.74699,2.25,1.37
2018.02.09 20:51:51.451,0.74689,0.74707,1.00,1.37
2018.02.09 20:51:51.501,0.74691,0.74708,1.37,1.62
2018.02.09 20:51:51.927,0.74689,0.74707,1.37,1.87
2018.02.09 20:51:52.087,0.7469,0.74708,1.37,1.87
2018.02.09 20:51:53.092,0.74688,0.74706,1.37,3.00
2018.02.09 20:51:53.193,0.74688,0.74706,1.37,3.00
2018.02.09 20:51:54.408,0.74689,0.74707,1.37,1.87
2018.02.09 20:51:54.633,0.74689,0.74706,1.12,1.37
2018.02.09 20:51:54.994,0.74689,0.74707,1.37,2.44
2018.02.09 20:51:55.606,0.74689,0.74707,1.37,2.25
2018.02.09 20:51:56.234,0.74689,0.74707,1.37,1.87
2018.02.09 20:51:56.786,0.74689,0.74707,1.37,1.37
2018.02.09 20:51:57.173,0.74692,0.7471,1.37,2.25
2018.02.09 20:51:57.723,0.74692,0.74709,1.37,1.12
2018.02.09 20:51:58.070,0.74691,0.74709,1.37,1.87
2018.02.09 20:51:58.642,0.74691,0.74709,1.37,2.25
2018.02.09 20:51:59.217,0.74691,0.74709,1.12,2.25
2018.02.09 20:51:59.359,0.7469,0.74708,1.37,1.37
2018.02.09 20:52:00.071,0.7469,0.74708,1.37,1.12
2018.02.09 20:52:00.362,0.7469,0.74708,1.37,1.37
2018.02.09 20:52:01.461,0.74691,0.74708,1.37,1.37
2018.02.09 20:52:01.810,0.7469,0.74709,1.37,1.12
2018.02.09 20:52:01.861,0.7469,0.74709,1.37,1.37
2018.02.09 20:52:01.963,0.74689,0.74707,1.12,1.87
2018.02.09 20:52:02.065,0.74687,0.74705,1.37,1.37
2018.02.09 20:52:02.439,0.74683,0.74703,1.37,2.25
2018.02.09 20:52:03.068,0.74684,0.74702,1.37,1.37
2018.02.09 20:52:03.371,0.74683,0.74701,1.12,1.69
2018.02.09 20:52:03.472,0.74683,0.74701,1.37,1.69
2018.02.09 20:52:03.809,0.74682,0.747,1.37,2.25
2018.02.09 20:52:04.892,0.74682,0.747,1.12,2.25
2018.02.09 20:52:05.306,0.74685,0.74703,1.37,1.87
2018.02.09 20:52:05.834,0.74684,0.74704,1.37,1.87
2018.02.09 20:52:06.115,0.7468,0.74698,1.37,1.37
2018.02.09 20:52:06.267,0.74681,0.74699,1.37,1.37
2018.02.09 20:52:06.368,0.74683,0.747,1.37,1.00
2018.02.09 20:52:06.486,0.74683,0.747,1.37,1.37
2018.02.09 20:52:06.709,0.74681,0.74699,1.12,1.87
2018.02.09 20:52:06.760,0.74681,0.74699,1.37,1.87
2018.02.09 20:52:07.463,0.74681,0.74699,1.37,1.87
2018.02.09 20:52:07.795,0.74681,0.74699,1.12,1.87
2018.02.09 20:52:08.380,0.74681,0.74699,1.37,2.25
2018.02.09 20:52:08.695,0.74679,0.74696,1.87,1.37
2018.02.09 20:52:09.043,0.74674,0.74692,1.37,1.37
2018.02.09 20:52:09.385,0.74677,0.74695,1.37,1.37
2018.02.09 20:52:09.896,0.74678,0.74695,1.37,1.12
2018.02.09 20:52:10.689,0.74678,0.74695,1.37,1.37
2018.02.09 20:52:11.309,0.74679,0.74696,1.37,1.00
2018.02.09 20:52:11.712,0.74679,0.74696,1.37,1.00
2018.02.09 20:52:12.077,0.74676,0.74693,1.37,1.00
2018.02.09 20:52:12.128,0.74675,0.74693,2.62,1.37
2018.02.09 20:52:12.656,0.74675,0.74692,1.37,1.37
2018.02.09 20:52:13.132,0.74673,0.7469,1.12,1.12
2018.02.09 20:52:13.316,0.74673,0.74691,1.37,1.50
2018.02.09 20:52:14.037,0.74674,0.74692,1.37,2.44
2018.02.09 20:52:14.379,0.74672,0.7469,1.37,2.62
2018.02.09 20:52:14.964,0.74675,0.74691,1.12,1.50
2018.02.09 20:52:15.271,0.74676,0.74694,1.37,2.62
2018.02.09 20:52:15.952,0.74676,0.74694,1.37,2.62
2018.02.09 20:52:16.703,0.74675,0.74694,1.37,1.50
2018.02.09 20:52:17.036,0.74676,0.74694,1.37,1.87
2018.02.09 20:52:17.087,0.74676,0.74694,1.37,1.87
2018.02.09 20:52:17.238,0.74676,0.74694,1.37,1.87
2018.02.09 20:52:17.340,0.74678,0.74695,1.12,1.37
2018.02.09 20:52:17.449,0.74678,0.74695,1.37,1.37
2018.02.09 20:52:18.288,0.74682,0.74699,1.00,1.37
2018.02.09 20:52:18.390,0.74682,0.747,1.37,2.62
2018.02.09 20:52:18.896,0.74681,0.74701,1.37,1.87
2018.02.09 20:52:19.645,0.74681,0.747,1.37,1.37
2018.02.09 20:52:20.153,0.74681,0.74699,1.37,2.25
2018.02.09 20:52:20.688,0.74681,0.74699,1.37,2.25
2018.02.09 20:52:21.236,0.74681,0.74698,1.37,1.50
2018.02.09 20:52:22.797,0.74684,0.74702,1.12,3.37
2018.02.09 20:52:22.901,0.74684,0.74702,1.37,2.25
2018.02.09 20:52:26.521,0.74684,0.74702,1.37,2.25
2018.02.09 20:52:27.155,0.74684,0.74701,1.12,1.50
2018.02.09 20:52:27.459,0.74676,0.74694,1.37,1.37
2018.02.09 20:52:28.295,0.74676,0.74694,1.37,1.87
2018.02.09 20:52:28.845,0.74676,0.74693,1.37,1.37
2018.02.09 20:52:29.194,0.74672,0.74689,1.37,1.87
2018.02.09 20:52:29.295,0.74671,0.74689,1.37,1.87
2018.02.09 20:52:29.837,0.74671,0.74689,1.37,1.87
2018.02.09 20:52:30.249,0.74668,0.74686,1.37,1.37
2018.02.09 20:52:30.350,0.74668,0.74685,1.37,1.37
2018.02.09 20:52:30.994,0.74668,0.74686,1.37,1.87
2018.02.09 20:52:31.610,0.74668,0.74686,1.37,1.87
2018.02.09 20:52:31.899,0.74668,0.74685,1.37,1.37
2018.02.09 20:52:32.444,0.74667,0.74685,1.37,1.37
2018.02.09 20:52:32.903,0.7467,0.74688,1.37,1.87
2018.02.09 20:52:33.004,0.7467,0.74688,1.12,1.87
2018.02.09 20:52:33.277,0.7467,0.74689,1.37,1.37
2018.02.09 20:52:33.378,0.7467,0.74688,1.37,1.37
2018.02.09 20:52:33.693,0.74671,0.74691,1.37,3.75
2018.02.09 20:52:33.794,0.7467,0.74688,1.37,1.37
2018.02.09 20:52:34.133,0.74664,0.74682,1.37,1.37
2018.02.09 20:52:34.557,0.74666,0.74684,1.37,1.12
2018.02.09 20:52:34.608,0.74669,0.74687,1.37,1.87
2018.02.09 20:52:35.177,0.74668,0.74682,1.37,1.00
2018.02.09 20:52:35.230,0.74665,0.74683,1.37,1.62
2018.02.09 20:52:35.382,0.74664,0.74684,1.37,1.87
2018.02.09 20:52:35.635,0.74668,0.74686,1.37,1.37
2018.02.09 20:52:35.947,0.74666,0.74684,1.87,1.50
2018.02.09 20:52:36.581,0.74666,0.74684,1.37,1.37
2018.02.09 20:52:38.419,0.74666,0.74684,1.37,1.37
2018.02.09 20:52:38.765,0.74664,0.74682,1.37,1.37
2018.02.09 20:52:39.456,0.74664,0.74682,1.37,1.37
2018.02.09 20:52:41.904,0.74664,0.74682,1.50,1.37
2018.02.09 20:52:42.499,0.74666,0.74684,1.37,1.37
2018.02.09 20:52:43.291,0.74665,0.74683,1.37,1.37
2018.02.09 20:52:43.946,0.74666,0.74684,1.37,1.37
2018.02.09 20:52:44.613,0.74664,0.74684,1.87,1.37
2018.02.09 20:52:44.866,0.74667,0.74685,1.87,1.37
2018.02.09 20:52:45.024,0.7467,0.74688,1.00,3.00
2018.02.09 20:52:45.075,0.74668,0.74686,1.37,1.37
2018.02.09 20:52:45.632,0.74668,0.74686,1.37,1.87
2018.02.09 20:52:46.757,0.74668,0.74686,1.37,1.37
2018.02.09 20:52:47.301,0.74668,0.74686,1.37,1.37
2018.02.09 20:52:47.841,0.74668,0.74686,1.37,1.37
2018.02.09 20:52:48.390,0.74668,0.74686,1.37,1.50
2018.02.09 20:52:48.544,0.74668,0.74685,1.12,1.37
2018.02.09 20:52:48.646,0.74665,0.74683,1.37,1.37
2018.02.09 20:52:49.938,0.74664,0.74683,1.37,1.12
2018.02.09 20:52:50.039,0.74664,0.74681,1.37,1.37
2018.02.09 20:52:50.401,0.74667,0.74685,1.37,1.37
2018.02.09 20:52:50.452,0.74666,0.74686,1.37,2.62
2018.02.09 20:52:51.118,0.74666,0.74686,1.37,1.87
2018.02.09 20:52:51.270,0.74665,0.74685,1.37,1.87
2018.02.09 20:52:51.806,0.74666,0.74684,1.12,1.87
2018.02.09 20:52:52.403,0.74665,0.74683,1.37,1.37
2018.02.09 20:52:53.284,0.74665,0.74683,1.37,1.37
2018.02.09 20:52:53.338,0.74663,0.74681,1.37,1.00
2018.02.09 20:52:53.391,0.74663,0.74681,1.37,1.87
2018.02.09 20:52:54.105,0.74661,0.74679,1.37,1.37
2018.02.09 20:52:54.433,0.74653,0.74671,1.37,1.37
2018.02.09 20:52:54.737,0.74649,0.74669,3.37,1.37
2018.02.09 20:52:54.957,0.74653,0.74671,1.37,1.87
2018.02.09 20:52:55.214,0.74657,0.74674,1.37,1.12
2018.02.09 20:52:55.316,0.74659,0.74676,1.37,1.37
2018.02.09 20:52:55.856,0.74657,0.74675,1.50,1.37
2018.02.09 20:52:56.496,0.74657,0.74675,1.50,1.37
2018.02.09 20:52:56.875,0.74657,0.74675,1.37,1.37
2018.02.09 20:52:57.119,0.74657,0.74675,1.37,1.87
2018.02.09 20:52:57.628,0.74657,0.74675,1.37,1.87
2018.02.09 20:52:58.191,0.74658,0.74676,1.37,1.37
2018.02.09 20:52:58.674,0.74658,0.74676,1.37,1.37
2018.02.09 20:52:59.010,0.74655,0.74673,1.37,1.87
2018.02.09 20:52:59.112,0.74655,0.74673,1.37,1.37
2018.02.09 20:52:59.216,0.74657,0.74675,1.37,1.12
2018.02.09 20:52:59.317,0.74657,0.74675,1.37,1.87
2018.02.09 20:52:59.790,0.74653,0.74672,1.37,1.87
2018.02.09 20:53:00.448,0.74655,0.74673,1.37,1.37
2018.02.09 20:53:00.823,0.74659,0.74677,1.37,2.25
2018.02.09 20:53:01.815,0.74659,0.74677,1.37,1.37
2018.02.09 20:53:02.162,0.74664,0.74682,1.37,2.25
2018.02.09 20:53:02.966,0.74663,0.74681,1.37,1.87
2018.02.09 20:53:03.728,0.74663,0.74681,1.37,1.87
2018.02.09 20:53:03.976,0.74663,0.74681,1.37,1.37
2018.02.09 20:53:04.422,0.74665,0.74683,1.37,1.37
2018.02.09 20:53:05.000,0.74665,0.74683,1.37,1.37
2018.02.09 20:53:05.598,0.74665,0.74683,1.37,1.37
2018.02.09 20:53:06.184,0.74665,0.74683,1.37,1.12
2018.02.09 20:53:06.285,0.74668,0.74686,1.37,1.87
2018.02.09 20:53:06.798,0.74668,0.74686,1.37,1.37
2018.02.09 20:53:08.059,0.74668,0.74686,1.37,1.37
2018.02.09 20:53:08.299,0.74672,0.7469,1.37,2.25
2018.02.09 20:53:08.350,0.7467,0.74688,1.37,1.37
2018.02.09 20:53:08.451,0.74672,0.7469,1.37,1.37
2018.02.09 20:53:09.156,0.74672,0.7469,1.37,1.37
2018.02.09 20:53:09.634,0.74672,0.74692,1.37,1.87
2018.02.09 20:53:13.166,0.74672,0.7469,2.25,1.37
2018.02.09 20:53:13.824,0.74672,0.7469,1.12,1.37
2018.02.09 20:53:14.690,0.74671,0.74689,1.12,1.87
2018.02.09 20:53:15.388,0.74669,0.74687,1.37,1.37
2018.02.09 20:53:15.646,0.74669,0.74687,2.25,1.12
2018.02.09 20:53:16.163,0.74671,0.74689,1.37,1.37
2018.02.09 20:53:16.952,0.74672,0.7469,1.37,1.37
2018.02.09 20:53:17.585,0.74673,0.74692,1.37,1.37
2018.02.09 20:53:18.715,0.74674,0.74692,1.37,1.87
2018.02.09 20:53:19.095,0.74675,0.74693,1.37,1.37
2018.02.09 20:53:19.261,0.74675,0.74693,1.37,1.00
2018.02.09 20:53:19.311,0.74677,0.74691,1.37,1.00
2018.02.09 20:53:19.362,0.74674,0.74691,1.87,1.87
2018.02.09 20:53:20.086,0.74673,0.7469,1.12,1.12
2018.02.09 20:53:20.286,0.74672,0.74691,1.37,1.37
2018.02.09 20:53:20.578,0.74672,0.7469,1.37,1.87
2018.02.09 20:53:20.854,0.74667,0.74685,2.62,1.00
2018.02.09 20:53:20.905,0.74667,0.74685,2.62,1.37
2018.02.09 20:53:21.006,0.74668,0.74686,1.37,1.87
2018.02.09 20:53:21.724,0.74669,0.74687,1.37,1.37
2018.02.09 20:53:22.637,0.74669,0.74687,1.37,1.37
2018.02.09 20:53:23.108,0.7467,0.74688,1.37,1.37
2018.02.09 20:53:23.495,0.74675,0.74693,1.37,2.62
2018.02.09 20:53:23.807,0.74676,0.74694,1.37,1.12
2018.02.09 20:53:25.035,0.74676,0.74693,1.37,1.00
2018.02.09 20:53:25.559,0.74675,0.74693,1.37,1.37
2018.02.09 20:53:25.674,0.74675,0.74693,1.37,1.12
2018.02.09 20:53:26.442,0.74677,0.74695,1.37,1.87
2018.02.09 20:53:26.846,0.74675,0.74693,1.37,1.37
2018.02.09 20:53:29.989,0.74674,0.74694,1.87,1.37
2018.02.09 20:53:32.115,0.74673,0.74692,1.87,1.37
2018.02.09 20:53:32.290,0.74672,0.7469,1.37,1.37
2018.02.09 20:53:34.018,0.74671,0.74691,1.87,1.37
2018.02.09 20:53:34.069,0.74674,0.74692,1.12,1.37
2018.02.09 20:53:34.171,0.74674,0.74692,1.37,1.37
2018.02.09 20:53:34.556,0.74674,0.74692,1.37,1.37
2018.02.09 20:53:34.665,0.74674,0.74692,1.37,1.37
2018.02.09 20:53:36.137,0.74676,0.74694,1.37,1.37
2018.02.09 20:53:36.239,0.74677,0.74695,1.37,2.25
2018.02.09 20:53:36.985,0.74677,0.74695,1.37,2.25
2018.02.09 20:53:37.137,0.74677,0.74695,1.37,2.25
2018.02.09 20:53:37.187,0.74677,0.74695,1.37,2.25
2018.02.09 20:53:37.822,0.74677,0.74695,1.12,2.25
2018.02.09 20:53:37.924,0.74674,0.74692,1.37,1.37
2018.02.09 20:53:38.026,0.74674,0.74693,1.37,1.12
2018.02.09 20:53:39.429,0.74676,0.74694,1.37,1.50
2018.02.09 20:53:40.113,0.74676,0.74694,1.37,1.50
2018.02.09 20:53:40.621,0.74677,0.74696,1.37,1.87
2018.02.09 20:53:40.789,0.74677,0.74696,1.12,1.87
2018.02.09 20:53:40.890,0.74676,0.74694,1.37,1.37
2018.02.09 20:53:41.630,0.74676,0.74694,1.37,1.37
2018.02.09 20:53:42.179,0.74676,0.74694,1.37,1.37
2018.02.09 20:53:42.714,0.74674,0.74692,1.37,1.00
2018.02.09 20:53:42.765,0.74673,0.74689,1.12,1.37
2018.02.09 20:53:43.512,0.74671,0.74689,1.50,1.12
2018.02.09 20:53:44.083,0.74671,0.74689,1.37,1.37
2018.02.09 20:53:44.240,0.7467,0.74688,1.50,1.37
2018.02.09 20:53:44.805,0.7467,0.74688,1.37,1.12
2018.02.09 20:53:44.958,0.74675,0.74693,1.00,1.50
2018.02.09 20:53:45.088,0.74675,0.74693,1.37,1.37
2018.02.09 20:53:45.139,0.74675,0.74693,1.37,1.37
2018.02.09 20:53:45.618,0.74676,0.74694,1.37,1.50
2018.02.09 20:53:47.565,0.74675,0.74695,1.37,1.87
2018.02.09 20:53:47.667,0.74675,0.74695,1.37,1.87
2018.02.09 20:53:48.171,0.74676,0.74694,1.37,1.87
2018.02.09 20:53:48.331,0.74675,0.74693,1.12,1.87
2018.02.09 20:53:49.852,0.74675,0.74693,1.37,1.87
2018.02.09 20:53:50.980,0.74675,0.74693,1.37,1.87
2018.02.09 20:53:54.804,0.74675,0.74693,1.37,1.87
2018.02.09 20:53:59.496,0.7467,0.74687,1.87,1.12
2018.02.09 20:53:59.547,0.7467,0.74685,1.00,1.37
2018.02.09 20:53:59.768,0.74667,0.74685,1.12,1.37
2018.02.09 20:54:00.751,0.74667,0.74685,1.12,1.37
2018.02.09 20:54:00.852,0.74662,0.74681,1.87,1.37
2018.02.09 20:54:00.954,0.74663,0.74681,1.37,2.25
2018.02.09 20:54:02.077,0.74663,0.74681,1.37,1.12
2018.02.09 20:54:02.649,0.74665,0.74683,1.37,2.25
2018.02.09 20:54:04.546,0.74664,0.74681,1.37,1.50
2018.02.09 20:54:04.647,0.74661,0.7468,1.87,1.50
2018.02.09 20:54:05.087,0.74662,0.7468,1.37,1.50
2018.02.09 20:54:05.189,0.74665,0.74683,1.37,1.50
2018.02.09 20:54:06.786,0.74665,0.74683,1.00,2.25
2018.02.09 20:54:06.987,0.74665,0.74683,1.37,2.25
2018.02.09 20:54:07.139,0.74668,0.74686,1.37,1.87
2018.02.09 20:54:08.097,0.74666,0.74684,1.37,1.37
2018.02.09 20:54:08.758,0.74666,0.74684,1.37,1.37
2018.02.09 20:54:09.330,0.74666,0.74684,1.37,1.37
2018.02.09 20:54:09.870,0.74666,0.74682,1.00,1.37
2018.02.09 20:54:10.393,0.74664,0.74682,1.37,1.37
2018.02.09 20:54:10.762,0.74663,0.74683,1.37,1.87
2018.02.09 20:54:11.387,0.74666,0.74683,1.37,1.12
2018.02.09 20:54:11.894,0.74666,0.74683,1.37,1.37
2018.02.09 20:54:12.423,0.74664,0.74682,1.37,1.50
2018.02.09 20:54:12.473,0.74664,0.74682,1.37,1.12
2018.02.09 20:54:13.236,0.74664,0.74682,1.37,1.12
2018.02.09 20:54:13.861,0.74665,0.74684,1.37,1.37
2018.02.09 20:54:14.604,0.74665,0.74684,1.37,1.37
2018.02.09 20:54:14.667,0.7467,0.74688,1.37,1.37
2018.02.09 20:54:15.109,0.74671,0.74689,1.37,1.37
2018.02.09 20:54:15.907,0.7467,0.74688,1.12,1.87
2018.02.09 20:54:16.055,0.7467,0.74688,1.37,2.62
2018.02.09 20:54:16.640,0.74667,0.74686,1.37,1.37
2018.02.09 20:54:20.176,0.74668,0.74686,1.37,1.37
2018.02.09 20:54:20.982,0.74668,0.74686,1.37,1.37
2018.02.09 20:54:21.670,0.74668,0.74686,1.37,1.87
2018.02.09 20:54:22.505,0.74666,0.74681,1.37,1.00
2018.02.09 20:54:22.607,0.74662,0.7468,1.37,1.37
2018.02.09 20:54:23.152,0.74662,0.7468,1.37,1.37
2018.02.09 20:54:23.686,0.74663,0.74683,1.37,1.87
2018.02.09 20:54:23.737,0.74663,0.74683,1.37,1.87
2018.02.09 20:54:24.388,0.74664,0.74682,1.37,1.37
2018.02.09 20:54:26.452,0.74662,0.7468,1.37,1.37
2018.02.09 20:54:26.505,0.74662,0.7468,1.37,1.12
2018.02.09 20:54:26.606,0.74663,0.74681,1.37,1.37
2018.02.09 20:54:27.106,0.74665,0.74683,1.37,1.37
2018.02.09 20:54:27.160,0.74667,0.74685,1.37,2.62
2018.02.09 20:54:27.261,0.74667,0.74685,1.37,1.12
2018.02.09 20:54:28.217,0.7467,0.74688,1.37,2.25
2018.02.09 20:54:29.021,0.74673,0.74688,1.00,1.37
2018.02.09 20:54:29.072,0.74672,0.7469,1.37,1.37
2018.02.09 20:54:29.332,0.74672,0.74689,1.37,1.37
2018.02.09 20:54:29.765,0.74672,0.74689,1.37,1.12
2018.02.09 20:54:30.664,0.74673,0.74691,1.37,1.87
2018.02.09 20:54:31.252,0.74674,0.74692,1.37,1.50
2018.02.09 20:54:32.108,0.74671,0.74689,1.37,1.12
2018.02.09 20:54:33.035,0.74671,0.74688,1.37,1.37
2018.02.09 20:54:39.221,0.74672,0.74688,1.00,1.50
2018.02.09 20:54:39.550,0.74667,0.74685,1.37,1.50
2018.02.09 20:54:40.321,0.74666,0.74684,1.37,1.37
2018.02.09 20:54:40.961,0.74668,0.74686,1.37,2.25
2018.02.09 20:54:41.654,0.74669,0.74687,1.37,1.50
2018.02.09 20:54:45.039,0.74669,0.74687,1.37,1.37
2018.02.09 20:54:45.546,0.74669,0.74687,1.37,1.37
2018.02.09 20:54:47.578,0.74669,0.74687,1.37,1.12
2018.02.09 20:54:49.412,0.7467,0.7469,1.37,1.87
2018.02.09 20:54:49.858,0.7467,0.7469,1.37,1.37
2018.02.09 20:54:50.367,0.74671,0.74689,1.37,1.37
2018.02.09 20:54:50.621,0.74669,0.74689,1.37,1.87
2018.02.09 20:54:50.907,0.74669,0.74689,1.37,1.87
2018.02.09 20:54:52.420,0.7467,0.74688,1.37,1.37
2018.02.09 20:54:54.358,0.74669,0.74688,1.37,1.37
2018.02.09 20:54:54.792,0.74667,0.74685,1.37,1.37
2018.02.09 20:54:54.893,0.74667,0.74685,1.12,1.50
2018.02.09 20:54:55.103,0.74664,0.74682,1.87,1.12
2018.02.09 20:54:55.420,0.74664,0.74682,1.37,1.37
2018.02.09 20:54:55.525,0.74665,0.74683,1.37,1.87
2018.02.09 20:54:56.191,0.74664,0.74682,1.37,1.37
2018.02.09 20:54:57.405,0.74664,0.74682,1.37,2.25
2018.02.09 20:54:57.519,0.74661,0.74677,1.37,1.50
2018.02.09 20:54:57.570,0.74659,0.74677,1.12,2.62
2018.02.09 20:54:57.621,0.74659,0.74677,1.37,2.62
2018.02.09 20:54:57.925,0.74659,0.74676,1.12,1.50
2018.02.09 20:54:59.252,0.7466,0.74677,1.37,1.25
2018.02.09 20:54:59.559,0.74664,0.74682,1.12,1.37
2018.02.09 20:55:00.062,0.74664,0.74682,1.37,1.37
2018.02.09 20:55:00.163,0.74664,0.74682,1.37,1.87
2018.02.09 20:55:00.468,0.7466,0.74678,1.37,1.37
2018.02.09 20:55:01.485,0.7466,0.74678,1.37,1.00
2018.02.09 20:55:01.586,0.74661,0.7468,1.37,1.62
2018.02.09 20:55:01.687,0.74663,0.74681,1.37,1.37
2018.02.09 20:55:01.790,0.74663,0.74681,1.37,1.37
2018.02.09 20:55:03.127,0.74661,0.74679,1.37,1.12
2018.02.09 20:55:04.286,0.7466,0.74678,1.37,1.37
2018.02.09 20:55:10.745,0.74659,0.74679,1.37,1.37
2018.02.09 20:55:10.846,0.74657,0.74675,2.62,1.37
2018.02.09 20:55:11.350,0.74658,0.74677,1.37,1.37
2018.02.09 20:55:11.451,0.74658,0.74677,1.37,1.87
2018.02.09 20:55:12.116,0.74659,0.74677,1.37,1.37
2018.02.09 20:55:12.916,0.74659,0.74677,1.37,1.37
2018.02.09 20:55:13.470,0.74658,0.74675,1.37,1.50
2018.02.09 20:55:13.811,0.74655,0.74673,1.37,1.87
2018.02.09 20:55:14.157,0.74655,0.74673,1.37,1.87
2018.02.09 20:55:15.400,0.74655,0.74673,1.37,1.87
2018.02.09 20:55:15.927,0.74654,0.74672,1.37,1.37
2018.02.09 20:55:17.931,0.74655,0.74672,1.37,1.37
2018.02.09 20:55:18.689,0.74655,0.74671,1.37,1.37
2018.02.09 20:55:19.765,0.74652,0.7467,1.37,1.37
2018.02.09 20:55:20.096,0.74653,0.74669,1.12,1.37
2018.02.09 20:55:20.457,0.74653,0.7467,1.37,1.37
2018.02.09 20:55:21.452,0.74652,0.7467,1.37,1.12
2018.02.09 20:55:22.217,0.74652,0.7467,1.37,1.37
2018.02.09 20:55:22.539,0.74651,0.74669,1.37,1.37
2018.02.09 20:55:23.040,0.74648,0.74666,2.62,1.37
2018.02.09 20:55:23.091,0.74648,0.74666,1.37,1.12
2018.02.09 20:55:23.761,0.74648,0.74666,2.62,1.37
2018.02.09 20:55:24.324,0.74648,0.74666,1.87,1.37
2018.02.09 20:55:25.706,0.74648,0.74666,1.87,1.37
2018.02.09 20:55:25.938,0.74645,0.74663,1.87,1.37
2018.02.09 20:55:26.402,0.74645,0.74663,1.37,1.37
2018.02.09 20:55:27.134,0.74646,0.74665,1.37,1.37
2018.02.09 20:55:28.183,0.74646,0.74665,1.37,1.37
2018.02.09 20:55:30.384,0.74646,0.74665,1.37,1.37
2018.02.09 20:55:31.298,0.74649,0.74667,1.37,1.37
2018.02.09 20:55:31.520,0.74647,0.74665,2.25,1.12
2018.02.09 20:55:32.988,0.74644,0.74662,1.37,1.37
2018.02.09 20:55:33.476,0.74643,0.74661,1.12,1.37
2018.02.09 20:55:34.528,0.7464,0.7466,1.50,1.37
2018.02.09 20:55:35.138,0.7464,0.7466,1.50,1.37
2018.02.09 20:55:35.713,0.74641,0.74659,1.50,1.37
2018.02.09 20:55:36.461,0.74646,0.74662,2.06,1.37
2018.02.09 20:55:36.562,0.74648,0.74666,1.87,1.12
2018.02.09 20:55:36.716,0.74647,0.74667,4.12,1.37
2018.02.09 20:55:38.200,0.74648,0.74666,1.87,1.37
2018.02.09 20:55:38.461,0.74656,0.74674,1.37,1.37
2018.02.09 20:55:38.617,0.74653,0.74671,2.62,1.37
2018.02.09 20:55:39.003,0.74655,0.74673,1.37,1.37
2018.02.09 20:55:39.113,0.74655,0.74673,1.37,1.12
2018.02.09 20:55:39.215,0.74655,0.74673,1.12,1.37
2018.02.09 20:55:39.589,0.74655,0.74673,1.37,1.37
2018.02.09 20:55:40.303,0.74655,0.74673,1.87,1.37
2018.02.09 20:55:40.987,0.74656,0.74676,2.25,1.37
2018.02.09 20:55:41.203,0.74654,0.74671,1.87,1.37
2018.02.09 20:55:42.140,0.74651,0.74669,1.50,1.37
2018.02.09 20:55:42.764,0.74651,0.74669,1.37,1.37
2018.02.09 20:55:43.073,0.74653,0.74671,1.37,1.37
2018.02.09 20:55:43.761,0.74651,0.74669,1.87,1.37
2018.02.09 20:55:44.239,0.74656,0.7467,1.00,1.37
2018.02.09 20:55:44.342,0.74656,0.74674,2.62,1.87
2018.02.09 20:55:44.862,0.74655,0.74673,1.87,1.37
2018.02.09 20:55:45.759,0.74655,0.74673,1.37,1.37
2018.02.09 20:55:46.318,0.74652,0.74672,1.87,1.37
2018.02.09 20:55:46.852,0.74654,0.74671,1.37,1.37
2018.02.09 20:55:47.191,0.74656,0.74674,1.37,1.87
2018.02.09 20:55:47.815,0.74655,0.74675,1.37,1.37
2018.02.09 20:55:48.216,0.74657,0.74675,2.25,1.37
2018.02.09 20:55:48.268,0.74661,0.74677,1.37,1.00
2018.02.09 20:55:48.470,0.74657,0.74675,1.12,2.25
2018.02.09 20:55:48.721,0.74657,0.74675,1.37,1.87
2018.02.09 20:55:49.224,0.74653,0.74671,1.37,1.87
2018.02.09 20:55:49.619,0.74653,0.74671,1.37,1.87
2018.02.09 20:55:50.034,0.74653,0.74672,1.37,1.37
2018.02.09 20:55:51.883,0.74654,0.74672,1.50,1.12
2018.02.09 20:55:52.260,0.7466,0.74677,1.37,1.37
2018.02.09 20:55:52.481,0.7466,0.74677,1.12,1.50
2018.02.09 20:55:53.026,0.7466,0.74677,1.37,1.50
2018.02.09 20:55:53.355,0.74656,0.74673,1.37,1.12
2018.02.09 20:55:53.409,0.74656,0.74673,1.37,1.37
2018.02.09 20:55:53.721,0.74651,0.74669,1.37,1.37
2018.02.09 20:55:54.148,0.74649,0.74668,1.37,1.12
2018.02.09 20:55:54.305,0.74649,0.74668,1.37,1.37
2018.02.09 20:55:54.920,0.74654,0.74671,1.12,1.37
2018.02.09 20:55:54.974,0.74659,0.74678,1.00,2.62
2018.02.09 20:55:55.305,0.7466,0.74678,1.37,1.87
2018.02.09 20:55:55.466,0.74662,0.7468,1.12,1.37
2018.02.09 20:55:55.567,0.74663,0.74681,1.37,1.37
2018.02.09 20:55:56.986,0.74663,0.74681,1.37,1.37
2018.02.09 20:55:57.974,0.74662,0.7468,1.37,1.37
2018.02.09 20:55:58.025,0.7466,0.74678,1.37,1.37
2018.02.09 20:55:58.352,0.74672,0.74687,1.37,1.00
2018.02.09 20:55:58.454,0.74669,0.74687,1.87,1.12
2018.02.09 20:55:58.555,0.74668,0.74686,1.37,1.37
2018.02.09 20:55:59.076,0.74668,0.74686,1.37,1.50
2018.02.09 20:55:59.665,0.74667,0.74687,1.37,1.87
2018.02.09 20:55:59.716,0.7467,0.74688,1.37,2.06
2018.02.09 20:56:00.253,0.7467,0.74688,1.37,1.37
2018.02.09 20:56:00.756,0.74671,0.74689,1.37,1.37
2018.02.09 20:56:01.269,0.74671,0.74689,1.37,1.00
2018.02.09 20:56:01.371,0.74674,0.74692,1.37,1.12
2018.02.09 20:56:01.473,0.74674,0.74692,1.37,1.37
2018.02.09 20:56:01.574,0.74673,0.74691,1.37,1.37
2018.02.09 20:56:02.001,0.74674,0.74692,1.12,1.37
2018.02.09 20:56:02.330,0.7467,0.74688,1.37,1.37
2018.02.09 20:56:02.898,0.74669,0.74686,1.37,1.37
2018.02.09 20:56:03.333,0.74666,0.74684,1.87,1.50
2018.02.09 20:56:03.435,0.74664,0.74682,1.37,1.50
2018.02.09 20:56:03.842,0.74665,0.74685,1.37,1.87
2018.02.09 20:56:04.014,0.74666,0.74682,1.37,1.12
2018.02.09 20:56:04.165,0.74663,0.74681,2.62,1.37
2018.02.09 20:56:04.837,0.74663,0.74681,1.37,1.12
2018.02.09 20:56:04.991,0.74664,0.74684,1.87,1.87
2018.02.09 20:56:05.093,0.74669,0.74687,1.37,1.87
2018.02.09 20:56:05.316,0.7467,0.74688,1.37,1.37
2018.02.09 20:56:05.827,0.7467,0.74688,1.37,1.37
2018.02.09 20:56:06.412,0.74669,0.74689,1.37,1.87
2018.02.09 20:56:06.814,0.74667,0.74687,1.87,1.37
2018.02.09 20:56:07.024,0.7467,0.74688,1.37,1.87
2018.02.09 20:56:07.125,0.74668,0.74687,1.37,1.37
2018.02.09 20:56:07.226,0.74667,0.74685,1.37,1.37
2018.02.09 20:56:07.797,0.74667,0.74685,1.37,1.37
2018.02.09 20:56:08.253,0.74664,0.74683,1.37,1.37
2018.02.09 20:56:08.595,0.74666,0.74684,1.37,1.37
2018.02.09 20:56:09.112,0.74665,0.74683,1.37,1.37
2018.02.09 20:56:09.992,0.74666,0.74682,1.00,1.12
2018.02.09 20:56:10.805,0.74664,0.74682,1.37,1.87
2018.02.09 20:56:11.148,0.74657,0.74675,1.50,1.37
2018.02.09 20:56:11.552,0.74656,0.74674,1.37,1.87
2018.02.09 20:56:11.764,0.74654,0.74672,1.37,1.12
2018.02.09 20:56:12.031,0.74654,0.74672,1.37,1.37
2018.02.09 20:56:12.551,0.74654,0.74671,1.37,1.37
2018.02.09 20:56:12.724,0.74652,0.7467,2.25,1.37
2018.02.09 20:56:12.826,0.74652,0.7467,2.25,1.37
2018.02.09 20:56:15.134,0.74652,0.7467,2.62,1.37
2018.02.09 20:56:15.659,0.74652,0.7467,2.62,1.37
2018.02.09 20:56:16.238,0.74649,0.74669,2.25,1.37
2018.02.09 20:56:16.809,0.74651,0.74668,1.50,1.37
2018.02.09 20:56:18.035,0.74652,0.7467,2.62,1.37
2018.02.09 20:56:18.562,0.74652,0.7467,2.62,1.37
2018.02.09 20:56:19.134,0.74652,0.7467,1.37,1.37
2018.02.09 20:56:20.128,0.7465,0.74668,1.37,1.37
2018.02.09 20:56:20.477,0.74648,0.74666,2.25,1.37
2018.02.09 20:56:20.900,0.74647,0.74664,1.50,1.37
2018.02.09 20:56:21.619,0.74649,0.74667,1.50,1.87
2018.02.09 20:56:21.669,0.74649,0.74667,2.25,1.87
2018.02.09 20:56:21.770,0.74651,0.74669,1.50,1.37
2018.02.09 20:56:21.872,0.74651,0.74669,1.12,2.62
2018.02.09 20:56:22.020,0.74647,0.74665,1.87,1.37
2018.02.09 20:56:24.345,0.74648,0.74667,2.62,1.37
2018.02.09 20:56:24.396,0.7465,0.74668,1.37,1.37
2018.02.09 20:56:24.687,0.74648,0.74666,1.37,1.37
2018.02.09 20:56:24.790,0.74646,0.74665,1.50,1.37
2018.02.09 20:56:25.327,0.74646,0.74665,2.25,1.37
2018.02.09 20:56:25.748,0.74646,0.74665,2.62,1.37
2018.02.09 20:56:27.007,0.74648,0.74665,1.12,1.37
2018.02.09 20:56:27.518,0.74646,0.74665,2.81,1.37
2018.02.09 20:56:27.620,0.74648,0.74668,1.37,2.62
2018.02.09 20:56:27.956,0.74652,0.7467,2.62,1.37
2018.02.09 20:56:28.241,0.74649,0.74669,1.37,1.37
2018.02.09 20:56:28.292,0.74649,0.74667,1.37,1.37
2018.02.09 20:56:28.615,0.7465,0.74668,1.37,1.37
2018.02.09 20:56:29.834,0.74648,0.74668,1.87,1.37
2018.02.09 20:56:30.123,0.74647,0.74665,1.37,1.37
2018.02.09 20:56:30.377,0.74648,0.74667,1.37,1.37
2018.02.09 20:56:30.716,0.74652,0.74668,1.00,1.37
2018.02.09 20:56:30.767,0.74652,0.74671,1.37,1.37
2018.02.09 20:56:30.989,0.74654,0.74672,1.87,1.37
2018.02.09 20:56:31.660,0.74655,0.74672,1.37,1.37
2018.02.09 20:56:32.270,0.74654,0.74672,2.25,1.12
2018.02.09 20:56:32.499,0.74651,0.74669,2.62,1.12
2018.02.09 20:56:32.683,0.74651,0.74669,1.87,1.37
2018.02.09 20:56:32.987,0.74656,0.74674,1.37,1.37
2018.02.09 20:56:33.501,0.74656,0.74674,1.37,1.37
2018.02.09 20:56:34.628,0.74656,0.74674,1.37,1.37
2018.02.09 20:56:34.939,0.74658,0.74676,1.37,1.37
2018.02.09 20:56:35.574,0.74657,0.74677,1.37,1.87
2018.02.09 20:56:35.920,0.74657,0.74675,1.37,2.25
2018.02.09 20:56:36.552,0.74655,0.74673,1.37,1.37
2018.02.09 20:56:36.814,0.74651,0.74669,1.87,1.37
2018.02.09 20:56:37.436,0.7465,0.74669,1.37,1.87
2018.02.09 20:56:38.354,0.7465,0.74669,1.37,2.25
2018.02.09 20:56:38.455,0.74647,0.74665,1.87,1.12
2018.02.09 20:56:38.557,0.74649,0.74667,1.50,1.37
2018.02.09 20:56:39.048,0.74651,0.74668,1.37,1.37
2018.02.09 20:56:39.604,0.74651,0.74669,1.37,1.37
2018.02.09 20:56:40.115,0.7465,0.7467,1.37,1.87
2018.02.09 20:56:40.725,0.74651,0.74669,1.37,1.37
2018.02.09 20:56:40.973,0.7465,0.74668,1.37,1.37
2018.02.09 20:56:41.345,0.74649,0.74668,1.37,1.37
2018.02.09 20:56:41.684,0.7465,0.74668,1.37,1.37
2018.02.09 20:56:41.735,0.74648,0.74666,1.50,1.37
2018.02.09 20:56:42.072,0.74651,0.74669,1.12,1.37
2018.02.09 20:56:42.174,0.74649,0.74669,2.06,1.87
2018.02.09 20:56:42.275,0.74648,0.74666,3.00,1.37
2018.02.09 20:56:43.613,0.74648,0.74666,2.25,1.37
2018.02.09 20:56:44.133,0.74648,0.74666,1.12,1.37
2018.02.09 20:56:45.267,0.74646,0.74664,1.37,1.37
2018.02.09 20:56:46.169,0.74646,0.74664,1.37,1.37
2018.02.09 20:56:46.321,0.74644,0.74662,1.37,1.37
2018.02.09 20:56:46.847,0.74644,0.74662,1.37,1.37
2018.02.09 20:56:47.183,0.7464,0.7466,1.87,1.37
2018.02.09 20:56:47.755,0.74641,0.74659,2.25,1.37
2018.02.09 20:56:48.103,0.74644,0.74662,1.37,1.37
2018.02.09 20:56:48.683,0.74643,0.74661,1.37,1.37
2018.02.09 20:56:49.141,0.74641,0.74659,1.37,1.37
2018.02.09 20:56:51.057,0.74639,0.74659,1.37,1.87
2018.02.09 20:56:52.048,0.7464,0.74658,1.87,1.37
2018.02.09 20:56:52.099,0.7464,0.7466,1.87,1.37
2018.02.09 20:56:52.622,0.74643,0.74661,2.25,1.37
2018.02.09 20:56:52.694,0.74643,0.74661,2.25,1.12
2018.02.09 20:56:53.084,0.74644,0.74662,1.37,1.37
2018.02.09 20:56:53.556,0.74646,0.74666,1.37,1.37
2018.02.09 20:56:54.179,0.74646,0.74665,1.37,1.37
2018.02.09 20:56:54.599,0.74648,0.74666,1.37,1.37
2018.02.09 20:56:55.013,0.74646,0.74664,2.06,1.37
2018.02.09 20:56:55.536,0.74646,0.74665,1.37,1.37
2018.02.09 20:56:56.615,0.74648,0.74666,1.12,1.37
2018.02.09 20:56:57.016,0.74648,0.74666,1.37,1.37
2018.02.09 20:56:57.562,0.74648,0.74666,1.37,1.37
2018.02.09 20:56:58.413,0.74644,0.74662,2.62,1.00
2018.02.09 20:56:58.466,0.74644,0.74662,1.00,2.25
2018.02.09 20:56:58.921,0.74646,0.74664,1.37,1.37
2018.02.09 20:56:58.974,0.74646,0.74664,1.12,1.37
2018.02.09 20:56:59.812,0.74646,0.74664,1.37,1.37
2018.02.09 20:57:00.186,0.74644,0.74662,1.37,1.37
2018.02.09 20:57:00.288,0.74644,0.74662,1.00,1.87
2018.02.09 20:57:00.390,0.7464,0.7466,1.37,1.87
2018.02.09 20:57:00.667,0.7464,0.74658,2.25,1.12
2018.02.09 20:57:00.718,0.7464,0.74658,2.25,1.37
2018.02.09 20:57:02.287,0.7464,0.7466,1.87,1.37
2018.02.09 20:57:02.839,0.7464,0.7466,1.87,1.37
2018.02.09 20:57:03.230,0.74642,0.7466,1.37,1.37
2018.02.09 20:57:03.408,0.74642,0.7466,2.25,1.12
2018.02.09 20:57:03.929,0.74643,0.74663,1.37,1.87
2018.02.09 20:57:04.310,0.7464,0.74658,1.37,1.37
2018.02.09 20:57:04.411,0.74639,0.74659,2.25,1.12
2018.02.09 20:57:04.514,0.74639,0.74659,2.25,1.37
2018.02.09 20:57:05.261,0.74641,0.74658,1.12,1.37
2018.02.09 20:57:05.312,0.74643,0.74659,1.00,1.37
2018.02.09 20:57:05.363,0.74645,0.74663,1.37,1.37
2018.02.09 20:57:05.895,0.74645,0.74663,1.37,1.37
2018.02.09 20:57:07.439,0.74644,0.74664,1.37,1.37
2018.02.09 20:57:07.668,0.74647,0.74665,2.25,1.37
2018.02.09 20:57:08.266,0.74645,0.74663,1.37,1.00
2018.02.09 20:57:08.400,0.74645,0.74663,1.12,1.37
2018.02.09 20:57:08.925,0.74649,0.74667,1.12,1.37
2018.02.09 20:57:09.492,0.74648,0.74666,1.37,1.37
2018.02.09 20:57:09.997,0.74648,0.74665,1.37,1.12
2018.02.09 20:57:10.302,0.74646,0.74664,1.37,2.25
2018.02.09 20:57:10.539,0.74644,0.74662,1.37,1.12
2018.02.09 20:57:11.131,0.74643,0.74661,1.37,1.50
2018.02.09 20:57:11.713,0.74643,0.74661,1.37,1.50
2018.02.09 20:57:12.238,0.74642,0.74661,1.37,1.50
2018.02.09 20:57:13.040,0.74642,0.74661,1.37,1.50
2018.02.09 20:57:13.395,0.74638,0.74656,1.37,1.37
2018.02.09 20:57:13.871,0.74641,0.74659,1.37,1.37
2018.02.09 20:57:14.074,0.74644,0.74661,1.00,1.37
2018.02.09 20:57:14.125,0.74644,0.74664,1.87,1.37
2018.02.09 20:57:14.176,0.74644,0.74664,1.87,1.37
2018.02.09 20:57:15.034,0.74645,0.74663,1.37,1.12
2018.02.09 20:57:15.558,0.74646,0.74666,1.37,1.37
2018.02.09 20:57:15.862,0.74645,0.74663,1.37,1.37
2018.02.09 20:57:16.309,0.74644,0.74662,1.37,1.37
2018.02.09 20:57:16.538,0.74644,0.74663,1.37,1.37
2018.02.09 20:57:17.194,0.74645,0.74663,1.37,1.37
2018.02.09 20:57:18.081,0.7465,0.74666,1.00,1.37
2018.02.09 20:57:18.182,0.74652,0.74671,1.37,1.50
2018.02.09 20:57:18.335,0.7465,0.74669,1.87,1.87
2018.02.09 20:57:18.873,0.74649,0.74667,1.37,1.12
2018.02.09 20:57:19.187,0.74648,0.74666,1.37,1.50
2018.02.09 20:57:19.834,0.74646,0.74664,1.37,1.37
2018.02.09 20:57:20.150,0.7465,0.74665,1.12,1.37
2018.02.09 20:57:20.275,0.74647,0.74665,1.37,1.50
2018.02.09 20:57:20.338,0.74647,0.74665,1.37,2.62
2018.02.09 20:57:21.102,0.74644,0.74664,1.87,1.37
2018.02.09 20:57:21.239,0.74644,0.74664,1.12,2.25
2018.02.09 20:57:21.344,0.74643,0.74661,1.37,1.37
2018.02.09 20:57:21.771,0.74642,0.7466,1.37,1.37
2018.02.09 20:57:22.899,0.74643,0.74661,1.37,1.37
2018.02.09 20:57:23.611,0.74641,0.74661,1.87,1.37
2018.02.09 20:57:23.858,0.74641,0.74661,1.87,1.37
2018.02.09 20:57:24.270,0.74642,0.7466,1.37,1.37
2018.02.09 20:57:24.372,0.74641,0.74661,1.37,1.87
2018.02.09 20:57:24.599,0.74642,0.7466,2.25,1.37
2018.02.09 20:57:25.839,0.74642,0.7466,1.37,1.37
2018.02.09 20:57:26.827,0.74641,0.74659,1.37,1.37
2018.02.09 20:57:28.239,0.74641,0.74659,1.37,2.25
2018.02.09 20:57:28.785,0.74641,0.74658,1.12,1.50
2018.02.09 20:57:29.143,0.74638,0.74656,1.37,1.37
2018.02.09 20:57:29.946,0.74638,0.74656,1.37,1.37
2018.02.09 20:57:30.154,0.74638,0.74656,1.37,1.12
2018.02.09 20:57:30.306,0.74639,0.74657,1.37,1.37
2018.02.09 20:57:30.795,0.74637,0.74654,1.12,1.12
2018.02.09 20:57:30.896,0.74637,0.74657,1.87,2.62
2018.02.09 20:57:31.427,0.74637,0.74656,1.37,1.37
2018.02.09 20:57:32.312,0.74637,0.74655,1.37,1.37
2018.02.09 20:57:32.660,0.74634,0.74654,1.87,1.50
2018.02.09 20:57:32.970,0.74631,0.7465,1.37,1.37
2018.02.09 20:57:33.173,0.7463,0.74648,1.37,1.37
2018.02.09 20:57:33.224,0.74629,0.74647,1.37,1.37
2018.02.09 20:57:33.456,0.74632,0.74651,1.37,2.25
2018.02.09 20:57:33.558,0.74631,0.74649,1.37,1.37
2018.02.09 20:57:34.889,0.74631,0.74649,1.87,1.37
2018.02.09 20:57:34.990,0.74632,0.74649,1.12,1.37
2018.02.09 20:57:35.197,0.74632,0.74652,1.37,1.37
2018.02.09 20:57:35.747,0.74634,0.74652,1.37,1.37
2018.02.09 20:57:36.072,0.74635,0.74653,1.87,1.37
2018.02.09 20:57:36.521,0.74635,0.74653,1.87,1.00
2018.02.09 20:57:36.623,0.74638,0.74656,1.37,1.37
2018.02.09 20:57:38.275,0.74638,0.74656,1.37,1.37
2018.02.09 20:57:38.836,0.74638,0.74656,1.37,1.37
2018.02.09 20:57:39.196,0.74638,0.74656,1.37,1.37
2018.02.09 20:57:40.298,0.74638,0.74656,1.12,1.87
2018.02.09 20:57:40.400,0.74634,0.74653,1.37,1.37
2018.02.09 20:57:40.604,0.74636,0.74654,1.37,1.37
2018.02.09 20:57:41.177,0.74637,0.74657,1.87,1.37
2018.02.09 20:57:41.252,0.74637,0.74657,1.87,1.37
2018.02.09 20:57:42.093,0.74637,0.74657,1.87,1.37
2018.02.09 20:57:42.434,0.7464,0.74658,1.37,1.37
2018.02.09 20:57:42.941,0.7464,0.74658,1.37,1.37
2018.02.09 20:57:43.658,0.7464,0.74658,1.87,1.37
2018.02.09 20:57:44.186,0.74639,0.74659,1.87,1.37
2018.02.09 20:57:44.649,0.74637,0.74655,1.37,1.12
2018.02.09 20:57:44.700,0.74637,0.74655,1.37,1.12
2018.02.09 20:57:44.801,0.74639,0.74657,1.37,1.37
2018.02.09 20:57:45.656,0.74639,0.74657,1.87,1.37
2018.02.09 20:57:47.022,0.74639,0.74657,1.37,1.37
2018.02.09 20:57:47.636,0.74637,0.74655,1.37,1.37
2018.02.09 20:57:47.887,0.7464,0.74658,1.37,1.37
2018.02.09 20:57:48.090,0.74638,0.74656,1.37,1.37
2018.02.09 20:57:48.536,0.74638,0.74656,2.25,1.12
2018.02.09 20:57:48.590,0.74638,0.74656,2.25,1.37
2018.02.09 20:57:49.658,0.74638,0.74656,2.25,1.37
2018.02.09 20:57:50.186,0.74638,0.74656,1.37,1.37
2018.02.09 20:57:50.832,0.74637,0.74657,1.37,1.87
2018.02.09 20:57:51.699,0.74636,0.74654,1.37,1.37
2018.02.09 20:57:51.816,0.74636,0.74654,1.37,1.12
2018.02.09 20:57:51.917,0.74635,0.74654,1.37,1.37
2018.02.09 20:57:52.191,0.7464,0.74658,1.12,1.37
2018.02.09 20:57:52.318,0.7464,0.74658,1.37,1.37
2018.02.09 20:57:52.658,0.74636,0.74654,1.87,1.37
2018.02.09 20:57:52.913,0.74636,0.74654,1.12,1.87
2018.02.09 20:57:53.231,0.74638,0.74656,2.25,1.37
2018.02.09 20:57:53.569,0.74638,0.74656,1.37,1.37
2018.02.09 20:57:54.111,0.74637,0.74657,1.37,1.87
2018.02.09 20:57:54.578,0.74637,0.74655,1.37,1.37
2018.02.09 20:57:55.089,0.74637,0.74655,2.25,1.37
2018.02.09 20:57:55.559,0.74633,0.7465,1.37,1.00
2018.02.09 20:57:55.736,0.74635,0.74653,1.37,1.37
2018.02.09 20:57:55.891,0.74637,0.74655,1.37,1.37
2018.02.09 20:57:55.992,0.74638,0.74656,1.37,1.37
2018.02.09 20:57:56.436,0.74637,0.74655,1.37,1.37
2018.02.09 20:57:56.491,0.74637,0.74655,1.37,1.37
2018.02.09 20:57:56.795,0.74637,0.74655,1.37,1.87
2018.02.09 20:57:56.896,0.74635,0.74653,1.37,1.37
2018.02.09 20:57:57.362,0.74635,0.74653,1.12,1.37
2018.02.09 20:57:57.944,0.74635,0.74653,1.37,1.37
2018.02.09 20:57:58.097,0.74636,0.74654,1.37,1.37
2018.02.09 20:57:58.199,0.74638,0.74656,1.50,1.37
2018.02.09 20:57:59.585,0.74638,0.74656,1.37,1.00
2018.02.09 20:58:00.133,0.7464,0.74658,1.12,1.37
2018.02.09 20:58:00.522,0.7464,0.74658,1.50,1.37
2018.02.09 20:58:01.625,0.7464,0.74658,1.37,1.37
2018.02.09 20:58:01.777,0.7464,0.74658,1.37,1.87
2018.02.09 20:58:01.971,0.74645,0.74662,1.37,1.00
2018.02.09 20:58:02.192,0.74643,0.74663,1.37,1.87
2018.02.09 20:58:02.953,0.74644,0.74662,1.37,1.12
2018.02.09 20:58:03.277,0.74644,0.74662,1.37,1.37
2018.02.09 20:58:04.617,0.74644,0.74662,1.37,1.37
2018.02.09 20:58:04.940,0.74646,0.74664,1.12,1.37
2018.02.09 20:58:05.115,0.74646,0.74664,1.37,1.37
2018.02.09 20:58:06.862,0.74645,0.7466,1.37,1.00
2018.02.09 20:58:07.013,0.74638,0.74655,1.37,1.00
2018.02.09 20:58:07.064,0.74637,0.74654,1.37,1.87
2018.02.09 20:58:07.656,0.74635,0.74653,1.37,1.37
2018.02.09 20:58:08.011,0.74637,0.74655,1.37,1.37
2018.02.09 20:58:08.112,0.74639,0.74657,1.37,1.12
2018.02.09 20:58:08.415,0.74637,0.74655,1.37,1.87
2018.02.09 20:58:08.466,0.74636,0.74654,1.37,1.37
2018.02.09 20:58:08.680,0.74636,0.74654,1.37,1.37
2018.02.09 20:58:09.286,0.74636,0.74654,1.37,1.37
2018.02.09 20:58:09.901,0.74635,0.74655,1.37,1.87
2018.02.09 20:58:10.217,0.74634,0.74652,1.12,1.87
2018.02.09 20:58:10.742,0.74632,0.7465,1.37,1.12
2018.02.09 20:58:11.077,0.74632,0.7465,1.37,1.37
2018.02.09 20:58:11.381,0.7463,0.7465,1.87,1.37
2018.02.09 20:58:11.432,0.74631,0.7465,1.37,1.37
2018.02.09 20:58:11.483,0.74631,0.7465,1.12,1.37
2018.02.09 20:58:11.658,0.74631,0.7465,1.37,1.37
2018.02.09 20:58:12.168,0.74631,0.7465,1.37,1.37
2018.02.09 20:58:12.870,0.74633,0.74651,1.37,1.37
2018.02.09 20:58:13.229,0.74631,0.74651,1.37,1.37
2018.02.09 20:58:14.114,0.74632,0.7465,1.12,1.37
2018.02.09 20:58:14.164,0.74632,0.7465,1.37,1.37
2018.02.09 20:58:14.363,0.74632,0.7465,1.00,1.37
2018.02.09 20:58:15.002,0.74632,0.7465,1.37,1.37
2018.02.09 20:58:15.293,0.74629,0.74647,1.37,1.12
2018.02.09 20:58:15.395,0.74627,0.74644,1.37,1.37
2018.02.09 20:58:15.700,0.74632,0.7465,1.37,1.37
2018.02.09 20:58:16.290,0.74633,0.74651,1.37,1.37
2018.02.09 20:58:16.452,0.74632,0.7465,1.37,1.37
2018.02.09 20:58:16.995,0.74632,0.7465,1.37,1.87
2018.02.09 20:58:17.219,0.74629,0.74647,2.62,1.00
2018.02.09 20:58:17.269,0.74629,0.74647,2.62,2.62
2018.02.09 20:58:18.393,0.74632,0.7465,1.87,1.37
2018.02.09 20:58:18.584,0.74633,0.74651,1.37,1.37
2018.02.09 20:58:18.674,0.74631,0.74651,1.37,1.37
2018.02.09 20:58:22.335,0.74632,0.7465,1.37,1.37
2018.02.09 20:58:22.753,0.74632,0.7465,1.37,1.37
2018.02.09 20:58:22.856,0.74632,0.7465,1.37,1.37
2018.02.09 20:58:23.424,0.74632,0.7465,1.37,1.37
2018.02.09 20:58:23.839,0.74632,0.7465,1.37,1.12
2018.02.09 20:58:24.363,0.74632,0.7465,1.37,1.12
2018.02.09 20:58:24.877,0.74633,0.74651,1.37,1.37
2018.02.09 20:58:25.245,0.74633,0.74651,1.12,1.37
2018.02.09 20:58:25.587,0.74628,0.74648,1.37,1.87
2018.02.09 20:58:26.566,0.74627,0.74645,1.37,1.00
2018.02.09 20:58:26.719,0.74628,0.74646,1.87,1.37
2018.02.09 20:58:27.299,0.7463,0.74648,1.12,1.37
2018.02.09 20:58:30.108,0.74629,0.74649,1.87,1.37
2018.02.09 20:58:31.089,0.74629,0.74647,1.37,1.37
2018.02.09 20:58:31.428,0.74631,0.74649,1.87,1.37
2018.02.09 20:58:31.680,0.7463,0.74648,1.37,1.37
2018.02.09 20:58:31.730,0.74627,0.74644,1.37,1.00
2018.02.09 20:58:31.788,0.74628,0.74644,1.00,1.12
2018.02.09 20:58:32.013,0.74627,0.74647,1.37,1.37
2018.02.09 20:58:33.014,0.74628,0.74646,2.06,1.37
2018.02.09 20:58:33.896,0.74628,0.74646,1.87,1.37
2018.02.09 20:58:34.042,0.7463,0.74648,1.37,1.37
2018.02.09 20:58:34.691,0.74631,0.74649,1.37,1.37
2018.02.09 20:58:36.418,0.74631,0.74649,1.37,1.37
2018.02.09 20:58:39.159,0.7463,0.7465,1.87,1.12
2018.02.09 20:58:39.362,0.74635,0.74655,1.37,1.87
2018.02.09 20:58:39.831,0.74634,0.74652,1.37,1.37
2018.02.09 20:58:40.479,0.74634,0.74652,1.37,1.87
2018.02.09 20:58:40.580,0.74631,0.74649,1.37,1.37
2018.02.09 20:58:41.971,0.74631,0.74649,1.37,1.87
2018.02.09 20:58:42.072,0.7463,0.74648,1.12,1.37
2018.02.09 20:58:42.173,0.7463,0.74648,1.37,1.37
2018.02.09 20:58:42.682,0.7463,0.74648,1.37,1.37
2018.02.09 20:58:43.067,0.7463,0.74648,1.50,1.37
2018.02.09 20:58:43.538,0.74633,0.74651,1.37,1.37
2018.02.09 20:58:44.517,0.74633,0.74651,1.37,1.37
2018.02.09 20:58:47.150,0.74633,0.74651,1.87,1.12
2018.02.09 20:58:49.333,0.74635,0.74651,1.37,1.12
2018.02.09 20:58:50.370,0.74635,0.74653,1.37,1.37
2018.02.09 20:58:52.009,0.74637,0.74655,1.37,1.87
2018.02.09 20:58:52.193,0.74637,0.74652,1.00,1.12
2018.02.09 20:58:52.498,0.74633,0.74651,1.37,1.87
2018.02.09 20:58:53.081,0.74633,0.74651,1.12,1.37
2018.02.09 20:58:53.703,0.74631,0.74649,1.37,1.50
2018.02.09 20:58:53.805,0.74631,0.74649,1.37,1.12
2018.02.09 20:58:54.729,0.74632,0.7465,1.37,1.37
2018.02.09 20:58:55.289,0.74633,0.7465,1.12,1.37
2018.02.09 20:58:55.434,0.74631,0.74649,1.37,1.37
2018.02.09 20:58:56.049,0.74628,0.74644,1.37,1.00
2018.02.09 20:58:56.192,0.74629,0.74647,1.00,2.62
2018.02.09 20:58:56.243,0.74629,0.74647,1.37,2.62
2018.02.09 20:58:56.775,0.74629,0.74645,1.12,1.12
2018.02.09 20:58:57.309,0.74629,0.74647,1.37,2.25
2018.02.09 20:58:57.533,0.74629,0.74646,1.00,1.37
2018.02.09 20:58:57.807,0.74626,0.74644,1.37,1.87
2018.02.09 20:58:58.350,0.74626,0.74644,1.37,1.37
2018.02.09 20:58:58.595,0.74623,0.74641,1.37,1.37
2018.02.09 20:58:59.258,0.74623,0.74641,1.50,1.37
2018.02.09 20:59:00.100,0.74625,0.74642,1.00,1.37
2018.02.09 20:59:00.202,0.74621,0.74641,1.37,1.37
2018.02.09 20:59:00.436,0.74622,0.7464,1.37,1.37
2018.02.09 20:59:00.863,0.74618,0.74633,1.37,1.00
2018.02.09 20:59:00.913,0.74618,0.74634,1.00,1.37
2018.02.09 20:59:01.014,0.74615,0.74633,1.37,1.37
2018.02.09 20:59:01.247,0.74613,0.74631,1.37,1.37
2018.02.09 20:59:01.424,0.74613,0.74631,1.37,1.37
2018.02.09 20:59:01.944,0.74614,0.74632,1.37,1.37
2018.02.09 20:59:02.548,0.74614,0.7463,1.12,0.37
2018.02.09 20:59:02.850,0.74613,0.74627,0.75,0.37
2018.02.09 20:59:03.053,0.74611,0.74626,0.37,0.37
2018.02.09 20:59:03.619,0.74612,0.74626,0.37,0.75
2018.02.09 20:59:03.672,0.74609,0.74623,0.37,0.37
2018.02.09 20:59:03.773,0.74607,0.74624,1.12,0.37
2018.02.09 20:59:05.453,0.7461,0.74624,0.37,0.37
2018.02.09 20:59:05.554,0.7461,0.74627,0.37,1.12
2018.02.09 20:59:05.724,0.74611,0.74625,0.37,0.37
2018.02.09 20:59:05.815,0.7461,0.74627,1.12,1.12
2018.02.09 20:59:06.038,0.74612,0.74627,0.37,0.37
2018.02.09 20:59:08.219,0.74611,0.74627,0.37,0.37
2018.02.09 20:59:08.683,0.74609,0.74625,1.12,0.37
2018.02.09 20:59:09.015,0.74612,0.74627,0.37,0.37
2018.02.09 20:59:09.369,0.74614,0.74628,0.37,0.37
2018.02.09 20:59:09.425,0.74612,0.74627,0.37,0.37
2018.02.09 20:59:09.476,0.74613,0.74629,0.37,1.12
2018.02.09 20:59:10.217,0.74615,0.74631,0.37,0.37
2018.02.09 20:59:11.147,0.74615,0.74629,0.37,0.37
2018.02.09 20:59:11.475,0.74615,0.74631,0.37,0.37
2018.02.09 20:59:12.149,0.74616,0.7463,0.37,0.37
2018.02.09 20:59:13.444,0.74615,0.7463,0.37,0.37
2018.02.09 20:59:13.738,0.74617,0.74631,0.37,0.37
2018.02.09 20:59:13.840,0.74614,0.74631,1.12,0.37
2018.02.09 20:59:14.263,0.74616,0.7463,0.37,0.37
2018.02.09 20:59:14.822,0.74617,0.74631,0.37,0.37
2018.02.09 20:59:16.081,0.74616,0.74633,1.12,0.37
2018.02.09 20:59:16.767,0.74618,0.74632,0.37,0.37
2018.02.09 20:59:19.459,0.74619,0.74634,1.12,0.37
2018.02.09 20:59:19.901,0.74617,0.74631,0.37,0.37
2018.02.09 20:59:20.002,0.74613,0.7463,1.12,1.12
2018.02.09 20:59:22.376,0.74613,0.74628,0.37,0.37
2018.02.09 20:59:22.969,0.74614,0.74629,0.37,0.37
2018.02.09 20:59:23.162,0.74612,0.74628,1.12,0.37
2018.02.09 20:59:24.438,0.74611,0.74625,0.37,0.37
2018.02.09 20:59:24.712,0.74617,0.74632,1.12,0.37
2018.02.09 20:59:24.762,0.74619,0.74633,0.37,0.37
2018.02.09 20:59:25.062,0.7462,0.74636,0.37,0.37
2018.02.09 20:59:25.243,0.74619,0.74634,0.37,0.37
2018.02.09 20:59:25.574,0.74618,0.74632,0.37,0.37
2018.02.09 20:59:25.907,0.74621,0.74635,0.37,1.12
2018.02.09 20:59:26.590,0.74622,0.74636,0.37,0.37
2018.02.09 20:59:27.137,0.74623,0.74637,0.37,0.37
2018.02.09 20:59:27.448,0.74626,0.7464,0.37,0.37
2018.02.09 20:59:27.550,0.74627,0.74642,0.37,0.37
2018.02.09 20:59:27.929,0.74626,0.7464,0.37,0.37
2018.02.09 20:59:29.520,0.74626,0.74641,0.37,0.37
2018.02.09 20:59:30.521,0.74625,0.7464,0.37,0.37
2018.02.09 20:59:31.080,0.74625,0.74639,0.37,0.37
2018.02.09 20:59:31.418,0.74623,0.74637,0.37,0.37
2018.02.09 20:59:31.952,0.74621,0.74638,0.37,1.12
2018.02.09 20:59:32.054,0.74623,0.74637,0.37,0.37
2018.02.09 20:59:32.902,0.74622,0.74636,0.37,0.37
2018.02.09 20:59:33.577,0.74621,0.74635,0.37,0.37
2018.02.09 20:59:33.679,0.74624,0.74639,0.37,0.37
2018.02.09 20:59:34.096,0.74622,0.74637,0.37,0.37
2018.02.09 20:59:34.318,0.74619,0.74635,0.37,0.37
2018.02.09 20:59:34.867,0.74619,0.74634,1.12,0.37
2018.02.09 20:59:34.918,0.74622,0.74636,0.37,0.37
2018.02.09 20:59:35.436,0.74623,0.74637,0.37,0.37
2018.02.09 20:59:35.588,0.74626,0.74641,0.37,0.37
2018.02.09 20:59:35.925,0.74627,0.74643,0.37,0.37
2018.02.09 20:59:36.027,0.74627,0.74641,0.37,0.37
2018.02.09 20:59:36.679,0.74628,0.74643,0.37,0.37
2018.02.09 20:59:38.102,0.74628,0.74642,0.37,0.37
2018.02.09 20:59:38.306,0.74625,0.7464,0.37,0.37
2018.02.09 20:59:39.254,0.74625,0.74639,0.37,0.37
2018.02.09 20:59:39.424,0.74627,0.74642,0.37,0.37
2018.02.09 20:59:40.185,0.74628,0.74642,0.37,0.37
2018.02.09 20:59:40.286,0.7463,0.74644,0.37,0.37
2018.02.09 20:59:40.750,0.74633,0.74647,0.37,0.37
2018.02.09 20:59:40.801,0.74632,0.74649,1.12,0.37
2018.02.09 20:59:41.175,0.74634,0.74649,0.37,0.37
2018.02.09 20:59:41.584,0.74636,0.7465,0.37,0.37
2018.02.09 20:59:41.976,0.74636,0.74652,0.37,0.37
2018.02.09 20:59:42.078,0.74638,0.74653,0.37,0.37
2018.02.09 20:59:42.340,0.74635,0.74651,0.37,0.37
2018.02.09 20:59:43.056,0.74635,0.7465,0.37,0.37
2018.02.09 20:59:45.944,0.74636,0.7465,0.37,0.37
2018.02.09 20:59:46.095,0.74637,0.74653,0.37,0.37
2018.02.09 20:59:46.172,0.74639,0.74653,0.37,0.37
2018.02.09 20:59:47.428,0.74638,0.74652,0.37,0.37
2018.02.09 20:59:48.896,0.74637,0.74651,0.37,0.37
2018.02.09 20:59:49.125,0.74635,0.7465,0.37,0.37
2018.02.09 20:59:49.331,0.74637,0.74651,0.37,0.37
2018.02.09 20:59:49.749,0.74637,0.74653,0.37,0.37
2018.02.09 20:59:50.206,0.74639,0.74653,0.37,0.37
2018.02.09 20:59:50.527,0.74642,0.74656,0.37,0.37
2018.02.09 20:59:50.789,0.74639,0.74654,1.12,0.37
2018.02.09 20:59:50.890,0.74637,0.74651,0.37,0.37
2018.02.09 20:59:51.407,0.74637,0.74652,0.37,0.37
2018.02.09 20:59:51.956,0.74637,0.74651,0.37,0.37
2018.02.09 20:59:52.187,0.74637,0.74653,0.37,1.12
2018.02.09 20:59:52.287,0.74637,0.74651,0.37,0.37
2018.02.09 20:59:53.712,0.74637,0.74652,0.37,0.37
2018.02.09 20:59:55.052,0.74637,0.74651,0.37,0.37
2018.02.09 20:59:55.615,0.74637,0.74652,0.37,0.37
2018.02.09 20:59:55.788,0.74635,0.74652,1.12,0.37
2018.02.09 20:59:55.889,0.74636,0.7465,0.37,0.37
2018.02.09 20:59:56.536,0.74635,0.74651,1.12,0.37
2018.02.09 20:59:56.944,0.74631,0.74645,0.37,0.37
2018.02.09 20:59:57.729,0.74629,0.74646,1.12,0.37
2018.02.09 20:59:59.389,0.74635,0.74646,0.75,0.37
2018.02.09 20:59:59.444,0.74637,0.74649,0.37,1.50
2018.02.09 20:59:59.575,0.74637,0.74651,0.37,0.37
