2014.02.21 01:00:04.591,0.79981,0.80014,1.13,2.10
2014.02.21 01:00:05.065,0.79981,0.80014,1.13,2.10
2014.02.21 01:00:11.520,0.79976,0.80008,1.38,1.30
2014.02.21 01:00:12.003,0.79976,0.80004,1.38,1.00
2014.02.21 01:00:20.539,0.79977,0.80006,1.13,1.30
2014.02.21 01:00:25.443,0.79977,0.80008,1.13,1.35
2014.02.21 01:00:27.119,0.79977,0.8001,1.38,1.35
2014.02.21 01:00:28.784,0.79977,0.80008,1.38,1.98
2014.02.21 01:00:30.169,0.79977,0.80008,1.38,1.98
2014.02.21 01:00:32.639,0.79977,0.80008,1.38,1.98
2014.02.21 01:00:35.356,0.79977,0.80005,1.38,2.48
2014.02.21 01:00:35.966,0.79971,0.80005,1.38,2.48
2014.02.21 01:00:36.367,0.79967,0.79998,1.50,2.10
2014.02.21 01:00:36.418,0.79967,0.79998,1.50,2.48
2014.02.21 01:00:37.995,0.79967,0.79998,1.13,1.50
2014.02.21 01:00:43.615,0.79966,0.79999,1.38,1.35
2014.02.21 01:00:43.943,0.79966,0.79999,1.38,1.35
2014.02.21 01:00:46.364,0.79966,0.79996,1.38,2.48
2014.02.21 01:00:46.688,0.79966,0.79996,1.38,2.48
2014.02.21 01:00:49.470,0.79966,0.79996,1.38,2.48
2014.02.21 01:00:49.621,0.79966,0.7999,1.38,2.10
2014.02.21 01:00:50.525,0.79962,0.79998,1.38,3.60
2014.02.21 01:00:50.631,0.79962,0.79998,1.38,3.60
2014.02.21 01:00:50.899,0.79962,0.79998,1.38,3.60
2014.02.21 01:00:51.407,0.79962,0.79995,1.13,1.35
2014.02.21 01:00:58.104,0.79966,0.79995,1.00,1.68
2014.02.21 01:00:58.804,0.79966,0.79995,1.00,1.68
2014.02.21 01:01:00.175,0.79966,0.79995,1.00,1.68
2014.02.21 01:01:00.963,0.79966,0.8,1.00,1.35
2014.02.21 01:01:01.699,0.79966,0.8,1.00,1.35
2014.02.21 01:01:02.378,0.79966,0.8,1.00,1.35
2014.02.21 01:01:03.384,0.79966,0.80002,1.00,1.35
2014.02.21 01:01:06.776,0.79966,0.80002,1.38,1.68
2014.02.21 01:01:06.904,0.79967,0.80002,1.38,1.68
2014.02.21 01:01:11.646,0.79966,0.79999,1.38,1.38
2014.02.21 01:01:18.718,0.79971,0.79999,1.00,1.38
2014.02.21 01:01:23.560,0.79966,0.79999,1.38,1.38
2014.02.21 01:01:37.632,0.79966,0.79999,1.38,2.10
2014.02.21 01:01:56.780,0.79971,0.79999,1.00,2.10
2014.02.21 01:01:56.885,0.79971,0.79999,1.00,2.10
2014.02.21 01:01:58.589,0.79972,0.79999,1.00,1.35
2014.02.21 01:01:58.689,0.79972,0.79997,1.00,1.30
2014.02.21 01:02:00.915,0.79972,0.79999,1.00,1.35
2014.02.21 01:02:00.966,0.79966,0.80002,1.38,1.35
2014.02.21 01:02:05.025,0.79966,0.79999,1.38,2.10
2014.02.21 01:02:07.218,0.79967,0.79993,1.38,1.38
2014.02.21 01:02:07.319,0.79967,0.79998,1.38,1.98
2014.02.21 01:02:07.854,0.79967,0.79995,1.00,1.68
2014.02.21 01:02:08.617,0.79972,0.79995,1.00,1.68
2014.02.21 01:02:09.697,0.79966,0.79995,1.00,1.68
2014.02.21 01:02:16.859,0.79966,0.79995,1.00,1.68
2014.02.21 01:02:20.693,0.79966,0.79995,1.00,1.30
2014.02.21 01:02:21.251,0.79966,0.79995,1.00,1.68
2014.02.21 01:02:22.574,0.79966,0.79999,1.38,1.98
2014.02.21 01:02:22.899,0.79971,0.8,1.00,1.35
2014.02.21 01:02:24.872,0.79971,0.79995,1.00,1.30
2014.02.21 01:02:27.078,0.79967,0.79995,1.38,1.30
2014.02.21 01:02:27.179,0.79967,0.79998,1.38,1.98
2014.02.21 01:02:27.630,0.79972,0.8,1.00,1.35
2014.02.21 01:02:27.732,0.79972,0.8,1.00,1.35
2014.02.21 01:02:32.799,0.79966,0.79999,1.38,1.98
2014.02.21 01:02:32.903,0.79966,0.79999,1.38,1.98
2014.02.21 01:02:44.669,0.79967,0.79998,1.38,1.38
2014.02.21 01:03:03.899,0.79967,0.79998,1.50,1.38
2014.02.21 01:03:04.020,0.79971,0.79999,1.00,1.38
2014.02.21 01:03:08.922,0.79971,0.80004,1.73,1.50
2014.02.21 01:03:09.142,0.79971,0.80004,2.10,1.50
2014.02.21 01:03:09.357,0.79971,0.80004,1.73,1.50
2014.02.21 01:03:09.688,0.79971,0.80004,2.10,1.50
2014.02.21 01:03:14.139,0.79976,0.80008,1.00,1.35
2014.02.21 01:03:14.358,0.79971,0.80004,2.10,1.50
2014.02.21 01:03:14.527,0.79971,0.80004,1.73,1.50
2014.02.21 01:03:15.071,0.79971,0.80004,1.13,2.10
2014.02.21 01:03:17.498,0.79971,0.80004,1.13,2.10
2014.02.21 01:03:17.845,0.79977,0.80007,1.00,1.35
2014.02.21 01:03:17.972,0.79977,0.80007,1.00,1.35
2014.02.21 01:03:20.712,0.79977,0.80004,1.00,1.00
2014.02.21 01:03:23.665,0.79977,0.80008,1.38,1.98
2014.02.21 01:03:32.492,0.79977,0.80008,1.38,1.98
2014.02.21 01:03:32.859,0.79982,0.80008,1.00,1.38
2014.02.21 01:03:33.381,0.79982,0.80008,1.00,1.38
2014.02.21 01:03:34.448,0.79982,0.80013,1.00,1.75
2014.02.21 01:03:35.867,0.79982,0.80013,1.00,1.75
2014.02.21 01:03:36.137,0.79986,0.80015,1.00,1.35
2014.02.21 01:03:36.681,0.79987,0.80011,1.00,1.00
2014.02.21 01:03:39.327,0.79982,0.80013,1.38,1.38
2014.02.21 01:03:39.427,0.79982,0.80013,1.38,1.38
2014.02.21 01:03:43.704,0.79977,0.80008,1.98,1.38
2014.02.21 01:03:53.829,0.79977,0.80008,1.13,1.50
2014.02.21 01:04:02.336,0.79977,0.80008,1.13,1.50
2014.02.21 01:04:11.739,0.79971,0.80009,1.98,1.75
2014.02.21 01:04:12.299,0.79977,0.80011,1.00,1.35
2014.02.21 01:04:14.846,0.79971,0.80009,1.98,1.75
2014.02.21 01:04:15.920,0.79971,0.80009,1.98,1.75
2014.02.21 01:04:16.374,0.79971,0.80006,1.38,1.68
2014.02.21 01:04:18.126,0.79971,0.80006,1.38,1.68
2014.02.21 01:04:18.278,0.79971,0.80003,1.38,2.48
2014.02.21 01:04:18.587,0.79971,0.80003,1.38,2.48
2014.02.21 01:04:18.688,0.79971,0.80003,1.38,2.48
2014.02.21 01:04:19.192,0.79971,0.80004,1.38,1.98
2014.02.21 01:04:24.401,0.79972,0.80004,1.00,1.35
2014.02.21 01:04:31.618,0.79972,0.80004,1.00,1.35
2014.02.21 01:04:31.859,0.79977,0.80003,1.00,1.73
2014.02.21 01:04:32.884,0.79972,0.80004,1.00,1.35
2014.02.21 01:04:39.969,0.79972,0.80006,1.38,1.35
2014.02.21 01:04:53.091,0.79972,0.80008,1.38,1.75
2014.02.21 01:05:17.435,0.79975,0.80014,1.00,1.75
2014.02.21 01:05:25.355,0.79973,0.80014,1.35,1.75
2014.02.21 01:05:25.406,0.79981,0.80014,1.00,1.75
2014.02.21 01:05:26.919,0.79981,0.80014,1.00,1.75
2014.02.21 01:05:46.915,0.79981,0.80014,1.35,1.75
2014.02.21 01:05:52.914,0.79977,0.80013,3.23,1.75
2014.02.21 01:05:53.610,0.79977,0.80012,1.73,1.35
2014.02.21 01:05:55.642,0.79981,0.80012,1.00,1.35
2014.02.21 01:05:56.254,0.79981,0.80012,1.00,1.35
2014.02.21 01:05:56.913,0.79981,0.80012,1.00,1.35
2014.02.21 01:05:58.519,0.79976,0.80014,1.98,2.10
2014.02.21 01:06:01.384,0.79971,0.80009,2.10,1.73
2014.02.21 01:06:07.179,0.79968,0.80013,2.85,1.98
2014.02.21 01:06:07.840,0.79971,0.80009,1.98,1.73
2014.02.21 01:06:12.841,0.79971,0.80007,1.38,1.35
2014.02.21 01:06:19.854,0.79972,0.80007,1.38,1.35
2014.02.21 01:06:45.056,0.79976,0.80009,1.38,1.38
2014.02.21 01:06:46.094,0.79976,0.80009,1.38,1.38
2014.02.21 01:06:46.623,0.79981,0.8001,1.00,1.68
2014.02.21 01:06:59.184,0.79981,0.8001,1.00,1.68
2014.02.21 01:07:15.833,0.79982,0.80008,1.00,1.38
2014.02.21 01:07:16.429,0.79981,0.80014,1.13,2.10
2014.02.21 01:07:20.933,0.79981,0.80014,1.13,2.10
2014.02.21 01:07:22.476,0.79976,0.80009,1.98,1.38
2014.02.21 01:07:31.026,0.79981,0.80014,1.38,1.98
2014.02.21 01:08:31.407,0.79981,0.80014,1.38,1.98
2014.02.21 01:09:00.751,0.79977,0.80008,1.50,1.38
2014.02.21 01:09:01.280,0.79977,0.80008,1.38,1.38
2014.02.21 01:09:01.820,0.79977,0.80008,1.38,1.38
2014.02.21 01:09:04.089,0.79977,0.80008,1.38,1.38
2014.02.21 01:09:10.430,0.79977,0.80008,1.38,1.38
2014.02.21 01:09:10.531,0.79982,0.80008,1.00,1.38
2014.02.21 01:09:10.893,0.79982,0.80008,1.00,1.00
2014.02.21 01:09:17.481,0.79987,0.80013,1.00,1.75
2014.02.21 01:09:19.806,0.79987,0.80011,1.00,1.00
2014.02.21 01:09:20.813,0.79992,0.80018,1.00,1.75
2014.02.21 01:09:21.250,0.79986,0.80014,1.00,1.75
2014.02.21 01:09:23.214,0.79986,0.80014,1.00,1.75
2014.02.21 01:09:23.749,0.79986,0.80014,1.00,1.75
2014.02.21 01:09:23.983,0.79986,0.80011,1.00,1.00
2014.02.21 01:09:24.741,0.79986,0.80014,1.00,1.75
2014.02.21 01:09:33.300,0.79986,0.80014,1.00,1.38
2014.02.21 01:09:33.877,0.79986,0.80014,1.00,1.38
2014.02.21 01:09:34.450,0.79986,0.80014,1.00,1.38
2014.02.21 01:09:40.044,0.79986,0.80014,1.00,1.38
2014.02.21 01:09:40.640,0.79986,0.80012,1.00,1.30
2014.02.21 01:09:40.819,0.79986,0.80014,1.00,1.98
2014.02.21 01:09:42.321,0.79986,0.80014,1.00,1.98
2014.02.21 01:09:46.138,0.79986,0.80014,1.00,1.98
2014.02.21 01:09:46.747,0.79991,0.80017,1.00,2.48
2014.02.21 01:09:55.480,0.79991,0.80017,1.00,2.48
2014.02.21 01:09:55.661,0.79982,0.80013,1.38,1.98
2014.02.21 01:09:55.712,0.79982,0.80013,1.38,1.98
2014.02.21 01:10:03.417,0.79982,0.80013,1.38,1.98
2014.02.21 01:10:09.168,0.79976,0.80009,1.38,1.38
2014.02.21 01:10:14.088,0.79982,0.80013,1.38,1.98
2014.02.21 01:10:18.465,0.79982,0.80013,1.00,1.38
2014.02.21 01:10:32.582,0.79982,0.80013,1.00,1.38
2014.02.21 01:10:34.659,0.79982,0.80013,1.38,1.38
2014.02.21 01:10:40.631,0.79987,0.80013,1.00,1.98
2014.02.21 01:10:40.682,0.79987,0.80013,1.00,1.98
2014.02.21 01:10:41.442,0.79987,0.80013,1.00,1.60
2014.02.21 01:10:42.830,0.79982,0.80013,1.50,1.60
2014.02.21 01:10:43.093,0.79977,0.80008,1.75,1.60
2014.02.21 01:10:44.281,0.79977,0.80008,1.73,1.38
2014.02.21 01:10:44.431,0.79982,0.80013,1.38,1.98
2014.02.21 01:10:46.608,0.79987,0.80013,1.00,1.60
2014.02.21 01:10:50.639,0.79981,0.80014,1.38,1.73
2014.02.21 01:10:50.690,0.79981,0.80014,1.38,1.98
2014.02.21 01:10:50.899,0.79981,0.80011,1.38,1.30
2014.02.21 01:10:57.080,0.79983,0.80014,2.48,1.38
2014.02.21 01:10:57.181,0.79983,0.80014,2.48,1.00
2014.02.21 01:10:57.303,0.79986,0.80019,1.60,1.73
2014.02.21 01:10:58.531,0.79986,0.80019,1.00,1.38
2014.02.21 01:10:58.638,0.79981,0.80019,1.38,1.50
2014.02.21 01:11:01.591,0.79986,0.80022,1.00,1.35
2014.02.21 01:11:05.110,0.79981,0.80019,1.38,1.50
2014.02.21 01:11:05.551,0.79991,0.80019,1.00,1.50
2014.02.21 01:11:07.310,0.79986,0.80019,1.35,1.38
2014.02.21 01:11:07.658,0.79981,0.80019,1.38,1.38
2014.02.21 01:11:08.853,0.79996,0.80021,1.00,1.35
2014.02.21 01:11:09.071,0.79991,0.80019,1.60,1.38
2014.02.21 01:11:09.172,0.79991,0.80019,1.00,1.38
2014.02.21 01:11:09.272,0.79991,0.80019,1.38,1.00
2014.02.21 01:11:09.423,0.79996,0.80024,1.00,1.60
2014.02.21 01:11:11.618,0.79992,0.80023,1.38,1.35
2014.02.21 01:11:15.368,0.79997,0.80023,1.00,1.00
2014.02.21 01:11:21.830,0.79997,0.80027,1.00,1.30
2014.02.21 01:11:24.037,0.79997,0.80028,1.38,1.60
2014.02.21 01:11:31.121,0.79997,0.80028,1.98,1.00
2014.02.21 01:11:31.323,0.80002,0.80033,1.00,1.38
2014.02.21 01:11:31.987,0.80002,0.80033,1.00,1.30
2014.02.21 01:11:39.595,0.80002,0.80033,1.38,1.00
2014.02.21 01:11:40.130,0.79997,0.80028,1.38,1.35
2014.02.21 01:11:43.610,0.79996,0.80024,1.73,1.00
2014.02.21 01:11:47.180,0.79996,0.80024,1.73,1.00
2014.02.21 01:11:47.840,0.79992,0.80023,1.98,1.00
2014.02.21 01:11:48.799,0.79992,0.80023,1.38,1.60
2014.02.21 01:11:48.900,0.79992,0.80018,1.13,1.00
2014.02.21 01:11:53.860,0.7999,0.80018,2.48,1.00
2014.02.21 01:11:53.911,0.79992,0.80023,1.73,1.50
2014.02.21 01:11:56.981,0.79992,0.80018,1.73,1.00
2014.02.21 01:11:57.079,0.79997,0.80023,1.00,1.13
2014.02.21 01:11:57.518,0.79992,0.80023,1.73,1.13
2014.02.21 01:11:58.286,0.79996,0.80024,1.00,1.38
2014.02.21 01:11:59.029,0.79996,0.80024,1.00,1.98
2014.02.21 01:11:59.129,0.79991,0.80019,1.38,1.00
2014.02.21 01:12:07.090,0.79991,0.80023,1.38,1.35
2014.02.21 01:12:07.778,0.79991,0.80023,1.38,1.35
2014.02.21 01:12:08.290,0.79991,0.80019,1.38,1.00
2014.02.21 01:12:11.100,0.79996,0.80022,1.00,1.30
2014.02.21 01:12:18.278,0.79996,0.80024,1.00,1.50
2014.02.21 01:12:19.653,0.79996,0.80024,1.38,1.00
2014.02.21 01:12:24.390,0.79996,0.80024,1.38,1.38
2014.02.21 01:12:24.965,0.79996,0.80024,1.38,1.38
2014.02.21 01:12:26.519,0.79996,0.80024,1.38,1.38
2014.02.21 01:12:27.080,0.79996,0.80024,1.38,1.38
2014.02.21 01:12:27.740,0.79996,0.80024,1.38,1.38
2014.02.21 01:12:28.327,0.79996,0.80024,1.38,1.38
2014.02.21 01:12:30.793,0.79996,0.80024,1.38,1.38
2014.02.21 01:12:31.405,0.79996,0.80024,1.38,1.98
2014.02.21 01:12:31.808,0.79996,0.80024,1.38,1.38
2014.02.21 01:12:33.235,0.79996,0.80024,1.38,1.38
2014.02.21 01:12:33.768,0.79991,0.80019,1.38,1.35
2014.02.21 01:12:33.919,0.79996,0.80024,1.38,1.98
2014.02.21 01:12:34.689,0.79996,0.80022,1.00,1.00
2014.02.21 01:12:46.343,0.80002,0.80028,1.00,2.10
2014.02.21 01:12:46.858,0.80006,0.80029,1.00,1.50
2014.02.21 01:12:47.991,0.80006,0.80034,1.00,2.10
2014.02.21 01:12:48.092,0.80006,0.80034,1.00,1.00
2014.02.21 01:12:50.378,0.80012,0.80037,1.00,1.68
2014.02.21 01:12:50.818,0.80016,0.80041,1.00,1.35
2014.02.21 01:12:51.038,0.80011,0.80039,1.38,1.38
2014.02.21 01:12:51.574,0.80011,0.80039,1.00,1.73
2014.02.21 01:12:55.108,0.80006,0.80039,1.13,1.38
2014.02.21 01:12:56.403,0.80006,0.80039,1.38,1.38
2014.02.21 01:12:56.928,0.80006,0.80039,1.00,1.38
2014.02.21 01:13:02.937,0.80006,0.80039,1.13,1.50
2014.02.21 01:13:06.768,0.80012,0.80038,1.00,1.73
2014.02.21 01:13:10.838,0.80007,0.80041,1.00,1.35
2014.02.21 01:13:11.167,0.80012,0.80043,1.00,1.75
2014.02.21 01:13:11.278,0.80007,0.80033,1.13,1.00
2014.02.21 01:13:11.624,0.80012,0.80037,1.00,1.60
2014.02.21 01:13:14.328,0.80006,0.80039,1.13,2.10
2014.02.21 01:13:14.547,0.80006,0.80034,1.13,1.00
2014.02.21 01:13:14.878,0.80006,0.80037,1.13,2.85
2014.02.21 01:13:14.929,0.80006,0.80038,1.13,1.35
2014.02.21 01:13:15.585,0.80006,0.80038,1.13,1.68
2014.02.21 01:13:16.530,0.80006,0.80037,1.13,2.48
2014.02.21 01:13:17.407,0.80002,0.80033,1.38,1.73
2014.02.21 01:13:17.849,0.79997,0.80028,1.38,1.00
2014.02.21 01:13:17.900,0.79997,0.80028,1.38,1.00
2014.02.21 01:13:23.806,0.80002,0.80031,1.00,1.68
2014.02.21 01:13:24.338,0.80002,0.80033,1.00,1.73
2014.02.21 01:13:24.907,0.80002,0.80033,1.00,2.10
2014.02.21 01:13:28.297,0.80006,0.80033,1.00,1.35
2014.02.21 01:13:29.035,0.80006,0.80031,1.00,1.30
2014.02.21 01:13:33.094,0.80006,0.80034,1.00,2.10
2014.02.21 01:13:33.145,0.80001,0.80034,1.38,2.10
2014.02.21 01:13:33.639,0.80001,0.80034,1.38,2.10
2014.02.21 01:13:35.007,0.80001,0.80034,1.38,2.10
2014.02.21 01:13:50.103,0.80001,0.80034,1.00,1.98
2014.02.21 01:13:50.607,0.80001,0.80033,1.38,1.68
2014.02.21 01:14:01.409,0.79997,0.80028,1.38,1.00
2014.02.21 01:14:02.073,0.80001,0.80033,1.38,1.68
2014.02.21 01:14:07.384,0.79996,0.80029,1.50,1.00
2014.02.21 01:14:07.709,0.79996,0.80029,1.38,1.38
2014.02.21 01:14:08.357,0.79996,0.80024,1.38,1.00
2014.02.21 01:14:08.457,0.79997,0.80028,1.38,1.98
2014.02.21 01:14:18.837,0.79996,0.80024,1.38,1.00
2014.02.21 01:14:19.155,0.79996,0.80024,1.38,1.00
2014.02.21 01:14:22.246,0.79997,0.80028,1.38,1.98
2014.02.21 01:14:34.323,0.79997,0.80026,1.13,1.30
2014.02.21 01:14:41.607,0.79992,0.80023,1.75,1.00
2014.02.21 01:14:49.309,0.79997,0.80026,1.13,1.30
2014.02.21 01:14:56.126,0.79997,0.80028,1.50,1.73
2014.02.21 01:14:56.176,0.80002,0.80028,1.00,1.73
2014.02.21 01:15:11.736,0.80002,0.80028,1.00,1.73
2014.02.21 01:15:19.115,0.79997,0.80027,1.38,1.30
2014.02.21 01:15:19.649,0.79997,0.80027,1.00,1.68
2014.02.21 01:15:56.179,0.79997,0.80027,1.00,1.35
2014.02.21 01:15:57.395,0.79997,0.80027,1.00,1.68
2014.02.21 01:16:06.077,0.79997,0.80028,1.38,1.98
2014.02.21 01:16:25.853,0.7999,0.80027,1.35,1.30
2014.02.21 01:16:25.954,0.7999,0.80029,1.35,1.35
2014.02.21 01:16:38.685,0.7999,0.80029,1.35,1.35
2014.02.21 01:16:52.095,0.7999,0.80029,1.35,1.35
2014.02.21 01:16:52.866,0.7999,0.80031,1.35,1.35
2014.02.21 01:16:57.654,0.79994,0.80031,1.68,1.35
2014.02.21 01:16:58.056,0.79994,0.80031,1.68,1.35
2014.02.21 01:16:58.737,0.79993,0.80031,1.35,1.35
2014.02.21 01:16:59.793,0.79994,0.80031,1.68,1.35
2014.02.21 01:17:06.104,0.80001,0.80029,1.00,1.73
2014.02.21 01:17:06.325,0.80006,0.80031,1.00,1.60
2014.02.21 01:17:06.375,0.80006,0.80031,1.00,1.00
2014.02.21 01:17:07.434,0.80006,0.80039,1.38,3.23
2014.02.21 01:17:07.700,0.80006,0.80038,1.38,1.30
2014.02.21 01:17:08.646,0.80007,0.80033,1.50,1.00
2014.02.21 01:17:10.893,0.80012,0.80038,1.38,1.35
2014.02.21 01:17:12.873,0.80012,0.80036,1.38,1.30
2014.02.21 01:17:13.259,0.80007,0.80033,1.38,1.00
2014.02.21 01:17:16.863,0.80006,0.80039,1.38,1.98
2014.02.21 01:17:23.028,0.80007,0.80038,1.38,1.98
2014.02.21 01:17:27.845,0.80006,0.80034,1.38,1.00
2014.02.21 01:17:27.945,0.80006,0.80039,1.38,1.98
2014.02.21 01:17:28.604,0.80006,0.80034,1.50,1.00
2014.02.21 01:17:38.075,0.80006,0.80034,1.38,1.00
2014.02.21 01:17:42.381,0.80007,0.80038,1.38,1.73
2014.02.21 01:17:42.574,0.80006,0.80034,1.38,1.00
2014.02.21 01:17:43.373,0.80006,0.80034,1.38,1.60
2014.02.21 01:17:43.923,0.80006,0.80034,1.38,1.60
2014.02.21 01:17:45.395,0.80006,0.80034,1.38,1.00
2014.02.21 01:17:46.687,0.80001,0.80029,1.75,1.00
2014.02.21 01:17:46.753,0.80006,0.80034,1.38,1.00
2014.02.21 01:17:47.333,0.80002,0.80033,1.75,1.00
2014.02.21 01:17:47.563,0.79997,0.80028,1.75,1.00
2014.02.21 01:17:48.126,0.79997,0.80028,1.38,1.38
2014.02.21 01:17:48.444,0.79996,0.80024,1.38,1.00
2014.02.21 01:17:48.495,0.79996,0.80024,1.13,1.00
2014.02.21 01:17:55.715,0.79997,0.80028,1.00,1.98
2014.02.21 01:17:56.043,0.80002,0.80026,1.00,1.30
2014.02.21 01:17:56.548,0.80001,0.80026,1.00,1.30
2014.02.21 01:17:56.864,0.80001,0.80029,1.00,2.10
2014.02.21 01:17:57.594,0.80001,0.80029,1.00,2.10
2014.02.21 01:17:58.364,0.80001,0.80029,1.00,2.10
2014.02.21 01:17:58.705,0.80006,0.80029,1.00,1.30
2014.02.21 01:18:00.890,0.80001,0.80029,1.00,1.73
2014.02.21 01:18:01.115,0.79997,0.80028,1.00,1.73
2014.02.21 01:18:05.074,0.79997,0.80028,1.00,1.73
2014.02.21 01:18:05.647,0.79996,0.80029,1.13,1.35
2014.02.21 01:18:07.332,0.79996,0.80029,1.13,1.35
2014.02.21 01:18:08.142,0.80002,0.80029,1.00,1.35
2014.02.21 01:18:08.513,0.79997,0.80028,1.00,1.30
2014.02.21 01:18:12.392,0.79997,0.80029,1.00,1.35
2014.02.21 01:18:14.755,0.79996,0.80029,1.13,2.10
2014.02.21 01:18:15.322,0.79996,0.80029,1.13,1.35
2014.02.21 01:18:18.354,0.79996,0.80028,1.13,1.30
2014.02.21 01:18:18.454,0.79996,0.80029,1.13,2.10
2014.02.21 01:18:18.664,0.79996,0.80029,1.13,1.35
2014.02.21 01:18:19.335,0.79996,0.80031,1.38,1.35
2014.02.21 01:18:19.808,0.79997,0.80028,1.38,1.73
2014.02.21 01:18:21.754,0.79996,0.80029,1.38,1.98
2014.02.21 01:18:21.854,0.79996,0.80029,1.38,1.98
2014.02.21 01:18:34.326,0.79996,0.80024,1.00,1.73
2014.02.21 01:18:40.052,0.80001,0.80028,1.00,1.35
2014.02.21 01:18:40.601,0.79997,0.80023,1.00,1.38
2014.02.21 01:18:49.237,0.79997,0.80023,1.00,1.13
2014.02.21 01:19:01.026,0.79996,0.80023,1.00,1.00
2014.02.21 01:19:01.779,0.79997,0.80023,1.00,1.13
2014.02.21 01:19:07.483,0.79997,0.80023,1.00,1.73
2014.02.21 01:19:14.272,0.79992,0.80024,1.50,1.35
2014.02.21 01:19:14.423,0.79992,0.80022,1.13,1.30
2014.02.21 01:19:14.653,0.79991,0.80023,1.38,1.35
2014.02.21 01:19:14.973,0.79981,0.80023,1.38,1.35
2014.02.21 01:19:15.271,0.79987,0.80023,1.38,2.10
2014.02.21 01:19:19.346,0.79992,0.80023,1.38,1.98
2014.02.21 01:19:21.431,0.79992,0.80023,1.38,1.98
2014.02.21 01:19:25.596,0.79992,0.80023,1.38,1.98
2014.02.21 01:19:26.587,0.79991,0.80024,1.38,1.35
2014.02.21 01:19:29.661,0.79992,0.80024,1.38,1.35
2014.02.21 01:19:49.115,0.79997,0.80024,1.00,1.68
2014.02.21 01:19:49.165,0.79997,0.80024,1.00,1.30
2014.02.21 01:19:51.374,0.79997,0.80028,1.00,1.75
2014.02.21 01:19:51.424,0.80002,0.8003,1.00,1.35
2014.02.21 01:19:51.475,0.80002,0.8003,1.00,1.35
2014.02.21 01:19:51.984,0.80002,0.80028,1.00,1.75
2014.02.21 01:19:55.121,0.79996,0.80029,1.13,1.75
2014.02.21 01:19:57.874,0.79997,0.80023,1.00,1.00
2014.02.21 01:19:58.911,0.79996,0.80029,1.13,1.75
2014.02.21 01:20:05.409,0.79996,0.80029,1.38,1.38
2014.02.21 01:20:08.261,0.80001,0.80029,1.00,1.38
2014.02.21 01:20:08.692,0.80001,0.80028,1.00,2.48
2014.02.21 01:20:11.529,0.79997,0.80023,1.13,1.00
2014.02.21 01:20:12.413,0.79997,0.80028,1.13,2.85
2014.02.21 01:20:12.632,0.80001,0.80028,1.00,2.10
2014.02.21 01:20:25.831,0.79997,0.80028,1.13,2.85
2014.02.21 01:20:26.490,0.79997,0.80023,1.13,1.00
2014.02.21 01:20:29.493,0.79991,0.80024,1.75,1.35
2014.02.21 01:20:33.581,0.79986,0.80024,1.75,1.60
2014.02.21 01:20:35.561,0.79986,0.80022,1.75,1.30
2014.02.21 01:20:43.152,0.79991,0.80019,1.50,1.00
2014.02.21 01:20:43.322,0.79991,0.80022,1.13,1.68
2014.02.21 01:20:43.573,0.79991,0.80017,1.50,2.10
2014.02.21 01:20:43.903,0.79981,0.80014,1.38,1.73
2014.02.21 01:20:44.363,0.79987,0.80022,1.38,1.68
2014.02.21 01:20:44.414,0.79987,0.80022,1.38,1.68
2014.02.21 01:20:44.566,0.79982,0.80008,1.75,1.60
2014.02.21 01:20:50.718,0.79982,0.8001,1.38,2.48
2014.02.21 01:20:56.280,0.79987,0.8001,1.00,2.10
2014.02.21 01:20:56.331,0.79987,0.80013,1.00,1.98
2014.02.21 01:21:00.571,0.79982,0.80013,1.38,1.73
2014.02.21 01:21:00.621,0.79982,0.80013,1.38,1.73
2014.02.21 01:21:06.072,0.79992,0.80014,1.00,2.48
2014.02.21 01:21:06.173,0.79992,0.80012,1.00,1.30
2014.02.21 01:21:31.531,0.79992,0.80018,1.00,1.00
2014.02.21 01:21:31.631,0.79996,0.80021,1.00,1.60
2014.02.21 01:21:35.110,0.79992,0.80023,1.13,3.60
2014.02.21 01:21:35.658,0.79991,0.80019,1.13,1.35
2014.02.21 01:21:41.935,0.79992,0.80019,1.00,1.30
2014.02.21 01:21:43.367,0.79996,0.80019,1.00,1.30
2014.02.21 01:21:44.503,0.79992,0.80018,1.13,1.00
2014.02.21 01:21:49.022,0.79992,0.80018,1.00,1.60
2014.02.21 01:21:49.123,0.79987,0.80018,1.75,1.60
2014.02.21 01:21:49.173,0.79987,0.80018,1.38,1.98
2014.02.21 01:21:49.495,0.79982,0.80013,1.38,1.38
2014.02.21 01:21:50.290,0.79982,0.80013,1.38,1.38
2014.02.21 01:21:51.763,0.79982,0.80013,1.38,1.38
2014.02.21 01:21:59.426,0.79987,0.80016,1.00,1.35
2014.02.21 01:22:00.193,0.79987,0.80016,1.00,1.35
2014.02.21 01:22:06.351,0.79981,0.80014,1.38,1.73
2014.02.21 01:22:06.610,0.79987,0.80016,1.00,1.35
2014.02.21 01:22:28.848,0.79987,0.80018,1.00,1.98
2014.02.21 01:23:06.729,0.79972,0.80019,1.35,1.35
2014.02.21 01:23:11.207,0.79972,0.80019,1.35,1.35
2014.02.21 01:23:26.407,0.79972,0.80013,1.35,2.10
2014.02.21 01:23:38.556,0.79972,0.80013,1.35,2.48
2014.02.21 01:23:42.870,0.79987,0.80013,1.00,3.23
2014.02.21 01:23:54.042,0.79987,0.80013,1.38,2.85
2014.02.21 01:23:56.839,0.79987,0.80015,1.38,2.48
2014.02.21 01:24:09.074,0.79987,0.80011,1.00,1.30
2014.02.21 01:24:09.835,0.79986,0.80014,1.13,1.98
2014.02.21 01:24:18.631,0.79981,0.80007,1.38,2.10
2014.02.21 01:24:18.840,0.79981,0.80014,1.38,3.23
2014.02.21 01:24:19.406,0.79986,0.80014,1.13,2.48
2014.02.21 01:24:20.157,0.79986,0.80014,1.13,2.48
2014.02.21 01:24:28.201,0.79986,0.80014,1.13,2.48
2014.02.21 01:24:44.288,0.79991,0.80014,1.00,2.48
2014.02.21 01:24:44.440,0.79991,0.80014,1.00,2.48
2014.02.21 01:24:44.651,0.79986,0.80014,1.13,2.48
2014.02.21 01:24:47.990,0.79986,0.80014,1.13,2.48
2014.02.21 01:24:48.600,0.79987,0.80011,1.00,1.30
2014.02.21 01:24:50.699,0.79987,0.80013,1.00,1.98
2014.02.21 01:25:12.349,0.79987,0.80013,1.00,1.98
2014.02.21 01:25:12.888,0.79986,0.8001,1.13,1.30
2014.02.21 01:25:13.767,0.79986,0.80014,1.13,1.98
2014.02.21 01:25:17.511,0.79986,0.8001,1.13,1.30
2014.02.21 01:25:20.473,0.79987,0.8001,1.00,1.30
2014.02.21 01:25:21.088,0.79986,0.8001,1.13,1.30
2014.02.21 01:25:25.047,0.79987,0.8001,1.00,1.30
2014.02.21 01:25:45.287,0.79981,0.8001,1.38,1.30
2014.02.21 01:25:45.337,0.79981,0.80013,1.38,2.48
2014.02.21 01:26:11.541,0.79981,0.80012,1.13,1.35
2014.02.21 01:26:25.397,0.79981,0.80012,1.13,2.85
2014.02.21 01:26:26.974,0.79981,0.80012,1.38,2.48
2014.02.21 01:26:27.907,0.79987,0.80012,1.00,2.48
2014.02.21 01:26:28.426,0.79986,0.80012,1.00,2.48
2014.02.21 01:26:46.897,0.79986,0.80009,1.13,1.30
2014.02.21 01:27:10.208,0.79986,0.80013,1.13,2.48
2014.02.21 01:27:19.947,0.79986,0.80017,1.00,1.35
2014.02.21 01:27:24.978,0.79986,0.80017,1.00,1.35
2014.02.21 01:27:40.535,0.79991,0.80018,1.00,1.35
2014.02.21 01:27:40.887,0.79987,0.80022,1.00,1.35
2014.02.21 01:27:41.085,0.79992,0.80018,1.00,1.50
2014.02.21 01:27:49.156,0.79985,0.80019,1.00,1.75
2014.02.21 01:27:49.356,0.79991,0.80019,1.00,1.75
2014.02.21 01:27:49.916,0.79991,0.80019,1.00,1.75
2014.02.21 01:27:52.855,0.79986,0.80019,1.00,1.75
2014.02.21 01:27:57.110,0.79986,0.80019,1.00,1.75
2014.02.21 01:27:58.355,0.79982,0.80013,1.50,1.38
2014.02.21 01:27:58.819,0.79987,0.80013,1.00,1.38
2014.02.21 01:28:05.835,0.79982,0.80013,1.38,1.38
2014.02.21 01:28:06.424,0.79982,0.80013,1.38,1.38
2014.02.21 01:28:06.555,0.79986,0.80014,1.00,1.38
2014.02.21 01:28:07.080,0.79986,0.80014,1.00,1.38
2014.02.21 01:28:11.616,0.79987,0.80018,1.00,1.75
2014.02.21 01:28:13.619,0.79982,0.80013,1.38,1.38
2014.02.21 01:28:14.340,0.79982,0.80013,1.38,1.38
2014.02.21 01:28:14.804,0.79987,0.80013,1.00,1.38
2014.02.21 01:28:21.845,0.79981,0.80014,1.75,1.38
2014.02.21 01:28:22.453,0.79981,0.80014,1.38,1.38
2014.02.21 01:28:25.805,0.79987,0.80013,1.00,1.38
2014.02.21 01:28:26.393,0.79987,0.80013,1.00,1.38
2014.02.21 01:28:31.869,0.79982,0.80013,1.50,1.38
2014.02.21 01:28:43.911,0.79982,0.80011,1.13,1.30
2014.02.21 01:28:50.554,0.79987,0.80011,1.00,1.30
2014.02.21 01:28:57.623,0.79982,0.80013,1.13,2.10
2014.02.21 01:28:58.183,0.79982,0.80013,1.13,2.10
2014.02.21 01:28:58.364,0.79986,0.80013,1.00,1.35
2014.02.21 01:28:59.173,0.79986,0.80013,1.00,1.35
2014.02.21 01:28:59.834,0.79986,0.80014,1.00,2.10
2014.02.21 01:29:06.399,0.79981,0.80013,1.50,1.35
2014.02.21 01:29:06.614,0.79986,0.8001,1.00,1.30
2014.02.21 01:29:08.238,0.79991,0.80014,1.00,1.35
2014.02.21 01:29:08.548,0.79991,0.80012,1.00,2.10
2014.02.21 01:29:10.120,0.79986,0.80012,1.00,2.10
2014.02.21 01:29:13.523,0.79986,0.80013,1.00,1.35
2014.02.21 01:29:13.604,0.79982,0.80013,1.50,2.10
2014.02.21 01:29:15.803,0.79987,0.80013,1.00,2.10
2014.02.21 01:29:16.337,0.79987,0.80012,1.00,1.30
2014.02.21 01:29:21.853,0.79981,0.80013,1.50,1.60
2014.02.21 01:29:22.463,0.79981,0.80013,1.38,1.35
2014.02.21 01:29:23.834,0.79986,0.80013,1.00,1.35
2014.02.21 01:29:24.311,0.79986,0.80013,1.00,1.00
2014.02.21 01:29:25.652,0.79986,0.80014,1.00,1.75
2014.02.21 01:29:26.533,0.79986,0.80014,1.00,1.75
2014.02.21 01:29:30.914,0.79982,0.80011,1.00,1.30
2014.02.21 01:29:31.873,0.79986,0.80011,1.00,1.30
2014.02.21 01:29:38.834,0.79982,0.80011,1.50,1.30
2014.02.21 01:29:39.825,0.79987,0.80011,1.00,1.30
2014.02.21 01:29:41.024,0.79987,0.80013,1.00,3.60
2014.02.21 01:29:46.864,0.79982,0.80013,1.13,2.10
2014.02.21 01:29:47.519,0.79982,0.80011,1.38,1.30
2014.02.21 01:29:47.813,0.79987,0.80011,1.00,1.30
2014.02.21 01:29:54.894,0.79981,0.80014,1.50,2.10
2014.02.21 01:29:55.621,0.79981,0.80014,1.38,2.10
2014.02.21 01:29:55.843,0.79987,0.80013,1.00,1.98
2014.02.21 01:29:56.611,0.79987,0.80011,1.00,1.30
2014.02.21 01:29:58.312,0.79987,0.80012,1.00,2.48
2014.02.21 01:30:03.025,0.79987,0.8001,1.00,2.48
2014.02.21 01:30:03.126,0.79982,0.8001,1.38,2.48
2014.02.21 01:30:10.284,0.79981,0.80007,1.38,2.48
2014.02.21 01:30:10.588,0.79986,0.80007,1.00,2.48
2014.02.21 01:30:10.854,0.79981,0.80007,1.38,2.48
2014.02.21 01:30:12.923,0.79981,0.80011,1.38,2.48
2014.02.21 01:30:14.104,0.79986,0.80011,1.00,2.48
2014.02.21 01:30:15.306,0.79986,0.80011,1.00,2.48
2014.02.21 01:30:15.357,0.79982,0.80011,1.38,2.48
2014.02.21 01:30:18.283,0.79986,0.80011,1.00,2.48
2014.02.21 01:30:25.495,0.79981,0.80007,1.38,1.30
2014.02.21 01:30:29.843,0.79977,0.80008,1.38,1.98
2014.02.21 01:30:30.349,0.79982,0.80011,1.38,2.48
2014.02.21 01:30:36.614,0.79977,0.80008,1.38,1.98
2014.02.21 01:30:38.268,0.79982,0.80007,1.38,1.30
2014.02.21 01:30:38.319,0.79982,0.80007,1.38,2.48
2014.02.21 01:30:41.856,0.79982,0.8001,1.38,2.48
2014.02.21 01:30:42.475,0.79982,0.80008,1.38,1.98
2014.02.21 01:30:46.106,0.79981,0.80009,1.00,2.10
2014.02.21 01:30:46.720,0.79982,0.80007,1.00,2.10
2014.02.21 01:30:48.361,0.79981,0.80007,1.00,2.10
2014.02.21 01:30:50.067,0.79981,0.8001,1.00,1.35
2014.02.21 01:30:51.662,0.79978,0.80008,1.00,1.35
2014.02.21 01:30:51.712,0.79977,0.80008,1.38,1.73
2014.02.21 01:30:53.863,0.79981,0.80009,1.00,2.10
2014.02.21 01:30:54.302,0.79976,0.80009,1.38,2.10
2014.02.21 01:30:54.574,0.79976,0.80005,1.38,2.48
2014.02.21 01:30:55.124,0.79976,0.80002,1.38,2.48
2014.02.21 01:30:55.174,0.79976,0.80006,1.38,2.48
2014.02.21 01:30:55.275,0.79976,0.80006,1.38,2.48
2014.02.21 01:30:56.722,0.79981,0.80006,1.00,2.48
2014.02.21 01:30:58.328,0.79981,0.80008,1.00,1.30
2014.02.21 01:31:01.069,0.79981,0.80009,1.00,1.98
2014.02.21 01:31:01.269,0.79976,0.80011,1.50,2.48
2014.02.21 01:31:01.472,0.79976,0.80007,1.50,1.30
2014.02.21 01:31:03.989,0.79977,0.80008,1.38,1.98
2014.02.21 01:31:04.399,0.79977,0.80006,1.50,2.48
2014.02.21 01:31:04.703,0.79981,0.80006,1.00,2.10
2014.02.21 01:31:09.133,0.79976,0.80006,1.75,1.30
2014.02.21 01:31:09.708,0.79976,0.80009,1.38,1.98
2014.02.21 01:31:12.628,0.79976,0.80006,1.38,2.48
2014.02.21 01:31:12.952,0.79981,0.80006,1.00,2.10
2014.02.21 01:31:17.563,0.79981,0.80009,1.00,2.10
2014.02.21 01:31:17.663,0.79978,0.80008,1.00,1.60
2014.02.21 01:31:25.062,0.79981,0.80009,1.00,1.35
2014.02.21 01:31:25.213,0.79981,0.80009,1.00,1.68
2014.02.21 01:31:31.903,0.79977,0.80006,1.50,1.30
2014.02.21 01:31:35.402,0.79977,0.80008,1.38,1.98
2014.02.21 01:31:35.622,0.79972,0.80003,1.75,1.00
2014.02.21 01:31:38.816,0.79976,0.80009,1.75,3.23
2014.02.21 01:31:39.358,0.79977,0.8001,1.38,1.35
2014.02.21 01:31:39.408,0.79982,0.80009,1.00,1.00
2014.02.21 01:31:40.131,0.79982,0.80008,1.00,1.00
2014.02.21 01:31:40.434,0.79972,0.80002,1.38,1.30
2014.02.21 01:31:41.128,0.79977,0.80007,1.38,2.48
2014.02.21 01:31:45.348,0.79982,0.80008,1.00,1.38
2014.02.21 01:31:45.521,0.79982,0.80008,1.00,1.00
2014.02.21 01:31:45.663,0.79982,0.80008,1.00,1.38
2014.02.21 01:31:46.009,0.79971,0.80004,1.38,1.73
2014.02.21 01:31:46.182,0.79971,0.80004,1.38,1.73
2014.02.21 01:31:46.716,0.79971,0.80004,1.38,1.73
2014.02.21 01:31:51.461,0.79971,0.80004,1.75,1.73
2014.02.21 01:31:52.341,0.79976,0.80004,1.00,1.30
2014.02.21 01:32:00.153,0.79971,0.80007,1.75,1.35
2014.02.21 01:32:09.388,0.79976,0.80007,1.00,1.35
2014.02.21 01:32:12.678,0.79971,0.80004,1.38,1.38
2014.02.21 01:32:14.841,0.79976,0.80004,1.00,1.38
2014.02.21 01:32:15.848,0.79977,0.80003,1.00,1.38
2014.02.21 01:32:17.282,0.79977,0.80003,1.00,1.38
2014.02.21 01:32:17.394,0.79977,0.80003,1.00,1.38
2014.02.21 01:32:19.740,0.79977,0.80003,1.00,1.38
2014.02.21 01:32:22.679,0.79972,0.80003,1.38,1.38
2014.02.21 01:32:25.460,0.79972,0.80003,1.38,1.38
2014.02.21 01:32:27.771,0.79972,0.80003,1.38,1.98
2014.02.21 01:32:28.342,0.79972,0.79998,1.38,1.13
2014.02.21 01:32:30.511,0.79976,0.80004,1.00,1.98
2014.02.21 01:32:31.620,0.79976,0.80001,1.00,1.30
2014.02.21 01:32:32.180,0.79977,0.80001,1.00,1.30
2014.02.21 01:32:37.866,0.79977,0.80007,1.00,1.35
2014.02.21 01:32:37.916,0.79981,0.80007,1.00,1.35
2014.02.21 01:32:38.031,0.79981,0.80007,1.00,1.35
2014.02.21 01:32:38.132,0.79981,0.80007,1.00,1.68
2014.02.21 01:32:46.893,0.79981,0.80012,1.00,1.35
2014.02.21 01:33:00.954,0.79981,0.80009,1.00,1.38
2014.02.21 01:33:01.004,0.79981,0.80009,1.00,1.38
2014.02.21 01:33:02.690,0.79982,0.80012,1.00,1.35
2014.02.21 01:33:02.854,0.79982,0.80012,1.00,1.35
2014.02.21 01:33:03.968,0.79982,0.80012,1.00,1.35
2014.02.21 01:33:11.228,0.79982,0.80012,1.00,1.35
2014.02.21 01:33:11.809,0.79982,0.8001,1.00,1.35
2014.02.21 01:33:17.141,0.79976,0.8001,1.38,1.35
2014.02.21 01:33:17.277,0.79976,0.80007,1.00,1.35
2014.02.21 01:33:17.431,0.79976,0.80007,1.00,1.35
2014.02.21 01:33:17.750,0.79982,0.80005,1.00,1.35
2014.02.21 01:33:19.850,0.79982,0.80005,1.00,1.35
2014.02.21 01:33:20.181,0.79981,0.80008,1.00,1.68
2014.02.21 01:33:32.349,0.79981,0.80008,1.00,1.35
2014.02.21 01:33:50.419,0.79981,0.80008,1.00,1.35
2014.02.21 01:33:50.610,0.79981,0.80008,1.00,1.35
2014.02.21 01:33:50.822,0.79976,0.80004,1.13,1.98
2014.02.21 01:33:50.872,0.79976,0.80002,1.13,2.48
2014.02.21 01:33:54.219,0.79977,0.80002,1.00,2.48
2014.02.21 01:33:58.618,0.79976,0.80002,1.13,2.48
2014.02.21 01:34:21.138,0.79976,0.80002,1.00,2.48
2014.02.21 01:34:40.602,0.79981,0.80002,1.00,2.48
2014.02.21 01:34:40.870,0.79982,0.80004,1.00,1.68
2014.02.21 01:34:41.405,0.79987,0.80016,1.00,1.35
2014.02.21 01:34:41.546,0.79987,0.80016,1.00,1.35
2014.02.21 01:34:42.059,0.79986,0.80013,1.00,1.30
2014.02.21 01:34:42.169,0.79986,0.80014,1.00,2.10
2014.02.21 01:34:49.093,0.79981,0.80014,1.38,2.10
2014.02.21 01:34:49.430,0.79981,0.80014,1.38,2.10
2014.02.21 01:34:50.314,0.79981,0.80013,1.38,2.48
2014.02.21 01:34:50.644,0.79976,0.80011,1.38,2.48
2014.02.21 01:34:50.879,0.79981,0.80012,1.38,2.48
2014.02.21 01:34:56.930,0.79982,0.8001,1.00,1.35
2014.02.21 01:34:59.410,0.79981,0.80007,1.00,1.30
2014.02.21 01:35:03.417,0.79977,0.80008,1.38,1.98
2014.02.21 01:35:06.792,0.79977,0.80007,1.38,2.48
2014.02.21 01:35:07.327,0.79976,0.80004,1.38,1.98
2014.02.21 01:35:11.877,0.79976,0.80003,1.00,1.35
2014.02.21 01:35:12.942,0.79976,0.80001,1.00,1.30
2014.02.21 01:35:15.360,0.79971,0.80003,1.38,1.35
2014.02.21 01:35:16.047,0.79971,0.80003,1.38,1.35
2014.02.21 01:35:20.309,0.79976,0.80003,1.00,1.35
2014.02.21 01:35:36.930,0.79976,0.80004,1.00,3.23
2014.02.21 01:35:39.389,0.79976,0.80002,1.00,2.48
2014.02.21 01:36:13.340,0.79976,0.80001,1.00,2.48
2014.02.21 01:36:20.471,0.79961,0.80001,1.35,2.48
2014.02.21 01:36:35.898,0.79977,0.80001,1.00,2.48
2014.02.21 01:36:47.588,0.79981,0.80001,1.00,2.48
2014.02.21 01:36:47.819,0.79981,0.80003,1.00,1.60
2014.02.21 01:36:50.679,0.79977,0.80004,1.00,2.48
2014.02.21 01:37:02.889,0.79981,0.80004,1.00,2.48
2014.02.21 01:37:03.279,0.79981,0.80002,1.00,1.30
2014.02.21 01:37:03.386,0.79976,0.80002,1.00,1.30
2014.02.21 01:37:03.436,0.79976,0.80006,1.00,2.48
2014.02.21 01:37:25.656,0.79971,0.80008,1.38,1.35
2014.02.21 01:37:29.733,0.79971,0.80006,1.38,1.35
2014.02.21 01:37:52.664,0.79966,0.80004,1.38,1.75
2014.02.21 01:37:55.876,0.79966,0.80001,1.38,2.48
2014.02.21 01:38:11.916,0.79971,0.80003,1.38,1.35
2014.02.21 01:38:12.088,0.79976,0.80003,1.00,1.35
2014.02.21 01:38:13.701,0.79976,0.80003,1.00,1.35
2014.02.21 01:38:17.528,0.79976,0.79991,1.00,2.10
2014.02.21 01:38:17.844,0.79971,0.79991,1.00,2.10
2014.02.21 01:38:17.906,0.79971,0.79994,1.00,2.48
2014.02.21 01:38:18.026,0.79967,0.79994,1.00,2.48
2014.02.21 01:38:18.369,0.79972,0.7999,1.00,1.30
2014.02.21 01:38:18.577,0.79966,0.7999,1.00,1.30
2014.02.21 01:38:18.627,0.79966,0.79994,1.00,2.48
2014.02.21 01:38:18.947,0.79971,0.79993,1.00,2.48
2014.02.21 01:38:19.127,0.79967,0.79993,1.00,2.48
2014.02.21 01:38:19.177,0.79967,0.79988,1.00,2.10
2014.02.21 01:38:19.312,0.79967,0.7999,1.00,1.30
2014.02.21 01:38:19.363,0.79971,0.7999,1.00,1.30
2014.02.21 01:38:19.646,0.79971,0.79996,1.00,1.35
2014.02.21 01:38:19.836,0.79966,0.79996,1.00,1.35
2014.02.21 01:38:20.056,0.79966,0.79992,1.00,2.10
2014.02.21 01:38:21.119,0.79962,0.79992,1.38,2.10
2014.02.21 01:38:32.647,0.79962,0.79992,1.00,2.10
2014.02.21 01:38:41.166,0.79961,0.79992,1.13,2.10
2014.02.21 01:38:51.121,0.79961,0.79988,1.00,2.10
2014.02.21 01:38:54.090,0.79961,0.79989,1.00,2.10
2014.02.21 01:38:54.419,0.79966,0.79989,1.00,2.48
2014.02.21 01:39:04.597,0.79961,0.79985,1.13,1.30
2014.02.21 01:39:15.636,0.79962,0.79988,1.00,1.98
2014.02.21 01:39:30.375,0.79962,0.79986,1.00,2.48
2014.02.21 01:39:37.636,0.79962,0.79989,1.00,2.85
2014.02.21 01:39:37.687,0.79962,0.79985,1.00,1.30
2014.02.21 01:39:41.425,0.79962,0.79989,1.00,2.85
2014.02.21 01:39:41.926,0.79961,0.79989,1.00,3.60
2014.02.21 01:39:46.814,0.79961,0.79985,1.00,1.30
2014.02.21 01:39:47.375,0.79962,0.79985,1.00,1.30
2014.02.21 01:39:50.586,0.79961,0.79985,1.00,1.30
2014.02.21 01:39:50.699,0.79961,0.79986,1.00,2.48
2014.02.21 01:40:07.386,0.79962,0.79986,1.00,2.48
2014.02.21 01:40:21.313,0.79962,0.79983,1.00,1.30
2014.02.21 01:40:25.935,0.79962,0.79987,1.00,2.85
2014.02.21 01:40:35.107,0.79961,0.79987,1.00,2.85
2014.02.21 01:40:36.785,0.79961,0.79987,1.00,2.85
2014.02.21 01:40:43.952,0.79962,0.79987,1.00,2.85
2014.02.21 01:41:12.112,0.79962,0.79986,1.00,1.35
2014.02.21 01:41:44.088,0.79951,0.79988,1.35,2.48
2014.02.21 01:42:01.224,0.79952,0.79988,1.68,2.48
2014.02.21 01:42:07.194,0.79952,0.79988,1.35,2.85
2014.02.21 01:42:14.469,0.79966,0.79988,1.00,2.85
2014.02.21 01:42:16.777,0.79957,0.79988,1.13,3.60
2014.02.21 01:42:16.993,0.79957,0.79983,1.13,2.10
2014.02.21 01:42:18.798,0.79951,0.79979,1.38,1.00
2014.02.21 01:42:22.266,0.79951,0.79979,1.38,1.00
2014.02.21 01:42:23.044,0.79962,0.79983,1.00,2.48
2014.02.21 01:42:23.314,0.79956,0.79983,1.00,2.48
2014.02.21 01:42:33.055,0.79956,0.79979,1.00,2.48
2014.02.21 01:42:34.605,0.79961,0.79979,1.00,2.48
2014.02.21 01:42:39.602,0.79957,0.79979,1.00,2.48
2014.02.21 01:42:42.852,0.79957,0.79979,1.00,2.48
2014.02.21 01:42:42.903,0.79957,0.79973,1.00,2.10
2014.02.21 01:42:43.433,0.79956,0.79973,1.00,2.48
2014.02.21 01:42:45.199,0.79951,0.79973,1.38,2.48
2014.02.21 01:42:51.622,0.79957,0.79973,1.00,2.48
2014.02.21 01:42:57.543,0.79952,0.79973,1.00,2.48
2014.02.21 01:43:03.555,0.79952,0.79978,1.00,1.98
2014.02.21 01:43:05.923,0.79952,0.79973,1.00,1.30
2014.02.21 01:43:07.312,0.79957,0.79973,1.00,1.30
2014.02.21 01:43:12.395,0.79952,0.79973,1.00,1.30
2014.02.21 01:43:13.792,0.79956,0.79973,1.00,1.30
2014.02.21 01:43:16.872,0.79952,0.79973,1.00,1.30
2014.02.21 01:43:28.899,0.79952,0.79978,1.00,1.73
2014.02.21 01:43:29.633,0.79952,0.79978,1.00,1.73
2014.02.21 01:43:30.732,0.79957,0.79981,1.00,1.35
2014.02.21 01:43:32.382,0.79957,0.79981,1.00,1.35
2014.02.21 01:43:32.582,0.79952,0.79978,1.00,1.73
2014.02.21 01:43:47.121,0.79952,0.79978,1.00,1.73
2014.02.21 01:44:10.470,0.79952,0.79978,1.00,1.73
2014.02.21 01:44:25.552,0.79946,0.79974,1.13,1.00
2014.02.21 01:44:25.653,0.79946,0.79974,1.13,1.38
2014.02.21 01:44:27.290,0.79946,0.79974,1.13,1.73
2014.02.21 01:44:27.593,0.79946,0.79974,1.13,1.98
2014.02.21 01:44:27.895,0.79937,0.79968,1.75,1.00
2014.02.21 01:44:28.401,0.79941,0.79971,1.38,1.30
2014.02.21 01:44:31.251,0.79941,0.79974,1.38,1.98
2014.02.21 01:44:38.931,0.79941,0.79972,1.00,1.35
2014.02.21 01:44:53.251,0.79941,0.79972,1.00,1.35
2014.02.21 01:44:53.811,0.79942,0.79972,1.00,1.60
2014.02.21 01:44:57.790,0.79942,0.79974,1.00,1.68
2014.02.21 01:45:00.674,0.79946,0.79974,1.00,1.68
2014.02.21 01:45:06.442,0.79946,0.79974,1.00,1.00
2014.02.21 01:45:09.964,0.79946,0.79977,1.13,1.35
2014.02.21 01:45:20.052,0.79942,0.79973,1.75,1.38
2014.02.21 01:45:20.289,0.79946,0.79977,1.13,1.35
2014.02.21 01:45:42.165,0.79947,0.79973,1.00,1.00
2014.02.21 01:45:55.182,0.79942,0.79978,1.50,2.10
2014.02.21 01:46:03.454,0.79941,0.79974,1.75,1.38
2014.02.21 01:46:03.776,0.79941,0.79974,1.50,1.98
2014.02.21 01:46:04.424,0.79942,0.79968,1.13,1.00
2014.02.21 01:46:05.151,0.79941,0.79974,1.50,1.98
2014.02.21 01:46:05.698,0.79941,0.79974,1.38,1.98
2014.02.21 01:46:05.813,0.79946,0.79974,1.00,1.98
2014.02.21 01:46:05.871,0.79946,0.79974,1.00,1.98
2014.02.21 01:46:06.123,0.79946,0.79974,1.00,1.73
2014.02.21 01:46:06.173,0.79942,0.79968,1.13,1.38
2014.02.21 01:46:06.682,0.79937,0.79973,1.75,1.38
2014.02.21 01:46:07.392,0.79946,0.79979,1.00,1.75
2014.02.21 01:46:07.611,0.79942,0.79973,1.00,1.13
2014.02.21 01:46:07.661,0.79937,0.79973,1.75,1.38
2014.02.21 01:46:08.221,0.79941,0.79969,1.38,1.38
2014.02.21 01:46:08.813,0.79941,0.79969,1.38,1.38
2014.02.21 01:46:10.277,0.79941,0.79969,1.00,1.38
2014.02.21 01:46:11.503,0.79941,0.79974,1.00,1.75
2014.02.21 01:46:11.708,0.79941,0.79974,1.00,1.75
2014.02.21 01:46:15.073,0.79941,0.79977,1.60,1.35
2014.02.21 01:46:16.562,0.79947,0.79973,1.00,1.50
2014.02.21 01:46:17.334,0.79946,0.79977,1.00,1.35
2014.02.21 01:46:18.612,0.79946,0.79972,1.00,1.35
2014.02.21 01:46:19.314,0.79947,0.79972,1.00,1.35
2014.02.21 01:46:21.382,0.79942,0.79968,1.00,1.13
2014.02.21 01:46:23.221,0.79942,0.79968,1.00,1.38
2014.02.21 01:46:25.139,0.79942,0.79972,1.00,1.35
2014.02.21 01:46:27.412,0.79942,0.79972,1.00,1.35
2014.02.21 01:46:28.426,0.79941,0.79972,1.00,1.35
2014.02.21 01:46:29.007,0.79942,0.79972,1.00,1.35
2014.02.21 01:46:31.821,0.79941,0.79972,1.00,1.35
2014.02.21 01:46:32.389,0.79941,0.79972,1.00,1.35
2014.02.21 01:46:33.803,0.79942,0.79972,1.00,1.35
2014.02.21 01:46:36.491,0.79942,0.79972,1.00,1.35
2014.02.21 01:46:38.081,0.79942,0.79973,1.60,1.75
2014.02.21 01:46:38.182,0.79942,0.79977,1.98,1.35
2014.02.21 01:46:38.361,0.79942,0.7997,1.60,1.00
2014.02.21 01:46:38.663,0.79941,0.7997,1.00,1.00
2014.02.21 01:46:40.699,0.79941,0.79972,1.00,1.30
2014.02.21 01:46:41.224,0.79941,0.79979,1.00,1.35
2014.02.21 01:46:55.670,0.79941,0.7998,1.75,1.35
2014.02.21 01:46:56.036,0.79947,0.79983,1.00,1.75
2014.02.21 01:46:57.670,0.79946,0.79984,1.00,1.35
2014.02.21 01:46:58.238,0.79945,0.79983,1.35,1.75
2014.02.21 01:47:11.021,0.79945,0.79983,1.30,1.75
2014.02.21 01:47:22.868,0.79947,0.79978,1.00,1.75
2014.02.21 01:47:23.649,0.79946,0.79984,1.13,2.10
2014.02.21 01:47:26.118,0.79946,0.79975,1.13,1.00
2014.02.21 01:47:57.770,0.79946,0.79975,1.73,1.00
2014.02.21 01:47:58.100,0.79952,0.79983,1.00,1.75
2014.02.21 01:47:58.420,0.79954,0.79989,1.30,1.75
2014.02.21 01:47:58.470,0.79954,0.79989,1.30,1.75
2014.02.21 01:47:58.611,0.79951,0.79989,2.10,1.75
2014.02.21 01:47:59.133,0.79951,0.79984,1.50,1.38
2014.02.21 01:48:00.180,0.79947,0.79983,2.10,1.38
2014.02.21 01:48:09.802,0.79952,0.79983,1.38,1.38
2014.02.21 01:48:10.352,0.79952,0.79983,1.38,1.38
2014.02.21 01:48:11.128,0.79947,0.79983,2.10,1.38
2014.02.21 01:48:12.778,0.79947,0.79983,1.73,1.75
2014.02.21 01:48:12.882,0.79947,0.79978,1.00,1.75
2014.02.21 01:48:13.131,0.79941,0.79974,2.10,1.13
2014.02.21 01:48:13.189,0.79941,0.79974,1.73,1.38
2014.02.21 01:48:14.962,0.79942,0.79978,1.38,1.75
2014.02.21 01:48:15.631,0.79947,0.79978,1.00,1.75
2014.02.21 01:48:18.642,0.79941,0.79979,2.10,1.75
2014.02.21 01:48:18.798,0.79941,0.79979,2.10,1.75
2014.02.21 01:48:28.042,0.79941,0.79979,2.10,1.75
2014.02.21 01:48:28.351,0.79938,0.79973,1.35,1.75
2014.02.21 01:48:28.919,0.79941,0.79977,1.13,1.35
2014.02.21 01:48:45.431,0.79941,0.79979,1.50,1.75
2014.02.21 01:48:45.802,0.79947,0.79978,1.00,1.75
2014.02.21 01:48:50.898,0.79942,0.79988,1.38,1.75
2014.02.21 01:48:58.455,0.79942,0.79988,1.75,1.75
2014.02.21 01:48:59.938,0.79946,0.79984,1.00,1.75
2014.02.21 01:49:00.218,0.79944,0.79984,1.00,1.75
2014.02.21 01:49:00.319,0.79941,0.79984,2.10,1.75
2014.02.21 01:49:00.469,0.79946,0.79979,1.00,1.75
2014.02.21 01:49:00.520,0.79946,0.79979,1.00,1.75
2014.02.21 01:49:00.570,0.79944,0.79978,1.30,1.75
2014.02.21 01:49:04.899,0.79944,0.79981,1.30,1.35
2014.02.21 01:49:05.889,0.79941,0.7998,1.50,1.35
2014.02.21 01:49:06.040,0.79941,0.79979,1.75,1.75
2014.02.21 01:49:06.140,0.79944,0.79976,1.00,1.00
2014.02.21 01:49:08.909,0.79946,0.79976,1.00,1.00
2014.02.21 01:49:09.672,0.79946,0.79976,1.38,1.00
2014.02.21 01:49:10.399,0.79946,0.79987,1.13,1.35
2014.02.21 01:49:12.598,0.79947,0.79983,1.00,1.75
2014.02.21 01:49:13.191,0.79947,0.79983,1.38,1.75
2014.02.21 01:49:13.852,0.79947,0.79983,1.75,1.75
2014.02.21 01:49:17.424,0.79947,0.79983,1.38,1.75
2014.02.21 01:49:20.835,0.79947,0.79983,3.23,1.75
2014.02.21 01:49:21.447,0.79951,0.79984,1.35,1.75
2014.02.21 01:49:25.368,0.79952,0.79983,1.00,1.75
2014.02.21 01:49:25.899,0.79947,0.79979,2.48,1.38
2014.02.21 01:49:26.779,0.79949,0.79979,1.30,1.38
2014.02.21 01:49:27.754,0.79949,0.79979,1.30,1.38
2014.02.21 01:49:28.376,0.79949,0.79979,1.30,1.38
2014.02.21 01:49:29.419,0.79949,0.79984,1.35,1.75
2014.02.21 01:49:30.566,0.79952,0.79983,1.00,1.75
2014.02.21 01:49:30.616,0.79952,0.79983,1.00,1.75
2014.02.21 01:49:30.860,0.79957,0.79983,1.00,1.75
2014.02.21 01:49:35.438,0.79957,0.79983,1.00,1.75
2014.02.21 01:49:37.144,0.79947,0.79983,1.75,1.75
2014.02.21 01:49:37.639,0.79947,0.79978,1.38,1.73
2014.02.21 01:49:38.366,0.79947,0.79978,1.38,1.73
2014.02.21 01:49:39.074,0.79947,0.79978,1.38,1.73
2014.02.21 01:49:39.361,0.79947,0.79978,1.38,1.73
2014.02.21 01:49:39.687,0.79947,0.79978,1.38,1.73
2014.02.21 01:49:44.073,0.79947,0.79978,1.00,2.10
2014.02.21 01:49:45.189,0.79947,0.79978,1.00,2.10
2014.02.21 01:49:45.348,0.79947,0.79978,1.60,1.75
2014.02.21 01:49:45.660,0.79952,0.79978,1.00,1.75
2014.02.21 01:49:45.880,0.79952,0.79978,1.00,1.75
2014.02.21 01:49:47.282,0.79952,0.79977,1.00,1.00
2014.02.21 01:49:48.236,0.79946,0.79977,2.10,1.00
2014.02.21 01:49:54.438,0.79947,0.79983,1.60,2.10
2014.02.21 01:49:54.655,0.79947,0.79981,1.00,1.35
2014.02.21 01:49:56.850,0.79947,0.79981,1.00,1.35
2014.02.21 01:49:57.629,0.79944,0.79973,1.68,1.00
2014.02.21 01:49:59.260,0.79944,0.79973,1.30,1.00
2014.02.21 01:50:10.538,0.79947,0.79973,1.00,1.00
2014.02.21 01:50:16.158,0.79947,0.79979,1.00,1.35
2014.02.21 01:50:16.309,0.79947,0.79983,1.38,2.10
2014.02.21 01:50:19.390,0.79946,0.79983,1.73,1.35
2014.02.21 01:50:29.454,0.79947,0.79979,1.50,1.00
2014.02.21 01:50:31.663,0.79949,0.79983,2.48,1.75
2014.02.21 01:50:32.452,0.79949,0.79983,2.10,1.75
2014.02.21 01:50:59.956,0.79952,0.79983,1.73,1.13
2014.02.21 01:51:00.058,0.79952,0.79978,1.73,1.00
2014.02.21 01:51:02.262,0.79953,0.79978,2.10,1.00
2014.02.21 01:51:05.228,0.79953,0.79983,2.10,1.13
2014.02.21 01:51:09.258,0.79953,0.79979,2.10,1.00
2014.02.21 01:51:09.487,0.79953,0.79984,2.10,1.50
2014.02.21 01:51:14.985,0.79956,0.79979,1.30,1.00
2014.02.21 01:51:45.159,0.79951,0.79984,1.75,1.13
2014.02.21 01:51:46.886,0.79952,0.79988,1.35,1.38
2014.02.21 01:51:49.401,0.79952,0.79991,1.35,1.35
2014.02.21 01:51:50.011,0.79952,0.79989,1.35,1.38
2014.02.21 01:51:54.377,0.79952,0.79988,2.10,1.38
2014.02.21 01:52:05.059,0.79952,0.79994,1.35,2.10
2014.02.21 01:52:17.480,0.79952,0.79994,1.35,2.10
2014.02.21 01:52:30.347,0.79951,0.79989,2.10,1.75
2014.02.21 01:52:30.678,0.79951,0.79989,2.10,1.75
2014.02.21 01:52:32.239,0.79951,0.7998,1.13,1.00
2014.02.21 01:53:11.215,0.7995,0.79988,1.30,1.35
2014.02.21 01:53:23.566,0.7995,0.79988,1.30,2.10
2014.02.21 01:53:44.114,0.79949,0.79983,1.00,1.35
2014.02.21 01:53:44.775,0.79949,0.79983,1.00,2.10
2014.02.21 01:53:47.747,0.79944,0.79983,1.35,2.10
2014.02.21 01:53:48.048,0.79946,0.79974,1.38,1.00
2014.02.21 01:53:48.684,0.79946,0.79974,1.38,1.00
2014.02.21 01:54:03.111,0.79946,0.79974,1.00,1.00
2014.02.21 01:54:18.844,0.79944,0.79977,1.00,1.35
2014.02.21 01:54:18.995,0.79941,0.79976,1.75,1.30
2014.02.21 01:54:19.510,0.79941,0.79977,1.75,1.60
2014.02.21 01:54:23.574,0.79947,0.79977,1.00,1.60
2014.02.21 01:54:24.896,0.79941,0.79977,1.75,1.60
2014.02.21 01:54:26.106,0.79946,0.79977,1.00,1.60
2014.02.21 01:54:26.586,0.79947,0.7998,1.38,1.35
2014.02.21 01:54:26.986,0.79947,0.79983,1.38,2.10
2014.02.21 01:54:27.426,0.79947,0.79983,1.38,2.10
2014.02.21 01:54:28.135,0.79944,0.79983,1.35,1.35
2014.02.21 01:54:30.944,0.79946,0.79983,1.73,1.35
2014.02.21 01:54:33.943,0.79946,0.79983,2.10,1.35
2014.02.21 01:55:36.781,0.79947,0.79984,1.50,1.35
2014.02.21 01:55:50.526,0.79947,0.79984,1.50,1.35
2014.02.21 01:55:54.514,0.79952,0.79984,1.00,1.35
2014.02.21 01:56:00.204,0.79948,0.79984,1.00,1.35
2014.02.21 01:56:04.939,0.79946,0.7998,1.75,1.00
2014.02.21 01:56:14.033,0.79946,0.7998,1.75,1.00
2014.02.21 01:56:14.612,0.79956,0.79984,1.00,1.35
2014.02.21 01:56:16.813,0.79951,0.79984,1.00,1.35
2014.02.21 01:56:20.658,0.79951,0.79984,1.38,1.35
2014.02.21 01:56:28.663,0.79951,0.79984,1.38,1.35
2014.02.21 01:56:35.812,0.79946,0.79983,1.75,1.35
2014.02.21 01:56:43.543,0.79947,0.79978,1.50,1.00
2014.02.21 01:56:51.549,0.79948,0.79979,1.00,1.00
2014.02.21 01:56:57.783,0.79956,0.79979,1.00,1.00
2014.02.21 01:57:06.097,0.79956,0.79984,1.00,1.98
2014.02.21 01:57:21.363,0.79951,0.79984,1.38,1.98
2014.02.21 01:57:22.342,0.79946,0.79984,1.75,1.98
2014.02.21 01:57:24.543,0.79946,0.79984,1.75,1.98
2014.02.21 01:57:25.007,0.79947,0.79983,1.38,1.98
2014.02.21 01:57:25.232,0.79947,0.79983,1.50,1.98
2014.02.21 01:57:33.232,0.79952,0.79983,1.38,1.98
2014.02.21 01:57:33.744,0.79952,0.79982,1.38,2.48
2014.02.21 01:57:35.702,0.79952,0.79978,1.38,1.98
2014.02.21 01:57:36.250,0.79952,0.79976,1.00,1.68
2014.02.21 01:57:37.904,0.79952,0.79976,1.00,1.35
2014.02.21 01:57:44.284,0.79951,0.79976,1.00,1.00
2014.02.21 01:57:49.552,0.79952,0.79981,1.00,1.35
2014.02.21 01:57:51.331,0.79952,0.79983,1.13,2.10
2014.02.21 01:57:52.341,0.79952,0.79983,1.13,2.10
2014.02.21 01:57:57.952,0.79952,0.79983,1.13,2.10
2014.02.21 01:57:58.942,0.79952,0.79983,1.13,2.10
2014.02.21 01:57:59.523,0.79952,0.79983,1.13,2.10
2014.02.21 01:57:59.624,0.79952,0.79983,1.13,2.10
2014.02.21 01:58:03.158,0.79952,0.79983,1.50,2.10
2014.02.21 01:58:07.868,0.79952,0.79983,1.13,2.10
2014.02.21 01:58:08.418,0.79952,0.79983,1.13,2.10
2014.02.21 01:58:09.738,0.79952,0.79983,1.13,2.10
2014.02.21 01:58:10.949,0.79952,0.79983,1.13,2.10
2014.02.21 01:58:14.605,0.79952,0.79983,1.13,1.50
2014.02.21 01:58:15.568,0.79952,0.79983,1.13,1.50
2014.02.21 01:58:20.763,0.79952,0.79983,1.13,1.50
2014.02.21 01:58:25.521,0.79952,0.79983,1.13,1.50
2014.02.21 01:58:26.658,0.79952,0.79983,1.13,1.50
2014.02.21 01:58:28.082,0.79952,0.79983,1.13,1.50
2014.02.21 01:58:32.571,0.79951,0.79979,1.38,1.13
2014.02.21 01:58:33.442,0.79946,0.79979,1.50,1.38
2014.02.21 01:58:34.198,0.79946,0.79979,1.38,1.38
2014.02.21 01:58:36.923,0.79951,0.79979,1.13,1.38
2014.02.21 01:58:44.198,0.79952,0.79978,1.00,1.38
2014.02.21 01:58:44.827,0.79951,0.79982,1.13,1.68
2014.02.21 01:58:45.518,0.79952,0.79978,1.00,1.38
2014.02.21 01:58:46.147,0.79952,0.79978,1.00,1.38
2014.02.21 01:58:50.138,0.79951,0.79982,1.13,1.68
2014.02.21 01:58:50.825,0.79951,0.79982,1.13,1.68
2014.02.21 01:58:51.348,0.79952,0.79978,1.00,1.38
2014.02.21 01:58:52.145,0.79952,0.79978,1.00,1.38
2014.02.21 01:58:55.301,0.79946,0.79979,1.38,1.38
2014.02.21 01:58:55.821,0.79952,0.79978,1.00,1.38
2014.02.21 01:58:56.628,0.79947,0.79978,1.38,1.38
2014.02.21 01:59:06.740,0.79952,0.79978,1.00,1.38
2014.02.21 01:59:07.730,0.79947,0.79978,1.50,1.38
2014.02.21 01:59:09.701,0.79947,0.79978,1.75,1.00
2014.02.21 01:59:09.827,0.79951,0.79984,1.13,1.75
2014.02.21 01:59:09.928,0.79951,0.79984,1.50,1.38
2014.02.21 01:59:10.143,0.79951,0.79984,1.13,1.38
2014.02.21 01:59:11.071,0.79952,0.79978,1.00,1.00
2014.02.21 01:59:11.392,0.79956,0.79984,1.00,1.38
2014.02.21 01:59:13.931,0.79951,0.79984,1.13,1.38
2014.02.21 01:59:30.613,0.79952,0.79988,1.00,1.73
2014.02.21 01:59:32.040,0.79951,0.79984,1.13,1.38
2014.02.21 01:59:35.770,0.79951,0.79984,1.13,1.98
2014.02.21 01:59:36.178,0.79952,0.79978,1.00,1.00
2014.02.21 01:59:41.131,0.79951,0.79979,1.13,1.00
2014.02.21 01:59:41.834,0.79951,0.79984,1.50,1.98
2014.02.21 01:59:46.837,0.79956,0.79986,1.00,2.85
2014.02.21 01:59:46.888,0.79956,0.79987,1.13,1.35
2014.02.21 01:59:51.162,0.79956,0.79989,1.38,2.10
2014.02.21 01:59:52.316,0.79956,0.79989,1.75,2.10
2014.02.21 01:59:59.452,0.79961,0.79989,1.00,1.73
2014.02.21 01:59:59.563,0.79957,0.79988,1.50,1.35
